2.099564632047019319e-01 1.615493677965874064e-01 1.832417971969258763e-01 1.915260049703543521e-01 3.325236072725663156e-02
2.152154168092065833e-01 1.603015227304568358e-01 2.048512065965255868e-01 2.155930115168724071e-01 3.192395292292195264e-02
3.124011334053100053e-01 1.392992457851043031e-01 5.504900401263290721e-01 6.324700963743665749e-01 7.894768682694560530e-03
3.211544149370296197e-01 1.381903961299108252e-01 5.719108228709676167e-01 6.614678876309707523e-01 7.124201142570507628e-03
3.350425500587064787e-01 1.435756955160241433e-01 6.272551705736580940e-01 6.388022428274399145e-01 3.873595760462955617e-02
3.674354090430866915e-01 1.578964172277990685e-01 8.057603438642848559e-01 5.773529379200510459e-01 1.138489024299363106e-01
3.640622833072879594e-01 1.581783438118635199e-01 8.233949740527763961e-01 5.799682855269810977e-01 1.097585795372565259e-01
3.452525186955439085e-01 1.581106673164968113e-01 8.388585207779434283e-01 6.181344400970456565e-01 1.192995997687955889e-01
1.932475396573290760e-01 1.587715308819909465e-01 9.683187232527534771e-01 8.834258736106498366e-01 1.983374698331782926e-01
1.828650374087812114e-01 1.588688134930336671e-01 9.779602998469343333e-01 8.973967781512887099e-01 2.011059419791963454e-01
