2.172042855160479513e-01 1.629009742174301056e-01 2.110739772059572750e-01 1.790478570920222556e-01 4.739320308316544855e-02
2.234772598881848982e-01 1.575404278804542757e-01 2.858894374834707874e-01 2.491771457913889154e-01 4.009011212713768646e-02
2.644312087543485013e-01 1.396496324682781620e-01 5.368637988363145208e-01 5.258497673366564484e-01 1.367786430737046380e-02
3.176403358145841738e-01 1.420726798177946726e-01 5.816216758860534020e-01 6.222279140474692438e-01 3.587258011901695021e-02
3.661648994632268339e-01 1.554057758080059359e-01 6.618562664206069091e-01 6.048254728020220350e-01 1.290180082804879003e-01
3.797606394315780620e-01 1.599495243549921009e-01 7.658996217409079765e-01 5.798304756560900275e-01 1.450476968573835568e-01
3.672152632442337583e-01 1.585131873760132759e-01 7.972909022730537698e-01 6.246830127912544883e-01 1.282404172221355554e-01
3.533986999427897180e-01 1.582282978876909940e-01 7.824297295134149399e-01 7.316466849970468811e-01 1.462415382789862273e-01
2.576809726883571572e-01 1.574607151905945135e-01 8.800000009235393605e-01 8.691028540272023317e-01 1.963745159393347206e-01
2.157032402372402735e-01 1.573682312484915025e-01 9.330071289512316124e-01 9.005119154808626236e-01 2.116256473027938734e-01
