2.537544286878783417e-01 1.626996856025877680e-01 2.861146920530366899e-01 2.267369733300026724e-01 7.826016023039471248e-02
2.604030794675144533e-01 1.477462265478432235e-01 4.820575012064532427e-01 4.114611785176046643e-01 5.089532576392252761e-02
2.469120795484494035e-01 1.399296799154415016e-01 5.436504806598736472e-01 4.801626561446292740e-01 2.490280436635073855e-02
3.128076975609495047e-01 1.504832454114750362e-01 6.046262835326086105e-01 5.384412124257140775e-01 1.090307400103807389e-01
3.847264839709658157e-01 1.634084156757605044e-01 6.713518486645384531e-01 5.896467555081325029e-01 1.949597191444615296e-01
3.881945196864541869e-01 1.628453711801546300e-01 7.009574535017986108e-01 6.154462105156115470e-01 1.917832826109251709e-01
3.725664763454013539e-01 1.592038816018615521e-01 7.443124517226495929e-01 7.649359855874555691e-01 1.783864309681278404e-01
3.605667771231880758e-01 1.582480070555152829e-01 7.460385628976249350e-01 8.051062300385883885e-01 1.666109944770861606e-01
3.585213505103214127e-01 1.551179252848385870e-01 7.411471207098904168e-01 8.499656590705680914e-01 1.992687449572811409e-01
3.539595719830847531e-01 1.503562160516356550e-01 7.420959103825682801e-01 9.186338866160698169e-01 2.478912114234267106e-01
