5.439816529453118665e-01 1.626058335899468188e-01 6.623945772636096185e-01 5.689455063349676545e-01 3.094955189239830817e-01
4.353828980463216869e-01 1.568122165773749854e-01 6.344160238444769284e-01 5.295705048468223319e-01 2.198776251676912985e-01
3.114514866348112587e-01 1.439914455479938404e-01 6.025357967479568755e-01 5.103210322408288091e-01 1.755275280170250363e-01
3.731471350695635403e-01 1.491513132049837043e-01 6.766655721419809755e-01 5.649078879512510198e-01 3.547054366150936278e-01
3.962155236157356430e-01 1.599127741148272386e-01 6.896122287759375302e-01 5.923763309592920967e-01 2.899787071552952789e-01
4.477761661183721209e-01 1.661135401653225652e-01 7.899263818451688346e-01 6.896909835137142730e-01 3.279726926777919993e-01
4.646188244481930241e-01 1.661192278782341047e-01 8.447352364602037644e-01 7.656362527527729167e-01 3.619861192975896702e-01
4.076466975516403468e-01 1.608311273939967145e-01 7.816086634669441313e-01 8.001669771525133923e-01 2.600790358672173674e-01
4.042633617616273600e-01 1.526055891568856293e-01 7.059233856131635898e-01 8.707737586935249130e-01 2.459934427473734198e-01
4.299007587901028660e-01 1.494563864449971191e-01 6.928487383405572686e-01 9.025587944955651976e-01 2.562266266881014221e-01
