5.655161770609250516e-01 1.623926021023963939e-01 6.761797438892200862e-01 5.875212773751067319e-01 3.292177318106303541e-01
5.261381537244326223e-01 1.566592616235095159e-01 6.806675481315289655e-01 5.785566667872030777e-01 3.807694159938144751e-01
4.370371612315871457e-01 1.422164545874634867e-01 7.071057923367144449e-01 5.785538822125317893e-01 5.489089672883543658e-01
4.243264979227722722e-01 1.461908008889785116e-01 7.278853261926715446e-01 5.886136088213211881e-01 5.506006812103391157e-01
4.290004251869805607e-01 1.507827999665834195e-01 7.475748309628383881e-01 6.057688895256467809e-01 5.339299299162928447e-01
5.018274295820215336e-01 1.684750270884578516e-01 8.861090038172617644e-01 7.493807398658074437e-01 4.508665580721781252e-01
5.047073573509964772e-01 1.688676861719959621e-01 8.932042503936170608e-01 7.585307906211181672e-01 4.460764032727194128e-01
4.915742921317840519e-01 1.667638387002972067e-01 8.603764733318655100e-01 7.782451113629573758e-01 4.241582444524412687e-01
4.517481706142665310e-01 1.522575590156451941e-01 7.008134453518012341e-01 8.848603717418933590e-01 2.946771565501055679e-01
4.554539475582611296e-01 1.492240512220341375e-01 6.848632741551746728e-01 8.982202453733542091e-01 2.586033454606673776e-01
