5.636548954059578120e-01 1.620728461585229374e-01 6.817614431787203388e-01 5.926499845212458428e-01 3.611497488268201606e-01
4.846047694649903703e-01 1.445832934657896029e-01 6.937623310833640478e-01 5.824341634499717868e-01 5.228714370559588431e-01
4.474441499780236198e-01 1.375967995653166742e-01 7.049351877563346802e-01 5.806033536450156962e-01 5.974735748167692151e-01
4.546739379740934450e-01 1.463972896306678650e-01 7.495086906519738967e-01 6.058565028477158609e-01 6.085089071947339390e-01
5.099728942140215882e-01 1.681823231946724950e-01 8.761273457899431127e-01 6.896521281258236602e-01 6.898728906120473736e-01
5.015540204271058400e-01 1.678975128736446554e-01 9.261834180521690829e-01 7.701271185537781339e-01 5.980756475399835459e-01
4.855856934929290158e-01 1.641789647418248621e-01 9.281255080001546975e-01 7.905378614718358010e-01 5.570703622676510536e-01
4.971878814745089303e-01 1.630235833887932750e-01 8.895987618888975268e-01 8.075515255804118775e-01 5.498993936696831009e-01
5.028669240350401859e-01 1.584415613281298374e-01 7.999633115417991158e-01 8.499957835948162010e-01 4.943102981394460471e-01
4.764948526613281277e-01 1.527936413871039678e-01 7.333661877308353949e-01 8.816898479880794781e-01 3.561999614898210820e-01
