5.337414099562500791e-01 1.664855307711749222e-01 7.447528733923073352e-01 5.841762645812379473e-01 5.949021115229458090e-01
4.942927062925792092e-01 1.537028527619172247e-01 7.292222171377402695e-01 5.778644121718802262e-01 6.029121281001820210e-01
4.547123323185424115e-01 1.411408214420826757e-01 7.283781195223346661e-01 5.822573388550303930e-01 6.234312608487073692e-01
5.145258018800311639e-01 1.626401265038306398e-01 8.830524963885447720e-01 6.825134258488315675e-01 7.203137756255354462e-01
5.382235474440306700e-01 1.715777508268271634e-01 9.473485454911448889e-01 7.265091839711786958e-01 7.586080786592451775e-01
5.036354745997393412e-01 1.663255334727306578e-01 9.519626817206577885e-01 7.727721073665347884e-01 6.957265574836242195e-01
4.712263152372882513e-01 1.606699925876552415e-01 9.528830751484170802e-01 8.138635264301904426e-01 6.363417163841065260e-01
4.932796934630549468e-01 1.603682650895819073e-01 9.138921243338902212e-01 8.280291847021068463e-01 6.125117894920758532e-01
5.203242885934401540e-01 1.600147340468744683e-01 8.607465953633162137e-01 8.514347480875801288e-01 5.838998449081300723e-01
5.263938611379244126e-01 1.596242962908243634e-01 8.485184723154921560e-01 8.849800872416513364e-01 5.775345338437960496e-01
