5.268634994087755263e-01 1.662528299498799156e-01 7.561033385752535807e-01 5.637822311510861661e-01 6.185829649927464535e-01
4.959842630931388663e-01 1.703038021516704303e-01 7.919692455849343116e-01 5.238052455831999632e-01 6.692609087028739134e-01
4.148678959762281404e-01 1.805226865856610907e-01 9.000561059763946270e-01 4.260409526765035482e-01 8.139347312633238296e-01
5.007105038536331376e-01 1.678826902393209808e-01 9.508970311967145372e-01 6.469479834808934404e-01 7.834669054677675382e-01
5.268212459845581508e-01 1.632051021539814017e-01 9.655707538905096143e-01 7.215168229829777014e-01 7.694832127000019728e-01
5.152788394358880364e-01 1.627347706887941614e-01 9.620895105804364578e-01 7.494305150822938577e-01 7.381236138891283938e-01
4.973794556860551275e-01 1.620753686621627943e-01 9.513272766994927965e-01 8.296161059304815177e-01 6.450747463991676200e-01
5.515056398172550889e-01 1.647216537951688986e-01 9.220509447111190360e-01 8.738187774065668822e-01 6.249912490078965988e-01
5.401030266044942740e-01 1.616926485094661858e-01 8.661797170511931210e-01 8.898022252066243309e-01 5.939250019529985769e-01
5.385210037468424193e-01 1.603757882795728840e-01 8.448212179102373431e-01 9.223329949576081210e-01 5.891190927454791337e-01
