5.386109437813819678e-01 1.747054480671168530e-01 8.160515766576851293e-01 4.475775287323249252e-01 6.725065174286122271e-01
4.574486936713059171e-01 1.807057601618529408e-01 8.727945902045531890e-01 4.127583973701680065e-01 7.690684076208412767e-01
4.098102512702753164e-01 1.850200302045874323e-01 9.187483452901532566e-01 3.897593870464865495e-01 8.430599804581784262e-01
4.653524221001844041e-01 1.805799039605812117e-01 9.460709722623522611e-01 4.574200437946080999e-01 8.481622528759734658e-01
5.316253113255281493e-01 1.646620275771779884e-01 9.605907542042094738e-01 6.792187591968538163e-01 8.118895195242078477e-01
5.645676809122173179e-01 1.610540344032639903e-01 9.300412238795980890e-01 7.751615089407595249e-01 8.355917001852197767e-01
6.061152427414481236e-01 1.713181338539502829e-01 9.278385111563607346e-01 8.786095426911584294e-01 7.051338527358000929e-01
6.211095725259544453e-01 1.766984508725672753e-01 9.324715243732265568e-01 9.128119782814477778e-01 6.389306088804679318e-01
5.997819260641107375e-01 1.820979162657369033e-01 9.104104493496889550e-01 8.820818061172516211e-01 6.065597689171389195e-01
5.776589893080079641e-01 1.735878488683446630e-01 8.673974108893888202e-01 8.614964009134267187e-01 5.847851662194150091e-01
