5.610927766882141121e-01 1.856303006098840858e-01 8.908644761642180443e-01 2.972290407172243909e-01 7.360904093393619840e-01
5.127318638968602071e-01 1.855358723555070033e-01 8.998529519354047101e-01 3.251871006183845725e-01 7.704416191133609537e-01
4.516232066982451832e-01 1.860016412329811575e-01 9.382400449910567319e-01 3.842756683504486848e-01 8.639825597742814001e-01
5.120160106817992496e-01 1.863222848726372727e-01 9.678208872610873925e-01 3.963384745047283664e-01 8.977271418343628628e-01
5.592963843637563937e-01 1.716405923496389929e-01 9.400891658784017446e-01 6.227034274097282829e-01 8.878737174340582960e-01
5.831212878551836898e-01 1.613196405071963269e-01 9.104934474403677536e-01 7.919608272977871621e-01 8.734092203104587560e-01
6.044054335769497577e-01 1.746555601773351896e-01 9.164481952222811589e-01 8.468212184667139875e-01 7.586984825586435832e-01
6.186279518036212899e-01 1.906578923165068717e-01 9.260278131700260262e-01 8.859102839941377372e-01 6.341724734665689089e-01
6.075016344698224158e-01 1.971515709168707720e-01 9.184591610411050322e-01 8.447292214495124574e-01 5.943004573818398972e-01
6.125734594055501914e-01 1.871662380650317703e-01 8.866739690525490269e-01 7.950862030794998425e-01 5.808603911679064424e-01
