4.600456902348762367e-01 7.322284236807352631e-02 9.839773240560401035e-01 1.463482589464981387e-01 8.189655712406529453e-01 1.208538421300315580e-01 1.303505045586844380e-01 6.588624508240868705e-02 1.304094743180335692e-01 6.592131661317292279e-02 4.410081992250628607e-02
4.764229096382961437e-01 1.061907243762796327e-01 9.839749819355196880e-01 1.463465742020959859e-01 8.190111297940008139e-01 1.208601232398050090e-01 1.303943529697944304e-01 6.591196410250843574e-02 1.304167247334530322e-01 6.592513660296921152e-02 4.410528579251180720e-02
5.083304104013309788e-01 1.981281100274691342e-01 9.839582072765817866e-01 1.463424970338427222e-01 8.191220094812730057e-01 1.208754108271611061e-01 1.304912472331138107e-01 6.596856136633770518e-02 1.304354369973287076e-01 6.593494089129468827e-02 4.411772906031393576e-02
5.053632644378068806e-01 2.212920625822215603e-01 9.839558216245327671e-01 1.463422353109965768e-01 8.191282778609595416e-01 1.208762829320684101e-01 1.304944152416990244e-01 6.597020004614195798e-02 1.304355922033994808e-01 6.593503020080747345e-02 4.412024347930471047e-02
4.753208658800492370e-01 2.370624351861971568e-01 9.839138315308552096e-01 1.463418326154052318e-01 8.191245999339415995e-01 1.208759494292230979e-01 1.304221941262306006e-01 6.592789621101860509e-02 1.304162572202028081e-01 6.592507955630327876e-02 4.411879825228348651e-02
4.502002077467013308e-01 2.463654682082039304e-01 9.838830175658972443e-01 1.463420128958905775e-01 8.191126918798442569e-01 1.208750616876176076e-01 1.303705682914758357e-01 6.589779058003404633e-02 1.304015566867176845e-01 6.591760031873322712e-02 4.411674040935673752e-02
4.295615964584144075e-01 2.586349887869072162e-01 9.838888162222573230e-01 1.463491096343924602e-01 8.189796483137449234e-01 1.208598752495771561e-01 1.303844492627967422e-01 6.590684104209318384e-02 1.304070068150121053e-01 6.592120194460943106e-02 4.410761129288673366e-02
4.023624648430907946e-01 2.731188793389553449e-01 9.838962755829507856e-01 1.463561268315118902e-01 8.188914414367691741e-01 1.208474742711547062e-01 1.304107768077932272e-01 6.592287569842017469e-02 1.304199616595547173e-01 6.592877021842094565e-02 4.410026361170958642e-02
3.752265250470506741e-01 2.770368602814548553e-01 9.839160869767562545e-01 1.463490224933834682e-01 8.190204634935766004e-01 1.208631721181581409e-01 1.304460469317305638e-01 6.594285331468427436e-02 1.304309170421678321e-01 6.593369471726939768e-02 4.410886816698911250e-02
3.512265612707551332e-01 2.772779668209769399e-01 9.839378576207593596e-01 1.463421455421666240e-01 8.191372516236407053e-01 1.208776917160627601e-01 1.304796320205687254e-01 6.596204133176511442e-02 1.304396944194458896e-01 6.593756045881769834e-02 4.411683109353964349e-02
