4.685557214583607188e-01 8.259218110656216250e-02 9.839937877776407937e-01 1.463705758106101928e-01 8.183627475346758606e-01 1.207707364370072811e-01 1.302844770134504448e-01 6.585432096791843382e-02 1.303273779889178030e-01 6.587986303674039923e-02 4.404550343023989900e-02
4.976261746086839688e-01 1.458564539886431644e-01 9.839705684646801176e-01 1.463543583783206703e-01 8.188012944603456633e-01 1.208311968823120447e-01 1.304064141994928094e-01 6.592200137513057334e-02 1.303895618261028400e-01 6.591156697269735798e-02 4.408592312476723729e-02
5.162299724612899876e-01 1.972150698103055100e-01 9.839525590456714710e-01 1.463457756867907744e-01 8.190392926466403267e-01 1.208640186310610681e-01 1.304824727985613442e-01 6.596462457882684705e-02 1.304240606557453275e-01 6.592918902149901006e-02 4.410850976863388284e-02
5.133452395636157739e-01 2.188141831249493796e-01 9.839460829229654815e-01 1.463508307201014935e-01 8.189001348231368382e-01 1.208449907802135320e-01 1.304505110263273759e-01 6.594701539725564277e-02 1.304053472894193821e-01 6.591961289754076636e-02 4.409807684827455471e-02
4.987469143726601661e-01 2.428263593797586883e-01 9.839149905190692769e-01 1.463461795230590334e-01 8.188614920698343846e-01 1.208421229033171951e-01 1.303907779425052538e-01 6.591197180722642435e-02 1.304055472828834494e-01 6.591937291660099341e-02 4.410483208255195492e-02
4.669850088463274873e-01 2.505520260551764578e-01 9.839138065451736859e-01 1.463479112962347839e-01 8.185161553315557503e-01 1.208106245262027811e-01 1.303261490145619927e-01 6.587699872434904513e-02 1.303816004058029610e-01 6.590718769227782436e-02 4.409704150190524308e-02
4.325761968284515535e-01 2.666564082980837358e-01 9.839339236990609638e-01 1.463856031015755010e-01 8.175626469553305409e-01 1.207294148338741019e-01 1.302669416858138196e-01 6.584854897497940951e-02 1.303008010479556888e-01 6.586708814713979065e-02 4.403569530223132994e-02
3.924124688268620376e-01 2.903157716429750623e-01 9.839224103450846526e-01 1.464004739548193934e-01 8.177692108647589553e-01 1.207502848277398344e-01 1.303128008320326159e-01 6.587324923501763907e-02 1.303188869018006013e-01 6.587713847681522794e-02 4.403584398652074516e-02
3.606485440386408836e-01 3.060660190093939526e-01 9.839000102067797515e-01 1.463610297326230769e-01 8.187507305523809009e-01 1.208413864044208669e-01 1.304003694375727995e-01 6.591757713676327235e-02 1.303930113099645571e-01 6.591380361478041405e-02 4.409324775296109833e-02
3.459826127637871673e-01 3.047493604423299196e-01 9.838985239861860466e-01 1.463431199752173728e-01 8.191157394730844699e-01 1.208760235053180226e-01 1.304305216377976140e-01 6.593297449271647015e-02 1.304054024584739568e-01 6.591868784899757028e-02 4.411536208513344021e-02
