5.488942639700531423e-01 1.257983428507966628e-01 9.839950541456186084e-01 1.463795653670297570e-01 8.180349564054356648e-01 1.207255582247005049e-01 1.302758135135472506e-01 6.585340755393681578e-02 1.302814329682419059e-01 6.585670076519520300e-02 4.401567894793628755e-02
5.584791220803693168e-01 1.779510225061096407e-01 9.839666297871995093e-01 1.463563565623204887e-01 8.186794115184433673e-01 1.208144139289481916e-01 1.304017255677706322e-01 6.592088350410393871e-02 1.303725624124537075e-01 6.590297186142804464e-02 4.407475961009715143e-02
5.331562772638164249e-01 2.013351154574717916e-01 9.839598039844522637e-01 1.463581054406473403e-01 8.187077767644734827e-01 1.208184353697644570e-01 1.304211884958419443e-01 6.593216558061404386e-02 1.303781308030563524e-01 6.590585096557799449e-02 4.407763500291527609e-02
5.235575887039363163e-01 2.316773739976012159e-01 9.839350977431288170e-01 1.463746173594635269e-01 8.182432993539136001e-01 1.207562146771092998e-01 1.303286809497466725e-01 6.588229039841356216e-02 1.303190150412621706e-01 6.587572096499377805e-02 4.403908701814701621e-02
5.209617063874177889e-01 2.499790603022239432e-01 9.839136303816592433e-01 1.463603034730399099e-01 8.182679273099304762e-01 1.207711946829094218e-01 1.303178895046392949e-01 6.587446494202540970e-02 1.303560722762996671e-01 6.589425638648488404e-02 4.406568100065906546e-02
5.033147017611584451e-01 2.584056283585586256e-01 9.839788640193046776e-01 1.464001924192841753e-01 8.157051410792973689e-01 1.205087447541461632e-01 1.300533499612594457e-01 6.574060885855866065e-02 1.301706892914763214e-01 6.580045906765126518e-02 4.394988184197116954e-02
4.401590966943889072e-01 2.964174263034765611e-01 9.840830429548638181e-01 1.465343291767361722e-01 8.110133682725573223e-01 1.200687109306226297e-01 1.296269843100767150e-01 6.552581853095668096e-02 1.297063470972926458e-01 6.556604489401071656e-02 4.365493471416353327e-02
3.754065962409680601e-01 3.272979160773805130e-01 9.839566298541354561e-01 1.464288935249168921e-01 8.161166247865684342e-01 1.206321128570623236e-01 1.301891698528719887e-01 6.581012855490572799e-02 1.301951473837052176e-01 6.581385633543143654e-02 4.396361175220438178e-02
3.484997053288189650e-01 3.308915643306706289e-01 9.838817624085551827e-01 1.463522970156416192e-01 8.188276399477198986e-01 1.208611530147840341e-01 1.303982199842711187e-01 6.591449921149475366e-02 1.304014844763037306e-01 6.591756878146880216e-02 4.410584932775792055e-02
3.395629807844341430e-01 3.301864666374424995e-01 9.838677593213965844e-01 1.463421521733220820e-01 8.191297398564770793e-01 1.208782102448551776e-01 1.303903291913514062e-01 6.590877911935368039e-02 1.303865254519271932e-01 6.590808071949028069e-02 4.411660203444580514e-02
