7.992639037999068607e-01 1.923736306249079486e-01 9.839253643013682327e-01 1.463465026272828540e-01 8.185244751145208664e-01 1.207930811786393915e-01 1.303334087898842253e-01 6.588225134569836161e-02 1.303423103144897566e-01 6.588732344556141873e-02 4.406038553310975825e-02
7.910599813102791034e-01 2.053454164832762552e-01 9.839273845567653165e-01 1.463447632199177950e-01 8.185814640595983072e-01 1.208009463758852459e-01 1.303480255553580991e-01 6.589045813596335066e-02 1.303557846857266167e-01 6.589428663936598707e-02 4.406553742602393325e-02
7.000103349682011977e-01 2.129267851463139960e-01 9.839415790524198568e-01 1.463582134654068390e-01 8.184007200328983211e-01 1.207765340112214036e-01 1.303356062942608029e-01 6.588510485382777226e-02 1.303331029616687509e-01 6.588286589258961212e-02 4.404944707051795805e-02
5.651289858714860781e-01 2.504935216166669365e-01 9.839345006222982581e-01 1.463918342039960685e-01 8.176265821457309180e-01 1.206793800442504394e-01 1.302286159299999579e-01 6.582964058384482842e-02 1.302376129336546839e-01 6.583441717744602240e-02 4.398810720725682827e-02
5.433800189533616321e-01 2.641861734360387848e-01 9.839430489734591889e-01 1.464037222443985709e-01 8.168057226979833496e-01 1.206102000221615234e-01 1.301513238310975096e-01 6.578966308954163622e-02 1.301886654975920599e-01 6.580959961689082649e-02 4.395732157871550666e-02
5.248117101307758769e-01 2.861057966019086574e-01 9.840731733039480567e-01 1.465291077460130764e-01 8.113299363086529103e-01 1.200358387923854964e-01 1.295858179241196617e-01 6.550400166903391774e-02 1.296722765048678727e-01 6.554856185940315105e-02 4.363171812801684701e-02
4.616417507825689714e-01 3.564211390575889316e-01 9.841492250050239976e-01 1.466489957818100098e-01 8.072371180211855846e-01 1.195596533932004601e-01 1.291251485333562987e-01 6.527181084753828910e-02 1.291686408369908112e-01 6.529406241576297953e-02 4.332171628609782915e-02
4.127199521349573241e-01 3.753680736827911812e-01 9.839624088640691602e-01 1.464420768702167086e-01 8.153973551761117822e-01 1.204901085939247135e-01 1.300446968466938136e-01 6.573655498004143949e-02 1.300513734778095398e-01 6.574063270917795965e-02 4.387785432823366333e-02
3.544914296325370473e-01 3.529791617955234662e-01 9.838795627886579576e-01 1.463505723867247754e-01 8.188140531048389015e-01 1.208539478189541577e-01 1.303778163172028826e-01 6.590283126063872787e-02 1.303964202468287370e-01 6.591474442686537372e-02 4.410189230627931112e-02
3.300453850228894925e-01 3.491258557448180255e-01 9.838665921176612539e-01 1.463418791720182688e-01 8.191342609346873305e-01 1.208784101386082416e-01 1.303732138964764919e-01 6.589818125741483956e-02 1.304021971309271832e-01 6.591649976751402795e-02 4.411696161236435682e-02
