8.595074313604638139e-01 1.916388185203663774e-01 9.839024566418959061e-01 1.463415686239775415e-01 8.185695876744982780e-01 1.207993042499174441e-01 1.303256818433558561e-01 6.587686715361328049e-02 1.303379054647521573e-01 6.588482566415290731e-02 4.406439272833005683e-02
8.401111051920694406e-01 2.052607871012349927e-01 9.839144388035468980e-01 1.463423552304898290e-01 8.185563979211349928e-01 1.207974900084084757e-01 1.303346876096982410e-01 6.588278004142272826e-02 1.303482089959893397e-01 6.589034218300823809e-02 4.406317234894603641e-02
8.080658342946676065e-01 2.214764786873724967e-01 9.839159325225024233e-01 1.463438983145810834e-01 8.185492677482915092e-01 1.207966761640137665e-01 1.303335936398601624e-01 6.588234251059862934e-02 1.303470906959909303e-01 6.588982542585701541e-02 4.406228327810903650e-02
6.610332736698790734e-01 3.072003513204066283e-01 9.838883710670719429e-01 1.463519057302576920e-01 8.186754728978639095e-01 1.208174561860844154e-01 1.303228086053546675e-01 6.587429508765407782e-02 1.303386042453839322e-01 6.588517227050087743e-02 4.407404322841772248e-02
6.435412261521045174e-01 3.201113781783654910e-01 9.838882982281820233e-01 1.463581985832470012e-01 8.185452304956711833e-01 1.208109671152681613e-01 1.303117413765262911e-01 6.586830527122429502e-02 1.303290243217780642e-01 6.588027147048855503e-02 4.407055724735598617e-02
6.119913380839701045e-01 3.329666455972820072e-01 9.839367220623098653e-01 1.464101665230654048e-01 8.165439762598176721e-01 1.205977238592724349e-01 1.301119077783667033e-01 6.576799487496205743e-02 1.301314522706610854e-01 6.578046811601971633e-02 4.394118371667007916e-02
4.928974767366127718e-01 4.015529457249293888e-01 9.839692016280757736e-01 1.464575681520155770e-01 8.148395695308171538e-01 1.203820438624612355e-01 1.299352665591159972e-01 6.568103973419946173e-02 1.299422613270030391e-01 6.568505049637320126e-02 4.381154001115403901e-02
4.542278014619898774e-01 4.223296910634133927e-01 9.839016478950857181e-01 1.463784264265102775e-01 8.177807439937578859e-01 1.207193956486802416e-01 1.302734676681906179e-01 6.585225230548440167e-02 1.302763910804079772e-01 6.585401862128453798e-02 4.401903123781766847e-02
3.839966281775312185e-01 4.127726819568700578e-01 9.838749498062797638e-01 1.463508694604507276e-01 8.187588223919685104e-01 1.208332843120351052e-01 1.303579499614594406e-01 6.589260339191622962e-02 1.303822532166967474e-01 6.590735084714176295e-02 4.408880858544383247e-02
3.067496570714382531e-01 4.052212196844108272e-01 9.838616220130338430e-01 1.463437840153936353e-01 8.190375380572968433e-01 1.208647169166345431e-01 1.303518506132617938e-01 6.588637939511167441e-02 1.304033902236946818e-01 6.591756742935249436e-02 4.410836544023466477e-02
