8.881700032162437308e-01 1.891846047532058650e-01 9.838897283949120665e-01 1.463409285908303104e-01 8.187168353409071120e-01 1.208195890394029026e-01 1.303427377396159659e-01 6.588486942048825401e-02 1.303520030612527469e-01 6.589182181164034147e-02 4.407792638543205771e-02
8.693990663811569375e-01 1.973134782108655894e-01 9.838999250457165502e-01 1.463412814213574942e-01 8.186553929646351868e-01 1.208111308636135167e-01 1.303408630655468192e-01 6.588481769693951828e-02 1.303517393967548177e-01 6.589189009015099241e-02 4.407226641710706300e-02
7.943735548070741670e-01 2.387322357380467219e-01 9.839060101404872860e-01 1.463347307221625759e-01 8.184539849909031606e-01 1.207835796830691727e-01 1.303092689928981029e-01 6.586897675918067241e-02 1.303228723066720551e-01 6.587742798859312632e-02 4.405272783353798849e-02
6.565644722840829894e-01 3.211020380413682762e-01 9.838798466439795387e-01 1.463352291024416774e-01 8.188408859349997071e-01 1.208369979081693191e-01 1.303346855840362695e-01 6.587977448540081882e-02 1.303508351444998270e-01 6.589130285806750476e-02 4.408597792014421618e-02
6.520332964571095014e-01 3.239226067736743486e-01 9.838743102466281920e-01 1.463407988768698764e-01 8.190825021656187310e-01 1.208704326837926890e-01 1.303669992677391753e-01 6.589602401332581016e-02 1.303830918990064591e-01 6.590757640613328916e-02 4.410835818028576577e-02
6.413608046807813823e-01 3.312615938227891910e-01 9.838763854968917144e-01 1.463449471353441556e-01 8.189973596750924623e-01 1.208623702504646735e-01 1.303634711840287730e-01 6.589452114277018213e-02 1.303784701276133606e-01 6.590526525760651011e-02 4.410383953909029903e-02
5.300988342344661319e-01 4.074473509570336049e-01 9.838881033134635468e-01 1.463610005153524740e-01 8.183935684828783641e-01 1.207893603343453970e-01 1.303284357778089209e-01 6.587917859480965643e-02 1.303339512026010227e-01 6.588298717007494421e-02 4.406096627705505253e-02
4.468988311807892688e-01 4.597646128687757905e-01 9.838875605248169620e-01 1.463637610136507838e-01 8.181028208664111734e-01 1.207409364673304175e-01 1.302861765479033096e-01 6.585808252446241629e-02 1.302965418250702778e-01 6.586423867718557701e-02 4.402972339780638483e-02
3.283770907134317962e-01 5.309671245242019166e-01 9.838681401077604693e-01 1.463721001508987429e-01 8.175681522558060355e-01 1.206628026242214380e-01 1.301484647154347585e-01 6.578393754781858282e-02 1.302151064876059527e-01 6.582338812610799561e-02 4.397839607654280281e-02
2.585688781278208115e-01 5.741119487621937356e-01 9.838292879126693258e-01 1.463531813391863168e-01 8.185453116787474448e-01 1.207962258021850616e-01 1.302424021312758584e-01 6.582852229549494838e-02 1.303447532421870003e-01 6.588910178143658758e-02 4.406409683708009672e-02
