9.076197494637830987e-01 2.094134955716130120e-01 9.838874513552878787e-01 1.463411861112534074e-01 8.189880756148498753e-01 1.208569586650964645e-01 1.303944883919308240e-01 6.591238632629374539e-02 1.303999736238397045e-01 6.591639315780634112e-02 4.410286247183470981e-02
9.029552446531758925e-01 2.094687445638897250e-01 9.838895951281697583e-01 1.463403842596349980e-01 8.189212365891110901e-01 1.208477682874973674e-01 1.303848261712831080e-01 6.590749583654884058e-02 1.303908927075583535e-01 6.591180091700296617e-02 4.409669783253940267e-02
8.088810216588270263e-01 2.513205716534040457e-01 9.839084898971309778e-01 1.463149550501252893e-01 8.178761565666964328e-01 1.207043377933354200e-01 1.302284112461611632e-01 6.582771787971695987e-02 1.302387251889480513e-01 6.583482516631090908e-02 4.399910589169631764e-02
6.577196974755857850e-01 3.223820192407094165e-01 9.838969032961305539e-01 1.463129217166369844e-01 8.179655433895673955e-01 1.207167220608359876e-01 1.302150979098442019e-01 6.581934558042554229e-02 1.302310703940884329e-01 6.583080069735326723e-02 4.400514600872372506e-02
6.514773295741432824e-01 3.251972399657489521e-01 9.838785820575026708e-01 1.463346118424992126e-01 8.188634576664155507e-01 1.208399873748231546e-01 1.303370729747617418e-01 6.588092835535851177e-02 1.303531081800059777e-01 6.589243936853189654e-02 4.408790805482429992e-02
6.244518611653265827e-01 3.531768329410105989e-01 9.838742049757165375e-01 1.463405040264569856e-01 8.190698872818451548e-01 1.208686721557426236e-01 1.303744603170316207e-01 6.590038454464970663e-02 1.303880663163968501e-01 6.591014824955433726e-02 4.410780685335584372e-02
4.760056570024581712e-01 5.034661881666011585e-01 9.838753972344869148e-01 1.463458445325893642e-01 8.189207232638411327e-01 1.208483825683668300e-01 1.303946410854353866e-01 6.591314840864477553e-02 1.303979753267537067e-01 6.591541151106414254e-02 4.409753391774975939e-02
4.161882832603832072e-01 5.538440842517100560e-01 9.838877580023557279e-01 1.463633845860357052e-01 8.180067454453552322e-01 1.207222805560894119e-01 1.302667652722186709e-01 6.584822461321646059e-02 1.302784272146826627e-01 6.585512007771121556e-02 4.401663532421654784e-02
3.091374669994707003e-01 5.902589865951951564e-01 9.838705741824707030e-01 1.463819444249424839e-01 8.170430492039628678e-01 1.205897470156669787e-01 1.300644779593798650e-01 6.574073360602937510e-02 1.301435122454407955e-01 6.578742264299942966e-02 4.393103119625877545e-02
2.551297592235416967e-01 6.068873332059933068e-01 9.838217368892047121e-01 1.463534843986593337e-01 8.185251778122947242e-01 1.207934068038143544e-01 1.302299563878315802e-01 6.582166422495354385e-02 1.303437524681172466e-01 6.588888489884699162e-02 4.406233690470029440e-02
