9.410454005678678957e-01 2.604021171361534104e-01 9.838816714914641048e-01 1.463413958213289068e-01 8.191196682034640464e-01 1.208750888403665319e-01 1.304238153677547141e-01 6.592814627973139774e-02 1.304263625596568943e-01 6.592986910700934788e-02 4.411497574944746314e-02
9.441058067708586465e-01 2.670312804526003836e-01 9.838814313076763574e-01 1.463404501242506484e-01 8.190765753125215376e-01 1.208691696241658287e-01 1.304179210733862615e-01 6.592514333251225933e-02 1.304199741434395321e-01 6.592657899281254008e-02 4.411096457470187193e-02
9.119158747351567840e-01 3.046125698255873204e-01 9.838940397937251392e-01 1.463180817980870296e-01 8.181992515736732363e-01 1.207487137034969765e-01 1.302903343427208316e-01 6.586002413342378903e-02 1.302816899046163601e-01 6.585528158557349410e-02 4.402860748295935739e-02
7.676209347341200750e-01 3.527758740107949653e-01 9.839037629837871224e-01 1.462983530739743188e-01 8.174580667158384273e-01 1.206469821443256207e-01 1.301656866249419342e-01 6.579542499124714505e-02 1.301525323390377298e-01 6.578873113976041465e-02 4.395790871390562599e-02
6.623319951646867709e-01 3.780978239560581766e-01 9.838849048511870699e-01 1.463239870440824208e-01 8.184615946646471851e-01 1.207847834953975352e-01 1.303016950263782836e-01 6.586421449003318496e-02 1.303031395475568455e-01 6.586633252623881607e-02 4.405138137151755340e-02
5.340671550203782703e-01 4.804781919149793135e-01 9.838730353192162159e-01 1.463396466276466190e-01 8.190612593496748861e-01 1.208671133012644422e-01 1.304087382918877047e-01 6.591999104606374726e-02 1.304115087452821786e-01 6.592210321247449212e-02 4.410877585839208942e-02
4.476029127239825600e-01 5.502217336018113691e-01 9.838719140767099303e-01 1.463424072871527537e-01 8.190972763827648606e-01 1.208720248806969544e-01 1.304269736253658440e-01 6.593006746244800542e-02 1.304273214103588707e-01 6.593029150775944758e-02 4.411306542351258603e-02
4.271327828425327544e-01 5.619316576958544029e-01 9.838749532515901342e-01 1.463463872845389979e-01 8.188925903937714912e-01 1.208438946622040627e-01 1.303975198459200457e-01 6.591506061236696024e-02 1.303997157879298596e-01 6.591635808795280604e-02 4.409493612600839940e-02
3.837207425228643110e-01 5.853207659064068036e-01 9.838706531442145131e-01 1.463580887253557172e-01 8.182841611767855960e-01 1.207602860319802740e-01 1.302824719846071011e-01 6.585453429946959425e-02 1.303151887580341062e-01 6.587385991221779424e-02 4.404100523440759168e-02
3.221394356428150529e-01 6.166826957114029950e-01 9.838383992470900452e-01 1.463501483973719264e-01 8.186997721386984894e-01 1.208173993303909566e-01 1.302929584318058553e-01 6.585641536337835666e-02 1.303695742665787471e-01 6.590167062633811579e-02 4.407778092865045905e-02
