9.883960626920806902e-01 3.322250875305532425e-01 9.838711485617845920e-01 1.463414471844321219e-01 8.191483278398689061e-01 1.208790371294263255e-01 1.304346154221547038e-01 6.593397793110764016e-02 1.304346484352401359e-01 6.593399937560374957e-02 4.411763935015481503e-02
9.876923642957934346e-01 3.324303782905896898e-01 9.838712651590488800e-01 1.463412310950044648e-01 8.191414622970574211e-01 1.208780932417880399e-01 1.304334902025399145e-01 6.593339198012182489e-02 1.304329736547958085e-01 6.593308830618707650e-02 4.411695501325250263e-02
9.618634248788761054e-01 3.577283320931533006e-01 9.838752806061358269e-01 1.463298896512856551e-01 8.187814939412881854e-01 1.208286076825720867e-01 1.303762530492389715e-01 6.590366529110062987e-02 1.303481198589440671e-01 6.588699463260332123e-02 4.408123698981457339e-02
9.199419611433906629e-01 3.910512516351524193e-01 9.838792304196607441e-01 1.463180556145964872e-01 8.184060503391031860e-01 1.207769951925525415e-01 1.303161790529483444e-01 6.587244044640633289e-02 1.302588425388023774e-01 6.583847122758078318e-02 4.404392636094378588e-02
7.725821298138190185e-01 4.347100174535590278e-01 9.838763710735141110e-01 1.463265399053655658e-01 8.186729948070331497e-01 1.208136938699638091e-01 1.303580904485208136e-01 6.589418994899326476e-02 1.303223907693639161e-01 6.587307178527035401e-02 4.407049576425058762e-02
5.456244731669560588e-01 5.077664453565876590e-01 9.838714108272488268e-01 1.463403607436722653e-01 8.191117912821849201e-01 1.208740145344762013e-01 1.304286621118685707e-01 6.593087825828033988e-02 1.304260610719623903e-01 6.592934571675670985e-02 4.411405818775265136e-02
5.012881691146439112e-01 5.275334293346350956e-01 9.838710450283221221e-01 1.463415213380108437e-01 8.191445527139269434e-01 1.208785184285662007e-01 1.304341493692804665e-01 6.593374311534334897e-02 1.304341346474350849e-01 6.593373471704251643e-02 4.411728713124439538e-02
4.677425217765425192e-01 5.540506424989432022e-01 9.838714618621350327e-01 1.463421200227664198e-01 8.191145658085663417e-01 1.208743977830539912e-01 1.304297086800336458e-01 6.593147263045169570e-02 1.304300766525348099e-01 6.593169002847958093e-02 4.411461659144958608e-02
4.645498433005944561e-01 6.097561222909070322e-01 9.838707719729945511e-01 1.463433013610446198e-01 8.190531565531229408e-01 1.208659591211275058e-01 1.304176018920567837e-01 6.592507686864472471e-02 1.304215216128556398e-01 6.592739221768076363e-02 4.410916829773933734e-02
4.647098909715992598e-01 6.429741493548924991e-01 9.838681588060080863e-01 1.463422633900320902e-01 8.191076545995734648e-01 1.208734483062543219e-01 1.304221057344708279e-01 6.592713667680258349e-02 1.304288075745541065e-01 6.593109525636210722e-02 4.411398235435062820e-02
