9.891281923092322126e-01 3.333304434134787830e-01 9.838709790105942821e-01 1.463414475575267604e-01 8.191483934523191568e-01 1.208790461648855674e-01 1.304347082205846720e-01 6.593402827588210058e-02 1.304347070866328784e-01 6.593402761351803421e-02 4.411764613208240399e-02
9.887315056167189642e-01 3.337325497575440170e-01 9.838710197559311643e-01 1.463412987068834770e-01 8.191438058672605438e-01 1.208784153759629998e-01 1.304339537075747124e-01 6.593363421651711465e-02 1.304335080514455181e-01 6.593337001274252041e-02 4.411718234485908358e-02
9.599558071314191476e-01 3.630688536570006453e-01 9.838746049028053164e-01 1.463294709504027458e-01 8.187791892075212408e-01 1.208282811136690699e-01 1.303749215372889680e-01 6.590287972127123473e-02 1.303422906063740061e-01 6.588353420505591029e-02 4.408063039083526952e-02
9.298815175118023690e-01 3.906165292353826479e-01 9.838775702078972341e-01 1.463194064442213393e-01 8.184688817845147124e-01 1.207856142861098020e-01 1.303244799487626171e-01 6.587658375761124008e-02 1.302637713948373022e-01 6.584059216031880324e-02 4.404946257502068141e-02
8.244476397771888232e-01 4.222488415165384645e-01 9.838760084908670933e-01 1.463250156514737388e-01 8.186407892740570347e-01 1.208092513852194877e-01 1.303526184944916455e-01 6.589126926937630135e-02 1.303081799250331574e-01 6.586492396930025695e-02 4.406684492844814560e-02
5.571456766211227984e-01 5.032419735514070958e-01 9.838713495426026912e-01 1.463403113086834406e-01 8.191119410758311847e-01 1.208740339714946543e-01 1.304288349664676772e-01 6.593097086800214779e-02 1.304257217470197461e-01 6.592912523938286584e-02 4.411405785356704856e-02
5.279185522889717763e-01 5.151256447153323981e-01 9.838709796008544561e-01 1.463414561003531789e-01 8.191481618180066482e-01 1.208790144045074483e-01 1.304346677735166715e-01 6.593400696988134524e-02 1.304346369559138685e-01 6.593398870058579664e-02 4.411760635944379089e-02
5.200204824753639210e-01 5.429774311132843367e-01 9.838709869502429983e-01 1.463414874762890838e-01 8.191474961365627916e-01 1.208789230498738404e-01 1.304345671225852488e-01 6.593395554961709037e-02 1.304345838578135353e-01 6.593396543434766610e-02 4.411753741372172188e-02
5.046817016285609636e-01 6.254489074633674539e-01 9.838709575138441243e-01 1.463415169467594257e-01 8.191460124256967346e-01 1.208787191976492259e-01 1.304342499170148273e-01 6.593378673500473186e-02 1.304343774292868463e-01 6.593386205692677859e-02 4.411740008911911592e-02
4.941557282741666501e-01 6.462766900393794867e-01 9.838709133507939075e-01 1.463414809113759985e-01 8.191479985204838110e-01 1.208789921159043185e-01 1.304345131586678586e-01 6.593391924712678487e-02 1.304346479341093878e-01 6.593399885483237910e-02 4.411756721808309661e-02
