3.497976825829887670e-01 2.757939583711705445e-01 9.839413234429172928e-01 1.463416208139487196e-01 8.191464431838975102e-01 1.208787778873335605e-01 1.304847242796937368e-01 6.596500979691886923e-02 1.304423228761935893e-01 6.593896071167047734e-02 4.411748598586519299e-02
3.449565332978912768e-01 3.037437803445926510e-01 9.838985422787609458e-01 1.463420358846689029e-01 8.191396849353430598e-01 1.208778858096478809e-01 1.304323470581873756e-01 6.593395793007536532e-02 1.304046038865994683e-01 6.591813377382359229e-02 4.411653520544170370e-02
3.390230145926407812e-01 3.296249686544734936e-01 9.838656736968859340e-01 1.463416271103331057e-01 8.191441220106011611e-01 1.208789277946648172e-01 1.303884422902931439e-01 6.590765736821527221e-02 1.303817809039926612e-01 6.590538883636054557e-02 4.411701611952969365e-02
3.283315408336390240e-01 3.492377391697384925e-01 9.838661290051200492e-01 1.463418236408429440e-01 8.191351503813092405e-01 1.208789404623921843e-01 1.303701107054174579e-01 6.589627567579678380e-02 1.304016178571519025e-01 6.591610287650967459e-02 4.411729205759234995e-02
2.923575147411930919e-01 3.977718980778719993e-01 9.838626743271094988e-01 1.463426058265920593e-01 8.190957832142531370e-01 1.208737914662087326e-01 1.303581148810754597e-01 6.588911802612373858e-02 1.304124390087792740e-01 6.592198156927890629e-02 4.411427341925538287e-02
2.499071184207579677e-01 5.840066911059719201e-01 9.838229375055405068e-01 1.463501416313866821e-01 8.187040091692104893e-01 1.208180710130051516e-01 1.302595922711073106e-01 6.583689597179670505e-02 1.303662695610836031e-01 6.590001646755282161e-02 4.407815943335441355e-02
2.514866363570986696e-01 6.078299670489155648e-01 9.838162908855612176e-01 1.463504434892972106e-01 8.187113387715260204e-01 1.208190019629021700e-01 1.302523881064930333e-01 6.583281502457198620e-02 1.303689536460979626e-01 6.590164381204369204e-02 4.407815649404614455e-02
3.154256804727885721e-01 6.179913726908163873e-01 9.838340274789566520e-01 1.463479511574720948e-01 8.188188651466954404e-01 1.208337670729427854e-01 1.303053876181425597e-01 6.586241801152402375e-02 1.303855731265202433e-01 6.590978033690300664e-02 4.408821992680796858e-02
4.690967075156428634e-01 6.459576988885623594e-01 9.838693803982674346e-01 1.463417349315369320e-01 8.191351826727545360e-01 1.208772311765029944e-01 1.304292986710004487e-01 6.593102709079479151e-02 1.304327272322119424e-01 6.593305212056714548e-02 4.411642053578453126e-02
4.944804295917131776e-01 6.474776680648594018e-01 9.838709596389527690e-01 1.463414648321768596e-01 8.191488338475241271e-01 1.208791069199619400e-01 1.304347493277346892e-01 6.593404766240779091e-02 1.304347679474238964e-01 6.593405865905352381e-02 4.411764072255478647e-02
