3.752003583845250900e-01 2.755476185280133494e-01 9.839163130255758061e-01 1.463455979657956596e-01 8.190836402257559712e-01 1.208701333809902023e-01 1.304546887450650783e-01 6.594738445948077066e-02 1.304389095896894835e-01 6.593779295300597476e-02 4.411355846039399092e-02
3.591184595624536957e-01 3.060856268728624485e-01 9.838941234316063156e-01 1.463548138190719217e-01 8.189324659485524016e-01 1.208502267660681306e-01 1.304092131854841796e-01 6.592204474919549639e-02 1.304028460535317513e-01 6.591887969795838520e-02 4.409908134717583500e-02
3.459464256068175980e-01 3.304334117497045309e-01 9.838750394800792609e-01 1.463464823621800914e-01 8.189983054370565396e-01 1.208701326153524547e-01 1.304066822655449431e-01 6.591873733262122725e-02 1.304106161347010073e-01 6.592226602761259990e-02 4.411174677584370901e-02
3.399905305907889308e-01 3.420358766266789474e-01 9.838848329355245337e-01 1.463546551895936743e-01 8.186324376928353352e-01 1.208580673540451678e-01 1.303783435182123140e-01 6.590282016048713831e-02 1.303996450971532384e-01 6.591641017239240063e-02 4.410446041140162615e-02
3.134384144975378428e-01 3.879026494259187885e-01 9.838898665832708224e-01 1.463643324450740746e-01 8.181932112271033120e-01 1.208169202694216043e-01 1.303179018966896252e-01 6.587028699411626165e-02 1.303591720707242829e-01 6.589535983669610186e-02 4.407832313023481857e-02
2.750826329138230109e-01 5.695558232722470748e-01 9.838756684123676211e-01 1.463933132684124838e-01 8.164698469572966300e-01 1.205152201847594778e-01 1.299732713403538298e-01 6.569323834089421665e-02 1.300667349283022023e-01 6.574854861750689672e-02 4.388293917627487939e-02
2.988839196625985295e-01 5.942877933052933548e-01 9.838726910757291666e-01 1.463882965036691630e-01 8.167668533241114748e-01 1.205518181682481565e-01 1.300202017659123632e-01 6.571787134447004686e-02 1.301055120203852555e-01 6.576826477207321775e-02 4.390522637437223319e-02
3.866773675845003866e-01 5.826110459737603442e-01 9.838713555425876445e-01 1.463574165670830374e-01 8.183386621610803102e-01 1.207677847245827302e-01 1.302933922611375084e-01 6.586031391639370070e-02 1.303227692284142647e-01 6.587766624354844669e-02 4.404536104689345949e-02
4.684962362904646627e-01 6.128971790191304336e-01 9.838710017700115218e-01 1.463424784794582489e-01 8.190968757393479738e-01 1.208719673370139414e-01 1.304257146945434487e-01 6.592933677029517991e-02 1.304275866427718755e-01 6.593044257129765384e-02 4.411302128012165730e-02
5.073957719577578684e-01 6.301741516783082586e-01 9.838709706242664277e-01 1.463414702189996808e-01 8.191484538133900761e-01 1.208790546925428977e-01 1.304347034612735601e-01 6.593402492078678789e-02 1.304347162274186733e-01 6.593403246214840641e-02 4.411761653352140600e-02
