4.026480802621048571e-01 2.728751894412898560e-01 9.838915606888681831e-01 1.463483093018139447e-01 8.190405075268529789e-01 1.208642048619664872e-01 1.304281448446774350e-01 6.593166024223251487e-02 1.304385502899316485e-01 6.593832204482359682e-02 4.411160285310440632e-02
3.929464828131992160e-01 2.867395534707765092e-01 9.839066248291555850e-01 1.463883091640311995e-01 8.183470830496778481e-01 1.207731652651009707e-01 1.303379330776747724e-01 6.588612525945515552e-02 1.303446799833311021e-01 6.589051918617029602e-02 4.405042776952080436e-02
3.645118846740686980e-01 3.251478755399486720e-01 9.839394285899015768e-01 1.464184162957811453e-01 8.166754260095598905e-01 1.206394899622407202e-01 1.302000164796646431e-01 6.581593376351356495e-02 1.302049793561655677e-01 6.581935176669263809e-02 4.396839382058403273e-02
3.753020245052213211e-01 3.340271455211497598e-01 9.840680761670702603e-01 1.465480159566336371e-01 8.112269391611449665e-01 1.201727522147962302e-01 1.297338221330013031e-01 6.557985570628278860e-02 1.297324925717366628e-01 6.557945405771405112e-02 4.367898339159154847e-02
4.206011326582381193e-01 3.876913068532114037e-01 9.840137786551147459e-01 1.464926941491655199e-01 8.132910804152171380e-01 1.203533031584081842e-01 1.299103967870327558e-01 6.566877240906489333e-02 1.299085256531822830e-01 6.566782285267853958e-02 4.378993875150961890e-02
4.450087287429602689e-01 4.510925134851005991e-01 9.838917012361498848e-01 1.463648483896189123e-01 8.180221496371762324e-01 1.207366019965536857e-01 1.302871462579085760e-01 6.585897549968898479e-02 1.302927708980081145e-01 6.586230772622049534e-02 4.402620386254775531e-02
4.227414181618553424e-01 5.428850317572074813e-01 9.838881568601600680e-01 1.463613602969778271e-01 8.181299177740477546e-01 1.207391459053363120e-01 1.302893204251152626e-01 6.586005676990124014e-02 1.302955697809530244e-01 6.586374908435022046e-02 4.402698972210737638e-02
4.266585317970675306e-01 5.615112593786405482e-01 9.838734608538126647e-01 1.463445070757294908e-01 8.189999391013287333e-01 1.208586505748147633e-01 1.304134715645897669e-01 6.592322122796501205e-02 1.304144175006015094e-01 6.592377991215885025e-02 4.410421793448311700e-02
4.637848073203001964e-01 5.539209163047277285e-01 9.838712055345819607e-01 1.463417403032729880e-01 8.191348089634515883e-01 1.208771797614945215e-01 1.304327637126239670e-01 6.593303864680635784e-02 1.304328517041400126e-01 6.593309063236955925e-02 4.411639917872186428e-02
5.221063879946623576e-01 5.422310682897792944e-01 9.838709735725060801e-01 1.463414670095020687e-01 8.191486288864591181e-01 1.208790787383878240e-01 1.304347396821371186e-01 6.593404413173380163e-02 1.304347405414124916e-01 6.593404463940789884e-02 4.411763508075182416e-02
