4.285040273829156532e-01 2.587384203667572602e-01 9.838837368561397234e-01 1.463451691362986640e-01 8.190856992526026614e-01 1.208704483003077423e-01 1.303944917428771499e-01 6.591176140534349415e-02 1.304168952786873836e-01 6.592625853536093761e-02 4.411368871559043919e-02
4.298793343996835103e-01 2.651592896678583999e-01 9.839125632028992152e-01 1.463667821350159437e-01 8.184499005704019003e-01 1.207907244298883354e-01 1.303305202169271759e-01 6.588112436806878303e-02 1.303577707139035036e-01 6.589619781558604672e-02 4.407336300449293809e-02
4.286908295664434987e-01 2.930919612374264238e-01 9.841216397929452020e-01 1.465760047200068694e-01 8.094422507751759532e-01 1.198175907228991588e-01 1.293833506753951368e-01 6.540331859836838457e-02 1.294877186811124459e-01 6.545584682694155498e-02 4.352109541886721444e-02
4.384134837455530009e-01 3.204942195992315224e-01 9.844061585659750202e-01 1.469367115023147985e-01 7.959351264238490042e-01 1.184115121626280603e-01 1.279884664000536243e-01 6.469718667864281236e-02 1.280329815665970095e-01 6.471980817665197450e-02 4.260452584215714683e-02
4.571373158670922754e-01 4.010677190265675152e-01 9.840365266964106183e-01 1.465299853180517253e-01 8.119223261950611059e-01 1.201131959989191755e-01 1.296751857670544461e-01 6.554995406527992785e-02 1.296771821637957289e-01 6.555101198504428850e-02 4.364046779772370183e-02
4.623200083072013800e-01 4.318617945312710482e-01 9.838763803978201050e-01 1.463473684792793716e-01 8.189193338002821454e-01 1.208540904530960580e-01 1.304099016944698097e-01 6.592148042937163999e-02 1.304099499274846696e-01 6.592150888473104209e-02 4.410200078858630274e-02
4.542909853729659164e-01 4.834149987028945605e-01 9.838724073809432813e-01 1.463428966567492107e-01 8.190759146888323405e-01 1.208691675434304114e-01 1.304247155205959519e-01 6.592896392065586419e-02 1.304248599653194396e-01 6.592904707998044345e-02 4.411126401954502257e-02
4.422488760492210291e-01 5.497574530534760084e-01 9.838713456692789183e-01 1.463418435019381569e-01 8.191292911145988676e-01 1.208764194929149993e-01 1.304320496614769231e-01 6.593268086171484577e-02 1.304320887788301131e-01 6.593270339375709166e-02 4.411591945745525767e-02
5.021575667774569318e-01 5.265143252547187513e-01 9.838709899612598786e-01 1.463414787957614538e-01 8.191477881433225638e-01 1.208789629906929092e-01 1.304346226762643224e-01 6.593398483688334144e-02 1.304346200270517508e-01 6.593398323950261375e-02 4.411757666711984410e-02
5.279826279857772198e-01 5.142581594774209286e-01 9.838709761276611676e-01 1.463414631805264043e-01 8.191484939700670598e-01 1.208790600783909291e-01 1.304347208344054654e-01 6.593403455310249683e-02 1.304347154748273785e-01 6.593403137436368300e-02 4.411763645515903720e-02
