4.484625191661760768e-01 2.459213303855845301e-01 9.838769078040126015e-01 1.463415083551991291e-01 8.191425716107835209e-01 1.208782636418994638e-01 1.303685338059176468e-01 6.589618479045100674e-02 1.304010993247114447e-01 6.591734681174910015e-02 4.411718462454409379e-02
4.516150985446772403e-01 2.499842032036868611e-01 9.839052153506626652e-01 1.463419506591719099e-01 8.188016802544972883e-01 1.208355309659654847e-01 1.303421563856135834e-01 6.588493548961191215e-02 1.303970369857938294e-01 6.591532045585687949e-02 4.411204236522464628e-02
4.884664587932034396e-01 2.609108621376333703e-01 9.840236601714635878e-01 1.464135273063974230e-01 8.143744236822342275e-01 1.203557848576166933e-01 1.299014514376231610e-01 6.566424081373528621e-02 1.300908453048217339e-01 6.576028197626469785e-02 4.390293808428510913e-02
5.113311452640806332e-01 2.647747944436774081e-01 9.840606889951252212e-01 1.465082979449526535e-01 8.122178762156035958e-01 1.201818431390718755e-01 1.297344064985044287e-01 6.557933801932876172e-02 1.297887727364847588e-01 6.560748871166224849e-02 4.370368113297840723e-02
4.974274148650281169e-01 3.256469393683765756e-01 9.839774544971711112e-01 1.464384221551207899e-01 8.153650544477462070e-01 1.205017921121493696e-01 1.300549997414179315e-01 6.574164296044089639e-02 1.300660306466424887e-01 6.574765576767813147e-02 4.388093578487856777e-02
4.859786518416854828e-01 4.149616562509101381e-01 9.838786691621572711e-01 1.463474066736980272e-01 8.189233691407957760e-01 1.208560093642671446e-01 1.304086027129693626e-01 6.592061675806423771e-02 1.304098374832917129e-01 6.592143049070080252e-02 4.410282514546231408e-02
5.207922191904597042e-01 4.176244578556542741e-01 9.838718839146645134e-01 1.463414930780820300e-01 8.191287175557402378e-01 1.208764604359693767e-01 1.304218638624879967e-01 6.592687910415478969e-02 1.304246541062112352e-01 6.592886540810233287e-02 4.411546409839012250e-02
5.175637722799912854e-01 4.820861123813319771e-01 9.838722069920305957e-01 1.463403093375705843e-01 8.190969356763746489e-01 1.208719702180645339e-01 1.304207650315966360e-01 6.592653815160876007e-02 1.304223978873700340e-01 6.592773076344872474e-02 4.411255898969193567e-02
5.396902731321288060e-01 5.085100842220425799e-01 9.838712354612900723e-01 1.463409078625782789e-01 8.191292862903757355e-01 1.208764194609467518e-01 1.304315966972728058e-01 6.593241208728885250e-02 1.304305011208277132e-01 6.593176826002622448e-02 4.411582534286907775e-02
5.497732384877821454e-01 5.049298185157381491e-01 9.838712707125499835e-01 1.463407437384130205e-01 8.191250230127510301e-01 1.208758326702391028e-01 1.304310792916126283e-01 6.593215066117308343e-02 1.304295493315600074e-01 6.593124348464766971e-02 4.411542726933110475e-02
