4.739839668260352745e-01 2.363650561680698814e-01 9.839159802727253101e-01 1.463414256910693934e-01 8.191451472685712387e-01 1.208786086301724821e-01 1.304260902338729711e-01 6.592993483634231044e-02 1.304176903885673477e-01 6.592575330721130167e-02 4.411999362687738652e-02
4.762843783122968078e-01 2.391120817398129927e-01 9.839334394316906485e-01 1.463405078922896119e-01 8.189575105705639846e-01 1.208543860878486670e-01 1.304010908769006882e-01 6.591781119526143873e-02 1.304171075501544264e-01 6.592522677981543788e-02 4.411916368216559775e-02
5.151023841617526910e-01 2.504182779214432775e-01 9.839253187608466567e-01 1.463543918332327332e-01 8.181762943467303373e-01 1.207711489923138926e-01 1.303167878628443965e-01 6.587405572452129099e-02 1.303747004232355122e-01 6.590363791236447666e-02 4.407978220135457675e-02
5.234569091419707387e-01 2.521499495457577011e-01 9.839137727324774874e-01 1.463646418041053832e-01 8.182479346627017369e-01 1.207944277853691684e-01 1.303393043499768422e-01 6.588504148093932145e-02 1.303567375100710968e-01 6.589461297950621743e-02 4.406564044573404310e-02
5.268195456915155672e-01 2.641147121012054622e-01 9.839144316892834974e-01 1.463733963325159482e-01 8.180941260312939445e-01 1.207609631786674409e-01 1.303056103707874447e-01 6.586795282790866568e-02 1.303178423428729971e-01 6.587494027120442686e-02 4.404004494116920548e-02
6.169085255564383807e-01 3.334728154652941701e-01 9.838803253469027288e-01 1.463494497685020046e-01 8.188967805496812913e-01 1.208462792462376978e-01 1.303567182334816610e-01 6.589168501394468414e-02 1.303696401103418279e-01 6.590084249581221187e-02 4.409319784692854877e-02
6.435436854175280441e-01 3.301297123916380194e-01 9.838732754428345384e-01 1.463413738021015487e-01 8.191352658706666512e-01 1.208772449389586695e-01 1.303778221642534207e-01 6.590176041227256698e-02 1.303924142358022509e-01 6.591225874100310744e-02 4.411314468413152223e-02
6.458524760176629353e-01 3.410889431032922969e-01 9.838767442166120869e-01 1.463362253067782559e-01 8.189384214575755605e-01 1.208502180894076988e-01 1.303540407539974244e-01 6.588992438843258026e-02 1.303666323968776797e-01 6.589913869842053962e-02 4.409509707291239811e-02
7.661883069483368391e-01 4.252943939753917046e-01 9.838785971368081418e-01 1.463245459193569797e-01 8.185821064046939766e-01 1.208012244733721319e-01 1.303421346170472450e-01 6.588592663484478529e-02 1.303099839074463862e-01 6.586705785077970332e-02 4.406206908210594936e-02
8.347124317213252542e-01 4.189674695866950627e-01 9.838775183774381983e-01 1.463223086636004644e-01 8.185566469475257234e-01 1.207976824655015297e-01 1.303407052896592422e-01 6.588520695090914481e-02 1.302947613144781469e-01 6.585796738847167486e-02 4.405896590592909418e-02
