5.056019535438920354e-01 2.221062185040224846e-01 9.839597203857652907e-01 1.463417401360715131e-01 8.191413150772532958e-01 1.208780710314869278e-01 1.305003390902865767e-01 6.597353326888726055e-02 1.304381417284784794e-01 6.593630206161657514e-02 4.412186979462150854e-02
5.098909021583322154e-01 2.123451614951534783e-01 9.839555489520902531e-01 1.463421276477550326e-01 8.191255704470412624e-01 1.208759565214787279e-01 1.304957750632411151e-01 6.597138003011181195e-02 1.304361973293998445e-01 6.593524728645662469e-02 4.411906722248904594e-02
5.214158343206426460e-01 2.204824437320053454e-01 9.839379590452118629e-01 1.463621824818999717e-01 8.185779119161253892e-01 1.208022006955928873e-01 1.303853937833870380e-01 6.591210480273131112e-02 1.303647436911218316e-01 6.589892525196319739e-02 4.406953202693893873e-02
5.263856122786690905e-01 2.446310865953209845e-01 9.839336874147315282e-01 1.463975452908738151e-01 8.176510370456375743e-01 1.206764829049926102e-01 1.302286005207435593e-01 6.582959212052748310e-02 1.302363508704585671e-01 6.583380222432903828e-02 4.398332182227550347e-02
5.643261518312339131e-01 2.647764192234401959e-01 9.839508443847141406e-01 1.464434364733289695e-01 8.162387463383103947e-01 1.204811400887570855e-01 1.300227368991118404e-01 6.572455469060502209e-02 1.300341926612771648e-01 6.573150051402566751e-02 4.385189764572095666e-02
6.536897596639514862e-01 3.203149397244598462e-01 9.838787263121733240e-01 1.463481794554887527e-01 8.189334139330638473e-01 1.208494507416915109e-01 1.303488045332041323e-01 6.588700612326056638e-02 1.303642066953071277e-01 6.589799908815481555e-02 4.409454291938472853e-02
6.526984763132904765e-01 3.235686103195305474e-01 9.838738676589082743e-01 1.463412464671005608e-01 8.191367888294761590e-01 1.208774525196465721e-01 1.303751115050932885e-01 6.590021156970440885e-02 1.303898299897332524e-01 6.591084491894429187e-02 4.411301013027131568e-02
6.581783424818922201e-01 3.253949803119274842e-01 9.838777685686098673e-01 1.463353967879120754e-01 8.189060377392251011e-01 1.208457753429937609e-01 1.303436247693728900e-01 6.588428380591464240e-02 1.303576665811359836e-01 6.589454693327828627e-02 4.409171702701913248e-02
8.919428036198454590e-01 3.824502188665425684e-01 9.838841468868373408e-01 1.463129248344531008e-01 8.181961919763326430e-01 1.207481893872426604e-01 1.302815751344989781e-01 6.585462089034763156e-02 1.302305563074600270e-01 6.582464329097083289e-02 4.402453727863259864e-02
9.315571261743073039e-01 3.905674030809717090e-01 9.838835583202079071e-01 1.463095014492111767e-01 8.181628016810833515e-01 1.207435293325871406e-01 1.302823583172325050e-01 6.585526316744524933e-02 1.302202397018251412e-01 6.581842824977589268e-02 4.402119388546855278e-02
