5.084670725766209376e-01 1.995991113558463759e-01 9.839678477517426192e-01 1.463514440081211121e-01 8.188796285302983868e-01 1.208419938974666652e-01 1.304629804662639503e-01 6.595470741265699322e-02 1.304025138546514029e-01 6.591828676235134132e-02 4.409571116220961651e-02
5.158258786179314992e-01 1.951021946721533118e-01 9.839520724641906968e-01 1.463436998476145834e-01 8.190887523832146577e-01 1.208708246501463551e-01 1.304943800678910470e-01 6.597123673167477886e-02 1.304308107186788745e-01 6.593260499516198636e-02 4.411286295590749473e-02
5.230781073443264706e-01 1.962310682055108391e-01 9.839492419525320832e-01 1.463468894252906716e-01 8.190108743307488171e-01 1.208601113211550115e-01 1.304675620875366260e-01 6.595604829877591002e-02 1.304195376719123056e-01 6.592687372548812486e-02 4.410508599892788012e-02
5.657321658187660640e-01 2.065428356827360146e-01 9.839809769964822372e-01 1.463942847321504925e-01 8.177054452312502164e-01 1.206804186720562971e-01 1.302562411129529474e-01 6.584582999468985287e-02 1.302386143990061085e-01 6.583516365071501175e-02 4.398520735544304144e-02
7.723275911930271853e-01 2.200618867679894619e-01 9.839444921044813164e-01 1.463850272746826109e-01 8.175001696963176689e-01 1.206519577882037703e-01 1.301919013492943422e-01 6.581058719550059166e-02 1.302029578935226806e-01 6.581689881709838763e-02 4.396589318006334512e-02
7.538213346968214434e-01 2.605579784532588983e-01 9.838998491094206322e-01 1.463450939571903919e-01 8.187786191401031921e-01 1.208280977389810801e-01 1.303503145695388832e-01 6.588965160873325178e-02 1.303649863560390754e-01 6.589870107470111038e-02 4.408208123772183740e-02
6.842283688277249754e-01 3.054829345548676911e-01 9.838826561079844213e-01 1.463379822925219009e-01 8.189371327577992243e-01 1.208500180133703777e-01 1.303545079782532923e-01 6.589034598645458762e-02 1.303696061463342770e-01 6.590080705258728744e-02 4.409521089269807792e-02
6.765288866825452940e-01 3.193629065501593089e-01 9.838993500011177229e-01 1.463109740770168199e-01 8.178857534705203935e-01 1.207057236160530150e-01 1.302077038058982450e-01 6.581584929779882298e-02 1.302215672728483375e-01 6.582588415610890475e-02 4.399789235895937983e-02
9.225052846071053470e-01 3.632838320190260317e-01 9.838884613386843503e-01 1.463124778714404717e-01 8.180895965031319550e-01 1.207336208943514677e-01 1.302739750021635057e-01 6.585142371381232096e-02 1.302413309620498449e-01 6.583229310324745231e-02 4.401649319112661829e-02
9.523252245313236219e-01 3.707358059675806006e-01 9.838774084312920110e-01 1.463234758422387871e-01 8.185897803565675979e-01 1.208022420359049914e-01 1.303465948759633397e-01 6.588832010586744004e-02 1.303054519739740291e-01 6.586392740381262489e-02 4.406239984443739710e-02
