4.744804047475378872e-01 9.780299513970149017e-02 9.839961002430001047e-01 1.463685176260816900e-01 8.184189284119322005e-01 1.207784812341440306e-01 1.303110922660598303e-01 6.586954858636898114e-02 1.303357415235524286e-01 6.588416986575747203e-02 4.405079000057729455e-02
4.970998038591065149e-01 1.427843950860056832e-01 9.839725734843866034e-01 1.463542476458101205e-01 8.188038635935810383e-01 1.208315492920702672e-01 1.304094212443166756e-01 6.592381032459261603e-02 1.303895253927853382e-01 6.591153748324245221e-02 4.408609277608502297e-02
5.317316252772542606e-01 1.766861544424551955e-01 9.839547912683567210e-01 1.463455547224688236e-01 8.190161991703135413e-01 1.208608269370457095e-01 1.304546514636358567e-01 6.594819147663916192e-02 1.304174494158997222e-01 6.592570389759883076e-02 4.410562073565401503e-02
7.757300758301629573e-01 1.786146261842639915e-01 9.839166892648973928e-01 1.463442803852452734e-01 8.186164804172572085e-01 1.208057623212844267e-01 1.303385830267310141e-01 6.588361982404085382e-02 1.303394436224011854e-01 6.588551235222937785e-02 4.406876598247685267e-02
8.543987308593401497e-01 1.901986184753164388e-01 9.839023023139075175e-01 1.463421276137028548e-01 8.187056039645935757e-01 1.208180417137992568e-01 1.303431502607883541e-01 6.588560022683130624e-02 1.303555253806403247e-01 6.589370768665279987e-02 4.407689025037307001e-02
8.460290258081282211e-01 2.097088025403143763e-01 9.839063601274903315e-01 1.463418855185729672e-01 8.188980359806753428e-01 1.208445562302773030e-01 1.303827708303563204e-01 6.590718985799384755e-02 1.303953438688125188e-01 6.591419864822839481e-02 4.409454005272780974e-02
8.668758876436835070e-01 2.228530033231003182e-01 9.839001865952997639e-01 1.463402723016919982e-01 8.189068013648211908e-01 1.208457955714226095e-01 1.303882593843853632e-01 6.591015929721856514e-02 1.303969348321429023e-01 6.591507598026635772e-02 4.409519470808089675e-02
9.073391264060026717e-01 2.572385773333059622e-01 9.838941776181102661e-01 1.463302974700017300e-01 8.186396730240087516e-01 1.208091949598685405e-01 1.303548789330418733e-01 6.589321972805371741e-02 1.303592041530763357e-01 6.589596651965132224e-02 4.407043974269742731e-02
9.876977090025232942e-01 3.327645438032933445e-01 9.838721200771557429e-01 1.463401255534997336e-01 8.190961243996794927e-01 1.208718701850660521e-01 1.304273174127275059e-01 6.593027591329633785e-02 1.304270292769800499e-01 6.593010998289525193e-02 4.411278468140727993e-02
9.888167076522249577e-01 3.336492780114126977e-01 9.838711914631563804e-01 1.463410405022879390e-01 8.191358004321914743e-01 1.208773147026137446e-01 1.304328899416084264e-01 6.593309946961752044e-02 1.304325353169103197e-01 6.593288914052101990e-02 4.411643919456822299e-02
