4.592681521297364844e-01 7.212467938685838964e-02 9.839758901821349379e-01 1.463450787739230818e-01 8.190513765041226302e-01 1.208656713596421850e-01 1.303600163195076378e-01 6.589084749666432317e-02 1.304211779617445166e-01 6.592722241940353334e-02 4.410869985031708879e-02
4.650099124536470341e-01 7.757925233443872803e-02 9.839755966715687530e-01 1.463467801848759298e-01 8.190051870014570801e-01 1.208593041291323028e-01 1.303647107581567821e-01 6.589428088085104440e-02 1.304144263812213878e-01 6.592384387473079754e-02 4.410452025861645586e-02
5.698538956992311721e-01 1.178553295937238427e-01 9.839668313816964940e-01 1.463595153144637839e-01 8.185337308220583807e-01 1.207943218913892919e-01 1.303335912326527013e-01 6.588162542539133248e-02 1.303418706365920832e-01 6.588705835357203111e-02 4.406162769202744828e-02
8.630061530352732824e-01 1.659907948026032309e-01 9.838900459739262638e-01 1.463407159966150506e-01 8.186004519953776759e-01 1.208035538003206788e-01 1.303142770288356067e-01 6.586916581388463365e-02 1.303241906389881744e-01 6.587743082708018283e-02 4.406730789093885742e-02
8.781540839120236530e-01 1.734285396202957241e-01 9.838831888901172773e-01 1.463410722858900226e-01 8.188487405308806366e-01 1.208377619537663178e-01 1.303489919310366618e-01 6.588690064479922615e-02 1.303605658639084286e-01 6.589589374802498623e-02 4.409005276307912530e-02
8.800059044502123173e-01 2.017566229732915828e-01 9.838928310352114126e-01 1.463414995753301306e-01 8.189566231247168426e-01 1.208526262087887410e-01 1.303853709685200701e-01 6.590757368574544361e-02 1.303946333685736536e-01 6.591363995538597476e-02 4.409996912837207961e-02
9.072580250525789092e-01 2.211023851460180156e-01 9.838896200665023795e-01 1.463414764990684791e-01 8.191157536073380152e-01 1.208745504610736210e-01 1.304211961518109419e-01 6.592688411448130448e-02 1.304256917688945139e-01 6.592962970256369126e-02 4.411459860927829241e-02
9.339244202669217954e-01 2.515867925374806746e-01 9.838838801842849646e-01 1.463411425322991566e-01 8.191285276659885373e-01 1.208763162938752134e-01 1.304260471189906956e-01 6.592943556817763839e-02 1.304286476252567162e-01 6.593108812528468421e-02 4.411578015590088275e-02
9.886300538780189440e-01 3.325805391075324358e-01 9.838710852160306164e-01 1.463414476651178353e-01 8.191483477331717999e-01 1.208790399467375570e-01 1.304346494610580109e-01 6.593399684443626563e-02 1.304346708972956570e-01 6.593401062079788655e-02 4.411762580055167415e-02
9.891295176908043718e-01 3.333315943945163173e-01 9.838709728149084288e-01 1.463414569189487313e-01 8.191486804385501586e-01 1.208790856495387950e-01 1.304347473962260695e-01 6.593404810654793224e-02 1.304347464787464772e-01 6.593404756488467633e-02 4.411764184973664821e-02
