3.507543329683386335e-01 2.749275847270089002e-01 9.839429074525317676e-01 1.463414642992177661e-01 8.191489121667886453e-01 1.208791180368846002e-01 1.304853636042967446e-01 6.596533584791393345e-02 1.304431694935146435e-01 6.593935474620686576e-02 4.411772235750305998e-02
3.725439720915979525e-01 2.749946750772346848e-01 9.839178066316314197e-01 1.463414661495244518e-01 8.191488903383090658e-01 1.208791147210453859e-01 1.304640390618286849e-01 6.595220812210392247e-02 1.304457466931643328e-01 6.594101983127019506e-02 4.411950026638852829e-02
3.999888568913680942e-01 2.729293459176006520e-01 9.838867656696783648e-01 1.463414643031005213e-01 8.191489221405127141e-01 1.208791189863013260e-01 1.304439916052120840e-01 6.593975513942298972e-02 1.304525289997179316e-01 6.594524640457617715e-02 4.412193491700417552e-02
4.226187706386166365e-01 2.620899012731505162e-01 9.838837321825761872e-01 1.463414638164038661e-01 8.191489297284914040e-01 1.208791207767625081e-01 1.304148992872972423e-01 6.592314500963405988e-02 1.304321470716874598e-01 6.593423703759264398e-02 4.412027223042362667e-02
4.480925489954480923e-01 2.465650175605395844e-01 9.838797849291319730e-01 1.463414635050183654e-01 8.191489369538665910e-01 1.208791225287606658e-01 1.303752807197955388e-01 6.590041259618303893e-02 1.304031097488137780e-01 6.591834215210509718e-02 4.411841185121678083e-02
4.797818387457070122e-01 2.343177064736755022e-01 9.839224344863067850e-01 1.463414637112059047e-01 8.191489288030553428e-01 1.208791211126288706e-01 1.304408840476845022e-01 6.593873550058364230e-02 1.304218246467942766e-01 6.592791543742854143e-02 4.412092831077391725e-02
5.072965336199420916e-01 2.212905431037749393e-01 9.839575260600442741e-01 1.463414643290042172e-01 8.191489075458630031e-01 1.208791170223751932e-01 1.305019986835004864e-01 6.597443081616555238e-02 1.304394886926633634e-01 6.593698498434395761e-02 4.412248397542906792e-02
5.118889015960012001e-01 2.006256944729232772e-01 9.839572532442123487e-01 1.463414889208540792e-01 8.191481728222282932e-01 1.208790162139905117e-01 1.304979033060336135e-01 6.597223667187393503e-02 1.304386258329590376e-01 6.593652749048929673e-02 4.412018839933982278e-02
4.839650119974165388e-01 1.081633475009201040e-01 9.839782766778764067e-01 1.463416358299648723e-01 8.191440532607552338e-01 1.208784492566245261e-01 1.304189347098702323e-01 6.592497193824509161e-02 1.304336725291635468e-01 6.593366649296097948e-02 4.411754407799334948e-02
4.612469029778766272e-01 7.344471607681507530e-02 9.839742657724438457e-01 1.463414855437823736e-01 8.191482745994064230e-01 1.208790300993479588e-01 1.303733414569650806e-01 6.589760181296865083e-02 1.304342086519022226e-01 6.593378912486486110e-02 4.411763863452260875e-02
