3.472728075353214150e-01 2.867429617354756433e-01 9.839240358653371654e-01 1.463414655956513377e-01 8.191488652630241063e-01 1.208791111339285879e-01 1.304622565305184334e-01 6.595165463807700634e-02 1.304247751818964352e-01 6.592918882406784142e-02 4.411757621766096427e-02
3.571150452382620410e-01 2.984100043506897615e-01 9.838904781372905806e-01 1.463414675754427241e-01 8.191487958463417041e-01 1.208791015995122758e-01 1.304259938697300836e-01 6.592990892456160323e-02 1.304053872549159887e-01 6.591857982223212065e-02 4.411835427160221146e-02
3.902343076765034668e-01 2.837436727942974080e-01 9.838851762897684594e-01 1.463414751613295040e-01 8.191486758131264478e-01 1.208790894209355316e-01 1.304340425758414301e-01 6.593416730015096150e-02 1.304343544955463008e-01 6.593508135698208927e-02 4.412045197065034979e-02
4.213406352763913731e-01 2.683810081132717018e-01 9.838946201472688058e-01 1.463418483234701362e-01 8.191404814740775864e-01 1.208781343790823887e-01 1.304266970601072606e-01 6.593038227360818737e-02 1.304317736835011177e-01 6.593392528549205100e-02 4.411864761557744707e-02
4.453842484319292527e-01 2.527724023535449227e-01 9.838910015853060687e-01 1.463420593705464512e-01 8.191364145070029190e-01 1.208775725105049881e-01 1.303891495873925888e-01 6.590874333029268783e-02 1.304095330631195593e-01 6.592176573816134477e-02 4.411754975040946963e-02
4.785134809367773134e-01 2.384022485583250639e-01 9.839309741238769780e-01 1.463420963642021455e-01 8.191192914501257416e-01 1.208753473459987932e-01 1.304330803144232720e-01 6.593458204766924902e-02 1.304210689194434392e-01 6.592729324577345507e-02 4.411948113412714895e-02
5.127411020247463203e-01 2.107827921039626684e-01 9.839529796635005932e-01 1.463414692945237405e-01 8.191486018566230820e-01 1.208790763262014567e-01 1.304982755147023055e-01 6.597251150140168163e-02 1.304389517522857589e-01 6.593669563500038910e-02 4.412027906118239778e-02
5.182520600280089429e-01 1.956306071098643240e-01 9.839474121361047043e-01 1.463414736078459122e-01 8.191486111151338179e-01 1.208790765407403434e-01 1.304983793958310323e-01 6.597285063737123867e-02 1.304385612399527883e-01 6.593651409514331152e-02 4.411820405846558768e-02
5.121266717718209183e-01 1.574710195891764475e-01 9.839619371473109499e-01 1.463419351128539547e-01 8.191359356672366365e-01 1.208773300043154697e-01 1.304632819286213330e-01 6.595187886438255709e-02 1.304341655585267989e-01 6.593411694776470100e-02 4.411667203052558467e-02
4.850171362685678500e-01 8.325148504687136797e-02 9.839700230092630617e-01 1.463433888052020904e-01 8.190968401914545671e-01 1.208719395707311406e-01 1.303754021849165279e-01 6.589950410335207454e-02 1.304253988447521273e-01 6.592933375911416705e-02 4.411294334573334641e-02
