3.348422134309235743e-01 3.344146639726394699e-01 9.838657760639787364e-01 1.463414783394674790e-01 8.191486138502839243e-01 1.208790716172179619e-01 1.303816845207707020e-01 6.590347326956480511e-02 1.303821130475131818e-01 6.590535814859535546e-02 4.411727762374229034e-02
3.399301410643428278e-01 3.250636781381098794e-01 9.838640341724242955e-01 1.463414709264699853e-01 8.191486514507462235e-01 1.208790811701018902e-01 1.303908711980548973e-01 6.590915767500414579e-02 1.303733511936022715e-01 6.590074696861422665e-02 4.411724931149141327e-02
3.496716495326711582e-01 3.234120308929867016e-01 9.838714510739628993e-01 1.463416076389643106e-01 8.191462626680429127e-01 1.208787822845561744e-01 1.304113559183411875e-01 6.592100518646458462e-02 1.304036888498981139e-01 6.591792902611399996e-02 4.411736175746303057e-02
3.867455211426889528e-01 3.114949522183399488e-01 9.839162701012127421e-01 1.463642967882571311e-01 8.185708969991796202e-01 1.208155731572866237e-01 1.303766864968312622e-01 6.590565154718516783e-02 1.303717185867631079e-01 6.590310533927079550e-02 4.407677785472460807e-02
4.367086685571641147e-01 2.865342171200306876e-01 9.840041150441405371e-01 1.464648841060611217e-01 8.154069726887103187e-01 1.204472072929126253e-01 1.300081407300801295e-01 6.571911814190853351e-02 1.300299151922243712e-01 6.572959468399559857e-02 4.385689202153160438e-02
4.956936919347230686e-01 2.590028321722512294e-01 9.839551833163182604e-01 1.463828853044815692e-01 8.174804467744583025e-01 1.206699153923290746e-01 1.302229190576842943e-01 6.582703624741612081e-02 1.302798599879508024e-01 6.585558067197164189e-02 4.401724797001870665e-02
5.223272653913176855e-01 2.320102667126275886e-01 9.839282965909804668e-01 1.463419170163460514e-01 8.191212074374244478e-01 1.208753768306293080e-01 1.304427136506956519e-01 6.593967664445365973e-02 1.304339185452751126e-01 6.593378727927531879e-02 4.411658406539090832e-02
5.307710863732399975e-01 2.055894535923553645e-01 9.839638906697733001e-01 1.463414834084519334e-01 8.191478564441758703e-01 1.208789730551569214e-01 1.304727802922059643e-01 6.595749209052566286e-02 1.304368811132097239e-01 6.593550606309600548e-02 4.411765961272103020e-02
6.723036235462848120e-01 1.798124256882155381e-01 9.839408637006844538e-01 1.463431913530484907e-01 8.190958663747863744e-01 1.208718059045711946e-01 1.304332587352693695e-01 6.593436795810599105e-02 1.304142736386060264e-01 6.592365514691657380e-02 4.411285333049225904e-02
8.461461333260523743e-01 1.622237226693111489e-01 9.838856277888912150e-01 1.463445433768272574e-01 8.190589128885288339e-01 1.208667109285741087e-01 1.303771935199423138e-01 6.590105324463629843e-02 1.303885089701686539e-01 6.591002027256613605e-02 4.410939789902201119e-02
