3.225750923317690089e-01 3.664753128508935198e-01 9.838612661107420942e-01 1.463414929614190174e-01 8.191483916783762753e-01 1.208790358120062219e-01 1.303675246695755463e-01 6.589430606034843430e-02 1.304089531576385075e-01 6.591996802544526635e-02 4.411753819286646366e-02
3.333606251558500211e-01 3.423708239243089535e-01 9.838659439232040338e-01 1.463414771293579941e-01 8.191485956295490034e-01 1.208790718585487506e-01 1.303977708536692426e-01 6.591266291601118044e-02 1.304036676421473639e-01 6.591760362184392874e-02 4.411746806775163066e-02
3.472647451449842326e-01 3.331918017293539758e-01 9.838742835907074991e-01 1.463415390307810371e-01 8.191476098163923414e-01 1.208789462708869250e-01 1.304286897328480743e-01 6.593076212324118501e-02 1.304362036481686304e-01 6.593626407399505451e-02 4.411758236618121276e-02
3.664350474382391809e-01 3.323884630703750065e-01 9.839011687992903488e-01 1.463590778081470256e-01 8.187561093628342723e-01 1.208339119070031553e-01 1.303945101399069662e-01 6.591438515125395969e-02 1.303966718492410581e-01 6.591629128658431369e-02 4.408819317674256277e-02
4.270995145116021074e-01 3.142736526050018409e-01 9.841431475904537374e-01 1.466931125137644065e-01 8.083446836319890805e-01 1.196472536912016188e-01 1.292174660613692461e-01 6.531900037778623491e-02 1.292915378251141278e-01 6.535633212375004109e-02 4.337238608402584766e-02
5.102672553007124856e-01 2.614760251447066919e-01 9.839228635952537161e-01 1.463710319099214008e-01 8.180961371989996511e-01 1.207457993577923799e-01 1.302923387505575958e-01 6.586140533952551668e-02 1.303400105642087969e-01 6.588613862968867307e-02 4.405435318050457405e-02
5.247713275272878342e-01 2.494226815843914591e-01 9.838924196050328197e-01 1.463415090669274443e-01 8.191469376224530530e-01 1.208788500678204259e-01 1.304227674716770535e-01 6.592734917512592385e-02 1.304346630277920249e-01 6.593401473625833120e-02 4.411755542019681064e-02
5.917963575923177455e-01 2.328795141963892201e-01 9.839170819480070884e-01 1.463415127354704692e-01 8.191446495111179837e-01 1.208785331275673280e-01 1.304257924050482853e-01 6.592933934862874046e-02 1.304332342407931444e-01 6.593333536715688392e-02 4.411744507008558136e-02
8.458720448970672434e-01 1.841439188899738622e-01 9.838908673048040177e-01 1.463414674856327036e-01 8.191486241554263303e-01 1.208790779132025567e-01 1.304006137530416276e-01 6.591426569111109857e-02 1.304110293532339537e-01 6.592166460878243206e-02 4.411762208393726903e-02
8.819808095534833470e-01 1.697847360686776386e-01 9.838747729092939265e-01 1.463414638013080804e-01 8.191489204990041184e-01 1.208791187364772202e-01 1.303884307102422535e-01 6.590674488905301498e-02 1.303989641836479085e-01 6.591527087088254466e-02 4.411764610574244599e-02
