2.671309597352001797e-01 5.345244657397670851e-01 9.838271973258319036e-01 1.463414885261553056e-01 8.191480238584020190e-01 1.208789920031340531e-01 1.303331856268461764e-01 6.587477513309406008e-02 1.304239702553082192e-01 6.592879161970741086e-02 4.411759637899596853e-02
2.826735603648978801e-01 4.576542749359165385e-01 9.838467892966000772e-01 1.463415216244613737e-01 8.191465210042655487e-01 1.208787961819075135e-01 1.303691556658549688e-01 6.589560354885828919e-02 1.304227297792411588e-01 6.592795555284812481e-02 4.411751148425355901e-02
3.573024923786391471e-01 3.646057526665787418e-01 9.838730383887629438e-01 1.463420783355878219e-01 8.191335667646216789e-01 1.208776304802710450e-01 1.304270420159598098e-01 6.592968957459423296e-02 1.304390548199969302e-01 6.593750512234410055e-02 4.411677827654526124e-02
4.201607407890505796e-01 3.876537129155714911e-01 9.838883957371574729e-01 1.463540778678306398e-01 8.188458505591774683e-01 1.208454258183350033e-01 1.304031316406730201e-01 6.591832298132757617e-02 1.304046840926350037e-01 6.591949662995841286e-02 4.409577878828119246e-02
4.589340081210835365e-01 3.694490078171143166e-01 9.839800114315059298e-01 1.464613312605134721e-01 8.155351222787523557e-01 1.204732880076478663e-01 1.300323944753080663e-01 6.573061965772455939e-02 1.300566043567913110e-01 6.574294925329993156e-02 4.387000221821474311e-02
5.150118298271052497e-01 2.839247054821721905e-01 9.839602689065388708e-01 1.464015996225869198e-01 8.167758886240137350e-01 1.205980305488134341e-01 1.301472792544379198e-01 6.578813211302372843e-02 1.302176707489459684e-01 6.582429140002181434e-02 4.397458817302711542e-02
5.415292434237003460e-01 2.577764363002363890e-01 9.838943849775595440e-01 1.463430147368271206e-01 8.190562564340262419e-01 1.208668581627011379e-01 1.304074069022431726e-01 6.591931957427592248e-02 1.304248047670769906e-01 6.592900579613891754e-02 4.411275623640162347e-02
7.309878557714242220e-01 2.260540645062305565e-01 9.839018068631554259e-01 1.463415075065023496e-01 8.191432447069846301e-01 1.208783448938890726e-01 1.304186548887974473e-01 6.592548434525682954e-02 1.304323372789997493e-01 6.593291916076100823e-02 4.411718398707170641e-02
8.418594095774881714e-01 2.023216451603520594e-01 9.839003129164850536e-01 1.463414634274044224e-01 8.191489093508105279e-01 1.208791170613273264e-01 1.304129375310583983e-01 6.592204946648191899e-02 1.304261910056743745e-01 6.592968811608278246e-02 4.411764497325193490e-02
8.684038851254839431e-01 1.836010227735297151e-01 9.838848617781388306e-01 1.463414637500883020e-01 8.191486593968529961e-01 1.208790827369123494e-01 1.303985063848170090e-01 6.591300543368887321e-02 1.304102737434650605e-01 6.592126308525710077e-02 4.411762277810326455e-02
