2.494128703745140119e-01 6.043492660317976162e-01 9.838116911744706483e-01 1.463414686054880787e-01 8.191487094174092487e-01 1.208790900440304683e-01 1.303182443085572351e-01 6.586644649595907453e-02 1.304276603370922161e-01 6.593120164017367280e-02 4.411764344372435392e-02
2.587986484878079252e-01 5.841632025203987721e-01 9.838187230066819389e-01 1.463418049536178156e-01 8.191301007520904731e-01 1.208765323469947195e-01 1.303263804406032678e-01 6.587124003217627310e-02 1.304239650638502612e-01 6.592907545649813461e-02 4.411603524440844970e-02
4.244452299382496241e-01 4.435694008508577757e-01 9.838663036888614100e-01 1.463417796970325757e-01 8.191346399484656926e-01 1.208774056200175168e-01 1.304212721847958500e-01 6.592629597170492073e-02 1.304317558705558600e-01 6.593259928500802558e-02 4.411657750509605930e-02
4.611139030921697635e-01 4.293882811486730011e-01 9.838718241929008679e-01 1.463416176107040501e-01 8.191458232373197701e-01 1.208787333346493936e-01 1.304343358560361710e-01 6.593383739305030966e-02 1.304344467496412752e-01 6.593391180721359934e-02 4.411741139307569920e-02
4.792936397992599851e-01 4.173178162224558396e-01 9.838780208728508114e-01 1.463436037408320234e-01 8.190886060253333989e-01 1.208724183899471671e-01 1.304262353917469697e-01 6.592962203556376743e-02 1.304273041145921908e-01 6.593027265475051579e-02 4.411350576630021503e-02
6.051616399271612101e-01 3.381901908541634638e-01 9.838820771776373153e-01 1.463433522586876923e-01 8.190763208512368276e-01 1.208711849262953941e-01 1.303849914795306431e-01 6.590623963582886713e-02 1.303984043845425045e-01 6.591545281990826566e-02 4.411115635287303494e-02
6.470143593883886934e-01 3.206771774901781002e-01 9.838743073750058077e-01 1.463414682857883398e-01 8.191481528877233576e-01 1.208790152447284938e-01 1.303778281199871047e-01 6.590169886517562026e-02 1.303940252052613880e-01 6.591318744329113799e-02 4.411455454344624660e-02
7.124858483888673044e-01 2.848000959950306998e-01 9.838837851606241358e-01 1.463414617459341260e-01 8.191443006072809396e-01 1.208784943735157213e-01 1.303913676508080544e-01 6.590966447109919413e-02 1.304064787917581791e-01 6.591961592717526797e-02 4.411511293903998959e-02
8.563577380018965179e-01 2.177037877910766583e-01 9.838991605697650078e-01 1.463414659497605796e-01 8.191469672872742080e-01 1.208788497972139858e-01 1.304210993719200073e-01 6.592684114153914143e-02 1.304314377387302826e-01 6.593250925506011217e-02 4.411739389858505139e-02
8.986698377921223946e-01 2.186753553243546977e-01 9.838923439042445152e-01 1.463414639114695159e-01 8.191484482295601222e-01 1.208790538402802345e-01 1.304233815742130709e-01 6.592783865434581614e-02 1.304299639676808897e-01 6.593176366842934399e-02 4.411760506135162935e-02
