2.879076063875036784e-01 5.993774262336515335e-01 9.838250306212020790e-01 1.463426589096354646e-01 8.190821332247103514e-01 1.208699389682836994e-01 1.303331019578956029e-01 6.587573080148549642e-02 1.304206619001972156e-01 6.592753189537470249e-02 4.411185005215718241e-02
3.684421168461781693e-01 5.761200588509575171e-01 9.838520598797486638e-01 1.463419748110834362e-01 8.191203142352927458e-01 1.208751868174029465e-01 1.303926312492624251e-01 6.590988865332909896e-02 1.304287035088663727e-01 6.593123203117688680e-02 4.411516543122868256e-02
4.370620062062279820e-01 5.202991819108483407e-01 9.838695890174723457e-01 1.463419097808321689e-01 8.191244783397341189e-01 1.208757601423981198e-01 1.304277055869571267e-01 6.593020550819776726e-02 1.304311868137153774e-01 6.593226707612807880e-02 4.411552052807212604e-02
4.738322782933868660e-01 4.432550074810799323e-01 9.838710691775919281e-01 1.463414933994190703e-01 8.191476926078709031e-01 1.208789538651703493e-01 1.304345444192549774e-01 6.593394047057220264e-02 1.304345826978507150e-01 6.593395919354344548e-02 4.411760387054834698e-02
5.195555594015633938e-01 4.144611304440465327e-01 9.838716774943517818e-01 1.463416167486739361e-01 8.191427826693128411e-01 1.208784269879025070e-01 1.304267223964534761e-01 6.592952305138935487e-02 1.304287776144741062e-01 6.593097373713364961e-02 4.411698208344776162e-02
6.385393226451197002e-01 3.330751538256984112e-01 9.838722224594802501e-01 1.463414652169376384e-01 8.191484180248735925e-01 1.208790460315218862e-01 1.303806329835285049e-01 6.590328420208334259e-02 1.303956692707220200e-01 6.591402408946199498e-02 4.411470011405210778e-02
6.520265658635255868e-01 3.240451197962062047e-01 9.838711353784586056e-01 1.463414582054325397e-01 8.191486463781391114e-01 1.208790811458003850e-01 1.303739192286990090e-01 6.589950478505526843e-02 1.303917746129872601e-01 6.591215516700379973e-02 4.411479959644645787e-02
6.645778304570419959e-01 3.186898616678561780e-01 9.838727752101865676e-01 1.463414570309612694e-01 8.191486166323418416e-01 1.208790771391517332e-01 1.303772740051155343e-01 6.590139259248078973e-02 1.303937141486116447e-01 6.591308356150056558e-02 4.411458367617077797e-02
8.935081589762121634e-01 2.296464932414239712e-01 9.838887466164848439e-01 1.463414221220724343e-01 8.191470046093903834e-01 1.208788558491813298e-01 1.304221119531542017e-01 6.592707329764506408e-02 1.304277893449168058e-01 6.593068513738697956e-02 4.411725120016200125e-02
9.154654842591893882e-01 2.229436793267384198e-01 9.838919770227353423e-01 1.463414630274260109e-01 8.191489032252162739e-01 1.208791166711093157e-01 1.304248322486017686e-01 6.592859674352695432e-02 1.304307873128078832e-01 6.593220098671043194e-02 4.411764619446252589e-02
