4.301377572305002395e-01 5.967258109571504932e-01 9.838690443876206837e-01 1.463419167578384472e-01 8.191235551097667544e-01 1.208756322286212853e-01 1.304265509263146661e-01 6.592954716457349873e-02 1.304310641477212374e-01 6.593221746562913377e-02 4.411544202140916388e-02
4.280327949016560218e-01 5.701469657160824767e-01 9.838704245550681238e-01 1.463414639700338915e-01 8.191488951733658652e-01 1.208791152328146795e-01 1.304337133806712790e-01 6.593344594985291185e-02 1.304347177928515955e-01 6.593404015662780726e-02 4.411764509078424518e-02
4.575043068199537433e-01 5.477196173798529744e-01 9.838709290100124960e-01 1.463414673358612028e-01 8.191486706940325213e-01 1.208790843081664623e-01 1.304346596497139854e-01 6.593399729446652868e-02 1.304347409783197242e-01 6.593404537814215316e-02 4.411763246808395045e-02
5.177879992992355795e-01 5.127642131370993006e-01 9.838709725960712582e-01 1.463414670898137704e-01 8.191487018824251676e-01 1.208790869793704287e-01 1.304347386945562126e-01 6.593404309815428799e-02 1.304347416277858163e-01 6.593404416349293862e-02 4.411764610069459497e-02
5.345759540386004760e-01 4.890776788247051532e-01 9.838710457259053355e-01 1.463414753759634812e-01 8.191478651566077573e-01 1.208789645709724553e-01 1.304320107854610999e-01 6.593249805002489305e-02 1.304326699925894839e-01 6.593297177171514312e-02 4.411747855192601347e-02
6.386393764048841071e-01 3.501516819035468409e-01 9.838720131572096239e-01 1.463413680685804741e-01 8.191448607952815930e-01 1.208785586950696239e-01 1.303850265847980860e-01 6.590578002409873404e-02 1.303974014763767120e-01 6.591477819002006244e-02 4.411443679881294627e-02
6.595376273721130778e-01 3.258880373169170119e-01 9.838716045342144056e-01 1.463414561671138869e-01 8.191485812441482439e-01 1.208790721989214667e-01 1.303760392562160753e-01 6.590066160513664839e-02 1.303908509311171859e-01 6.591143423380499411e-02 4.411436128306011478e-02
6.698771122276290235e-01 3.222986053116595473e-01 9.838752672739369265e-01 1.463370294473325672e-01 8.189674583630021099e-01 1.208542107158768336e-01 1.303529940496711836e-01 6.588912880168948383e-02 1.303683743118868865e-01 6.590024536367455887e-02 4.409776165608107756e-02
9.095366755759137778e-01 2.565936168859192512e-01 9.838870841035299852e-01 1.463364149021994243e-01 8.189414040935825145e-01 1.208506347170834883e-01 1.303954166559327388e-01 6.591361607051512972e-02 1.303997880816433752e-01 6.591653019450402495e-02 4.409826166462892799e-02
9.330126143486351387e-01 2.491533034079460585e-01 9.838854508288846779e-01 1.463414577722771948e-01 8.191487146315467038e-01 1.208790905778120983e-01 1.304278887749540927e-01 6.593029143366628542e-02 1.304314926697525967e-01 6.593253784297667397e-02 4.411763694765368643e-02
