4.672316612948984593e-01 6.391910723332189237e-01 9.838709598013183344e-01 1.463414647869053509e-01 8.191488469398880978e-01 1.208791085385969716e-01 1.304347514473410408e-01 6.593404875741445959e-02 1.304347694400216362e-01 6.593405940413039901e-02 4.411764042476035153e-02
4.648708669268935556e-01 6.043746519288870633e-01 9.838709661990212574e-01 1.463414647500835830e-01 8.191487969401268776e-01 1.208791014712411321e-01 1.304347552668421450e-01 6.593405148349461287e-02 1.304347631973480359e-01 6.593405617497129223e-02 4.411764228718383779e-02
5.065778483602549898e-01 5.426777856164898273e-01 9.838709714429251241e-01 1.463414648126033779e-01 8.191487365745694360e-01 1.208790933680992385e-01 1.304347547867575619e-01 6.593405182663536479e-02 1.304347552255868126e-01 6.593405208455452304e-02 4.411764657434479042e-02
5.266919757118052603e-01 5.163131666428154576e-01 9.838709698697248873e-01 1.463414643484763078e-01 8.191488199443489604e-01 1.208791050389587812e-01 1.304347659231265000e-01 6.593405742719031515e-02 1.304347632307266691e-01 6.593405581020178596e-02 4.411764680978502023e-02
5.365841094045445958e-01 5.094098938037197044e-01 9.838709168027887086e-01 1.463414678835588678e-01 8.191483669207607621e-01 1.208790425686182973e-01 1.304344906583244923e-01 6.593389937633138687e-02 1.304338605860527744e-01 6.593352714933488345e-02 4.411758531115925891e-02
7.386575491777931379e-01 4.396138615447172660e-01 9.838694710824353873e-01 1.463385478854142274e-01 8.190573944635772818e-01 1.208665347141851393e-01 1.304104954126492355e-01 6.592073916537873057e-02 1.303806719033227535e-01 6.590316998552665784e-02 4.410629340124716524e-02
9.001352839515902593e-01 3.845429133204308902e-01 9.838662089119227794e-01 1.463393871976677030e-01 8.190821384643257597e-01 1.208699391423054409e-01 1.304041956343461317e-01 6.591670796761120443e-02 1.303492749787143468e-01 6.588435853132057485e-02 4.410604282297999473e-02
9.195854543689793159e-01 3.668727657452269253e-01 9.838778127052606459e-01 1.463262682548891191e-01 8.185832872893472612e-01 1.208014378015618423e-01 1.303402462528849004e-01 6.588481725489958585e-02 1.303037374355775491e-01 6.586342206123946275e-02 4.406168157628330417e-02
9.856686176784880127e-01 3.327137939478901352e-01 9.838710306071415390e-01 1.463414506574040042e-01 8.191484946934866063e-01 1.208790600509737079e-01 1.304340453063510818e-01 6.593365096837711103e-02 1.304338651826032480e-01 6.593356731647816160e-02 4.411759368351201444e-02
9.883042756614927038e-01 3.321484075615710463e-01 9.838712317918170136e-01 1.463414565503290132e-01 8.191486764066318038e-01 1.208790849858891875e-01 1.304346157584462540e-01 6.593397518875931951e-02 1.304346996859970520e-01 6.593402521557262252e-02 4.411764666772100690e-02
