4.925289137173168852e-01 6.479843215140067558e-01 9.838709683024663422e-01 1.463414634226006816e-01 8.191489067946542413e-01 1.208791166612473988e-01 1.304347786685747246e-01 6.593406394097831025e-02 1.304347786834431366e-01 6.593406394976678020e-02 4.411764704120271774e-02
5.078050989349492950e-01 6.327311322509935332e-01 9.838709703512007465e-01 1.463414635678801923e-01 8.191487942169207725e-01 1.208791006567864895e-01 1.304347634480358675e-01 6.593405623708946395e-02 1.304347634564293756e-01 6.593405624205242455e-02 4.411764694558493322e-02
5.308154154914825895e-01 5.783088767661315188e-01 9.838709734842222554e-01 1.463414643237820612e-01 8.191486290353252597e-01 1.208790781849842372e-01 1.304347408095324345e-01 6.593404471279235013e-02 1.304347407977777817e-01 6.593404470579873611e-02 4.411764698903614113e-02
5.336535571387710508e-01 5.233237686685398016e-01 9.838709774608390690e-01 1.463414680968188608e-01 8.191483912754426999e-01 1.208790460128453675e-01 1.304347049444699314e-01 6.593402633133697843e-02 1.304346919605164357e-01 6.593401862677898684e-02 4.411764574857984789e-02
5.655747071184342722e-01 4.997338801395344587e-01 9.838707507405803909e-01 1.463414243629351241e-01 8.191449436257840500e-01 1.208785719939867442e-01 1.304334899397308623e-01 6.593333878940123294e-02 1.304306769523562726e-01 6.593167060701562998e-02 4.411722304359643604e-02
8.636355157824080475e-01 4.104390655190163772e-01 9.838660827864821323e-01 1.463403690721034045e-01 8.191143345717917246e-01 1.208743634054001703e-01 1.304161277818599030e-01 6.592326233883688547e-02 1.303638117856677214e-01 6.589223682861461429e-02 4.410980408541037567e-02
9.325792298295931815e-01 3.903534748012382205e-01 9.838643928713216580e-01 1.463414496813582044e-01 8.191485238880367170e-01 1.208790644673826270e-01 1.304186310407315641e-01 6.592433095101271623e-02 1.303514674650585459e-01 6.588445462065829761e-02 4.411168435302442736e-02
9.501937224001577587e-01 3.726979563098662407e-01 9.838665926403438178e-01 1.463408724801572025e-01 8.191306301280277813e-01 1.208766040702000805e-01 1.304204088177657594e-01 6.592563430430213589e-02 1.303753683199861124e-01 6.589892104957571772e-02 4.411194164080730479e-02
9.885728914718965310e-01 3.338543002186397102e-01 9.838709097139552995e-01 1.463414565242584786e-01 8.191486757245607375e-01 1.208790848872546286e-01 1.304345948708545699e-01 6.593395671619858844e-02 1.304339430724565929e-01 6.593356935624737625e-02 4.411758966170636204e-02
9.891259986253445602e-01 3.333310389900375759e-01 9.838709709407421622e-01 1.463414614672896019e-01 8.191488338447435735e-01 1.208791066116042950e-01 1.304347679442376395e-01 6.593405844550073724e-02 1.304347657536832072e-01 6.593405714126523987e-02 4.411764683634681466e-02
