3.502107980482760952e-01 2.754539135947136064e-01 9.839414032627440410e-01 1.463416942423585720e-01 8.191452085597610289e-01 1.208786247152932175e-01 1.304845780717064918e-01 6.596493038821983623e-02 1.304421254082415993e-01 6.593884179730429007e-02 4.411738567132261757e-02
3.761287483382741992e-01 2.745700316472635683e-01 9.839175353639733057e-01 1.463470268274860986e-01 8.190593015936297183e-01 1.208671835090809193e-01 1.304520403690510311e-01 6.594607784432690578e-02 1.304356224410908316e-01 6.593607753520144832e-02 4.411158681101810114e-02
4.028074928691302015e-01 2.725111619099067628e-01 9.838941098349586190e-01 1.463523757499458622e-01 8.189739841447981616e-01 1.208556173099098324e-01 1.304200301117288963e-01 6.592760935727570715e-02 1.304299287970196730e-01 6.593394117684220346e-02 4.410590757076719021e-02
4.287476476042108020e-01 2.581451518847359683e-01 9.838849925534058904e-01 1.463467562690274337e-01 8.190632704132153608e-01 1.208677072309442546e-01 1.303910148885021325e-01 6.590999377119376168e-02 1.304133617425020930e-01 6.592445823485695855e-02 4.411183344345878665e-02
4.492453865486717990e-01 2.456645812482164681e-01 9.838785016026952990e-01 1.463416530521228776e-01 8.191455983561999332e-01 1.208786855766583873e-01 1.303689757181017150e-01 6.589645406288677232e-02 1.304007596236469169e-01 6.591711480829817726e-02 4.411741860280191802e-02
4.751146915874302490e-01 2.366618198342066437e-01 9.839149015047623514e-01 1.463417090809822907e-01 8.191427435294482695e-01 1.208782763011904821e-01 1.304254923444221614e-01 6.592956566942201335e-02 1.304169055448707593e-01 6.592536904839629841e-02 4.411945938945304596e-02
5.058413561933664537e-01 2.220987899582693437e-01 9.839592525313611837e-01 1.463423230535184638e-01 8.191267989196374666e-01 1.208760712556816164e-01 1.304980017748656740e-01 6.597228427760355729e-02 1.304361251411750022e-01 6.593529393002704742e-02 4.412043835266345193e-02
5.088288924928499046e-01 1.996347888381854174e-01 9.839672701209616346e-01 1.463523384961422369e-01 8.188560397786057710e-01 1.208387427020432558e-01 1.304593775156059343e-01 6.595282603204249972e-02 1.303993745976094465e-01 6.591671394750731050e-02 4.409347235078944077e-02
4.749854896683916583e-01 9.883643450162259148e-02 9.839958505089034801e-01 1.463702582480138348e-01 8.183719923766523685e-01 1.207720106487270573e-01 1.303051241924600423e-01 6.586657131630171969e-02 1.303294147756509369e-01 6.588097671524954790e-02 4.404647610855905171e-02
4.591016533718638715e-01 7.205513296968767134e-02 9.839758289187354734e-01 1.463461478733075471e-01 8.190225321590107743e-01 1.208616948316528911e-01 1.303553548059862566e-01 6.588843613880833450e-02 1.304172970813595456e-01 6.592525638004149979e-02 4.410604775368956454e-02
