3.451112164169310992e-01 2.985263210478727447e-01 9.839034439612061034e-01 1.463424470412545697e-01 8.191311199539169641e-01 1.208771695557998571e-01 1.304341794830806145e-01 6.593525670957363360e-02 1.303994934099845515e-01 6.591521972231126347e-02 4.411602058516948810e-02
3.660487880009452577e-01 2.908897389881514584e-01 9.839099247338776166e-01 1.463700293849058420e-01 8.186273571281929007e-01 1.208226156012925795e-01 1.303837892225027106e-01 6.590961876030938804e-02 1.303654310386020976e-01 6.589917667918364363e-02 4.408096055499107629e-02
4.030892010633715383e-01 2.768503760665027569e-01 9.839228964711023151e-01 1.464150174000082016e-01 8.177790387062263688e-01 1.207286572327606472e-01 1.302942132268376518e-01 6.586405399603763311e-02 1.302989863963000539e-01 6.586722747957608759e-02 4.402078970662771928e-02
4.337976284177581521e-01 2.625146529239683613e-01 9.839176202536623617e-01 1.463751434022296238e-01 8.184042157151839580e-01 1.207986809475898038e-01 1.303344778305089435e-01 6.588282627658217927e-02 1.303489161721736178e-01 6.589142386945798235e-02 4.406830246561909553e-02
4.640922057638219855e-01 2.486196890178876684e-01 9.839029246652409855e-01 1.463443189118197041e-01 8.190401621401958154e-01 1.208678431364902384e-01 1.303768917498777102e-01 6.590254025052771913e-02 1.304032707983009687e-01 6.591810040744354449e-02 4.411381958187265973e-02
4.985337444829471276e-01 2.433492861789133543e-01 9.839116515836079380e-01 1.463468481237842622e-01 8.190022885171512890e-01 1.208596729238790857e-01 1.304050805123742052e-01 6.591903417949766808e-02 1.304083173803887441e-01 6.592073184880094250e-02 4.410710968683421301e-02
5.131268397994382946e-01 2.172734169638285973e-01 9.839505804212521634e-01 1.463541099054684325e-01 8.188310301516575906e-01 1.208353586032439031e-01 1.304450315272345784e-01 6.594462154171336354e-02 1.303951230047715737e-01 6.591446860331710844e-02 4.409088349632053067e-02
5.164755114086513332e-01 1.958655110954424239e-01 9.839541388235001351e-01 1.463478910778847342e-01 8.189832535535042091e-01 1.208562906220558009e-01 1.304783873723353582e-01 6.596294231419419507e-02 1.304165558638419042e-01 6.592541668027578072e-02 4.410311865658072400e-02
4.982329429838582846e-01 1.450676790798850480e-01 9.839726527732981509e-01 1.463548561094788758e-01 8.187880346103596496e-01 1.208293679505463569e-01 1.304079815987398416e-01 6.592313347518286015e-02 1.303875341854901504e-01 6.591054529119737271e-02 4.408463354637549847e-02
4.652766849942275851e-01 7.790928789973187996e-02 9.839756889950113106e-01 1.463469411328559844e-01 8.190007861147597934e-01 1.208586974648514500e-01 1.303642389322633433e-01 6.589405487283657437e-02 1.304138533307870884e-01 6.592355372191252560e-02 4.410412012532329701e-02
