3.404075935828953514e-01 3.235321154596205173e-01 9.838649653271408502e-01 1.463417906773068489e-01 8.191409656947240547e-01 1.208786158278992856e-01 1.303893165183609981e-01 6.590850929464271701e-02 1.303668526438990505e-01 6.589707762924443268e-02 4.411666279871546970e-02
3.471999995269682282e-01 3.258321502293387573e-01 9.838790726789147234e-01 1.463534028908362039e-01 8.188296418726822568e-01 1.208590859758003483e-01 1.303901776590848105e-01 6.591020059561969457e-02 1.303808975227695177e-01 6.590612131649586924e-02 4.410424884941660517e-02
3.810692875175357708e-01 3.177874641154695978e-01 9.839903939727876470e-01 1.464758737128449284e-01 8.148527494222270739e-01 1.205215222531721420e-01 1.300818356191444647e-01 6.575606395424875295e-02 1.300798403837613582e-01 6.575525819194356913e-02 4.389271188042211114e-02
4.418969087871136847e-01 2.895435823547958254e-01 9.841169021637098391e-01 1.465815950780714749e-01 8.099725742247722016e-01 1.199429145567751515e-01 1.295056448519975312e-01 6.546482927219397785e-02 1.295485088663672069e-01 6.548616412774302398e-02 4.355932247804523982e-02
5.048008455212897871e-01 2.566197529613111206e-01 9.839608999171297610e-01 1.463920126390386711e-01 8.166691048010030762e-01 1.206267919186367193e-01 1.301701055352290359e-01 6.579979676155420232e-02 1.302324232687151195e-01 6.583167318438720717e-02 4.399053979681972343e-02
5.217033286085218657e-01 2.501951094823979815e-01 9.839035627052631350e-01 1.463565217499747662e-01 8.186242755046801989e-01 1.208165288996382453e-01 1.303604563613834089e-01 6.589581076178496755e-02 1.303807247228885025e-01 6.590671916258801499e-02 4.408184387662315157e-02
5.236324568265739998e-01 2.316436597215851545e-01 9.839402002509776146e-01 1.463917842910046896e-01 8.178385415722133622e-01 1.206993870992055934e-01 1.302692858355844197e-01 6.585195853844343084e-02 1.302595610120558800e-01 6.584566226089566543e-02 4.399858332050320814e-02
5.245021339074331657e-01 1.982336274557398026e-01 9.839621900769844887e-01 1.463620262815999162e-01 8.186177416158724185e-01 1.208059380069289590e-01 1.304108931240829938e-01 6.592711327973541091e-02 1.303657365755903352e-01 6.589962691564069108e-02 4.406893073127390870e-02
5.333398986500265115e-01 1.778018279720251782e-01 9.839604532170653783e-01 1.463473288701271913e-01 8.189694439488875988e-01 1.208543841889565817e-01 1.304469398327104401e-01 6.594419439011310613e-02 1.304109268836205482e-01 6.592237321441948850e-02 4.410132512954456629e-02
5.739966587778766449e-01 1.194102950935409108e-01 9.839654864645798193e-01 1.463596189815676019e-01 8.185370569852931100e-01 1.207947797778312210e-01 1.303331585258301339e-01 6.588134048619459504e-02 1.303424238477634833e-01 6.588733734123299046e-02 4.406189211969400304e-02
