3.389223562003191303e-01 3.362998494555428652e-01 9.838678107392180294e-01 1.463415823708108243e-01 8.191448344423221117e-01 1.208789733386193693e-01 1.303920815095574726e-01 6.590945803747701170e-02 1.304046161802805415e-01 6.591817578972353209e-02 4.411729085517020893e-02
3.482591584661935968e-01 3.336963088130771027e-01 9.838779503663085402e-01 1.463447252961035949e-01 8.190269282382370841e-01 1.208698884089041831e-01 1.304150615266828905e-01 6.592351350732139625e-02 1.304265240066454223e-01 6.593126065634789812e-02 4.411189043584878844e-02
3.685993069969110691e-01 3.333196921164486848e-01 9.839791872483364399e-01 1.464512614062317419e-01 8.149827367951730794e-01 1.204628042450651554e-01 1.300254937839163127e-01 6.572769853652224437e-02 1.300297483684978439e-01 6.573060288200553714e-02 4.386000277165073846e-02
4.314509304725721028e-01 3.205998986096518233e-01 9.843581877352505227e-01 1.468650367575805027e-01 7.981751843363483756e-01 1.186445251323317851e-01 1.282207654061833513e-01 6.481479267947448664e-02 1.283270035445161772e-01 6.486868209484147885e-02 4.278889432247210550e-02
5.029865019932205916e-01 2.743507952970869468e-01 9.841456325904084368e-01 1.465537622370558235e-01 8.085674924045115342e-01 1.197836830718143758e-01 1.293422428819702708e-01 6.538127266880899846e-02 1.295688708916498122e-01 6.549635962170832770e-02 4.356296975778498060e-02
5.275285968921664681e-01 2.560299890340509421e-01 9.839326559670927841e-01 1.463767496574297222e-01 8.173797064833766557e-01 1.206861402816667983e-01 1.302325432058414056e-01 6.583110147543683177e-02 1.302926709504374225e-01 6.586222614304633460e-02 4.402344908773817012e-02
5.487713551283505131e-01 2.559768790484592271e-01 9.839499879088058343e-01 1.464282387834606181e-01 8.165558618758150811e-01 1.205268349057047328e-01 1.300757243129783969e-01 6.575200640207096159e-02 1.300869562723813155e-01 6.575823766155616812e-02 4.388642173747579756e-02
5.916410710162082198e-01 2.194649217161399046e-01 9.839654770747914281e-01 1.463948854523422494e-01 8.175207987155377332e-01 1.206548492010332957e-01 1.302208818761718956e-01 6.582727735150822879e-02 1.302075765364571758e-01 6.581937550470579046e-02 4.396785284663054516e-02
7.903150161573222476e-01 1.789612812941120679e-01 9.839098684413691842e-01 1.463440775638005231e-01 8.185768528851080639e-01 1.208002975956766201e-01 1.303300121615115492e-01 6.587904421903988117e-02 1.303327005948778095e-01 6.588206247358656398e-02 4.406509651335654282e-02
8.635062299979376910e-01 1.660254294402347675e-01 9.838920620603580636e-01 1.463404903942853719e-01 8.184787274533653623e-01 1.207867832183442958e-01 1.302976272922057588e-01 6.586074429232552374e-02 1.303076269252367581e-01 6.586905748713078879e-02 4.405612031151454056e-02
