3.224787145223438345e-01 3.637528621556466724e-01 9.838680819280603007e-01 1.463415175936683132e-01 8.191478643673180127e-01 1.208790005303237020e-01 1.303630432532178751e-01 6.589160662860846229e-02 1.304272325724399051e-01 6.593025099545342382e-02 4.411761677028483430e-02
3.509007217807929568e-01 3.576635334026328494e-01 9.838743471232241911e-01 1.463434507423988507e-01 8.190742671510984341e-01 1.208716727640314348e-01 1.303972398478957240e-01 6.591255970479413528e-02 1.304304975210032747e-01 6.593289849057944185e-02 4.411309428370668168e-02
4.130030842177075945e-01 3.847965874352837212e-01 9.839209749795830851e-01 1.463934436803387140e-01 8.171759319474874994e-01 1.206685836508949866e-01 1.302256898200605251e-01 6.582843508679948885e-02 1.302305774331816435e-01 6.583150403493429059e-02 4.398753472785722068e-02
4.569959400030556562e-01 3.886050091942956919e-01 9.840780024074294863e-01 1.465664466539673416e-01 8.101368506714753392e-01 1.199044922522568973e-01 1.294689307912697540e-01 6.544575168972782686e-02 1.295158026688037756e-01 6.546955855423043646e-02 4.353841799284628028e-02
5.175757685181898715e-01 3.432975530170334078e-01 9.840712787152486873e-01 1.465002508504078815e-01 8.112411158508463505e-01 1.200441729802218527e-01 1.295981651656791800e-01 6.551047407177630622e-02 1.297618740822034655e-01 6.559386975075641446e-02 4.368970851389417792e-02
6.196305490193771970e-01 3.140449605532047439e-01 9.839029148387075097e-01 1.463531812823878897e-01 8.180609499658403339e-01 1.207561728131765211e-01 1.302677550489598213e-01 6.584673383024247650e-02 1.303087435693916218e-01 6.587010039706807374e-02 4.405219788040312667e-02
6.491115057718728210e-01 3.199658715255979669e-01 9.838820891301329752e-01 1.463435638896818103e-01 8.187466284130339167e-01 1.208244162092498297e-01 1.303243863872385333e-01 6.587467565843208028e-02 1.303405369449225915e-01 6.588608460945041823e-02 4.407820717680419748e-02
7.137085507856554267e-01 2.812878422938479561e-01 9.838957645894805815e-01 1.463433402251875515e-01 8.185876524053812275e-01 1.208018662343344901e-01 1.303145824033552225e-01 6.587073606363469391e-02 1.303294266405656543e-01 6.588061587715551837e-02 4.406381443691807787e-02
8.521271238027341433e-01 1.933421351670420174e-01 9.839060910592900555e-01 1.463416411840404718e-01 8.183724884623005957e-01 1.207721519008623234e-01 1.302972673079877408e-01 6.586240498859059767e-02 1.303100688321661427e-01 6.587074357123959278e-02 4.404619297675676365e-02
8.775971893155681824e-01 1.739613378281649192e-01 9.838949176687433740e-01 1.463403222488963151e-01 8.182756260553107897e-01 1.207588018279393549e-01 1.302713586502136089e-01 6.584770554357968764e-02 1.302829726915819275e-01 6.585668485632655000e-02 4.403736760615614004e-02
