3.002235103841260355e-01 3.936186553180110459e-01 9.838658382454950058e-01 1.463415492682315633e-01 8.191463773902131207e-01 1.208787569105094079e-01 1.303695623195182673e-01 6.589525031273429923e-02 1.304218383351038735e-01 6.592683803390272934e-02 4.411753268593342214e-02
3.906273770917453869e-01 4.204759899837207104e-01 9.838695099674688027e-01 1.463417402907283005e-01 8.191388307390767842e-01 1.208779825720763534e-01 1.304088028681561207e-01 6.591870033933212858e-02 1.304294527806909854e-01 6.593120829828676144e-02 4.411699076018341797e-02
4.564028774600675242e-01 4.321216350666979844e-01 9.838727920488392620e-01 1.463434132354961281e-01 8.190749988996423037e-01 1.208712125281959093e-01 1.304261694920793024e-01 6.592964594207466333e-02 1.304269588295598192e-01 6.593012710521144182e-02 4.411276839897303875e-02
4.755383872779233023e-01 4.297659622385834877e-01 9.838785907132561181e-01 1.463495709336914141e-01 8.188252809960185896e-01 1.208441926513175863e-01 1.304000772466464009e-01 6.591651320595187658e-02 1.304017447668578689e-01 6.591736003630455087e-02 4.409691560055725018e-02
5.388090435232532061e-01 4.092151893970625842e-01 9.838827045652872583e-01 1.463476090082540815e-01 8.187204869179836031e-01 1.208319385339025470e-01 1.303761057923179534e-01 6.590364104511971244e-02 1.303870144489364391e-01 6.590983663424310190e-02 4.409177767328342767e-02
6.440633232318349055e-01 3.316901010160410723e-01 9.838770804720723406e-01 1.463373924753517130e-01 8.189458388902288721e-01 1.208519264868636311e-01 1.303532504450251317e-01 6.588937059579827449e-02 1.303686933751322941e-01 6.590032165284392951e-02 4.409665297983540039e-02
6.536461109448080675e-01 3.232516510440627822e-01 9.838747449179459093e-01 1.463399827954755261e-01 8.190743388881740472e-01 1.208688893366569872e-01 1.303674087427678929e-01 6.589635671477413192e-02 1.303825208000789215e-01 6.590722605054052941e-02 4.410736468460889348e-02
7.130752868105624254e-01 2.863100898549999496e-01 9.838922259921183411e-01 1.463395266390573046e-01 8.187506947619683784e-01 1.208243106265544375e-01 1.303364483959139064e-01 6.588182829460156875e-02 1.303517129269336494e-01 6.589188418666884484e-02 4.407868819625987422e-02
8.419638757355270009e-01 2.121550015176445203e-01 9.839167800333431524e-01 1.463426194693180915e-01 8.183755337359777116e-01 1.207725748776116020e-01 1.303111064477417980e-01 6.587097687608133023e-02 1.303240857535958586e-01 6.587819738356359700e-02 4.404644060311600773e-02
8.796252871614534952e-01 2.028660393272481988e-01 9.839011251715108486e-01 1.463415765591642714e-01 8.185961124136044154e-01 1.208029587253568182e-01 1.303369340585241454e-01 6.588317467040302744e-02 1.303463889534361431e-01 6.588927507185632360e-02 4.406682574197693519e-02
