3.778516304071327103e-01 5.173503597612361116e-01 9.838724425803144769e-01 1.463451160318418320e-01 8.189592174434832117e-01 1.208530481963892844e-01 1.303944197171942598e-01 6.591227786278654188e-02 1.304034261253942395e-01 6.591784046476703574e-02 4.410090144730017397e-02
4.223628224865874636e-01 5.363331672543535378e-01 9.838710785074200604e-01 1.463419529072641501e-01 8.191237593912860104e-01 1.208756623410650044e-01 1.304289659587052341e-01 6.593089561099256535e-02 1.304304018918215624e-01 6.593178622285222890e-02 4.411542496361420956e-02
4.484725871708531986e-01 4.974098309287648956e-01 9.838710070163645405e-01 1.463415273699300023e-01 8.191459674892339615e-01 1.208787394974615154e-01 1.304342442190596363e-01 6.593377847113218726e-02 1.304343435406396801e-01 6.593383949821220169e-02 4.411741654805298452e-02
4.970465588794402145e-01 4.855680049223350947e-01 9.838710745820040682e-01 1.463415546693838665e-01 8.191449038998291909e-01 1.208786570584139825e-01 1.304342909391147665e-01 6.593381526980524043e-02 1.304343189616794796e-01 6.593382882705259296e-02 4.411740623039629022e-02
5.298526440761893719e-01 4.971365191867537225e-01 9.838712274646499445e-01 1.463413258921573701e-01 8.191401729380309860e-01 1.208779494575704383e-01 1.304319138833627545e-01 6.593250693598649848e-02 1.304324027410727616e-01 6.593284966874335407e-02 4.411683970959328488e-02
5.976791093007156608e-01 4.092377568029086365e-01 9.838744423388826599e-01 1.463384902226818884e-01 8.190251835737584196e-01 1.208621384788464009e-01 1.303874247730200109e-01 6.590818123448007049e-02 1.303956900701122024e-01 6.591411667243243788e-02 4.410451959265120070e-02
6.509479572649967682e-01 3.323451219757102004e-01 9.838769762942917163e-01 1.463367977120830776e-01 8.189512422156222105e-01 1.208519793821653671e-01 1.303527755613025640e-01 6.588910071307110816e-02 1.303672902216628238e-01 6.589956034754512748e-02 4.409616185496266494e-02
7.283944092378756840e-01 2.891497451537909935e-01 9.838912713648537700e-01 1.463372891569911238e-01 8.187613038192405046e-01 1.208258036329280527e-01 1.303401890155788945e-01 6.588382771352789546e-02 1.303521758359388882e-01 6.589188978788819429e-02 4.407960323451406981e-02
8.742518952872683213e-01 2.207123581466604589e-01 9.839039380566474424e-01 1.463418873057248382e-01 8.187752054042324312e-01 1.208276378384712801e-01 1.303716129768636711e-01 6.590183770862181878e-02 1.303798236754808160e-01 6.590638835888663893e-02 4.408318094493521994e-02
9.072148499677830102e-01 2.211736267588347293e-01 9.838924698353662679e-01 1.463416277740754445e-01 8.190426226682417932e-01 1.208644747959856658e-01 1.304108796004597726e-01 6.592163666876686701e-02 1.304157617694957638e-01 6.592459636754097185e-02 4.410787460172251734e-02
