4.114671171593745624e-01 5.645384437220160034e-01 9.838942537520619647e-01 1.463682287246963476e-01 8.177657646207823205e-01 1.206890536079534559e-01 1.302370173157094968e-01 6.583341896352354339e-02 1.302456051244031410e-01 6.583850006611179084e-02 4.399483867578742047e-02
4.246075342065655511e-01 5.621217941820253472e-01 9.838735750091812671e-01 1.463446062404454018e-01 8.189919079308037864e-01 1.208575456492295142e-01 1.304122559418300076e-01 6.592259621453851193e-02 1.304132982350735548e-01 6.592321320164751253e-02 4.410357485174182246e-02
4.398045938261103682e-01 5.562556475018243241e-01 9.838712682183716751e-01 1.463418094615734077e-01 8.191310610256442581e-01 1.208766645937544709e-01 1.304322253651844232e-01 6.593276442618546673e-02 1.304323372546140891e-01 6.593283061265381439e-02 4.411606947317363997e-02
5.102302135739957833e-01 5.244523038810259274e-01 9.838709752101185702e-01 1.463414686878805604e-01 8.191485430268391488e-01 1.208790667046692607e-01 1.304347268446334751e-01 6.593403761916809269e-02 1.304347280420027899e-01 6.593403826191340800e-02 4.411763326993201062e-02
5.276209206239330651e-01 5.135556294079300921e-01 9.838709757618701035e-01 1.463414627471472940e-01 8.191485786392074253e-01 1.208790714789041709e-01 1.304347014465271348e-01 6.593402283228134986e-02 1.304347081570194911e-01 6.593402772645640120e-02 4.411763427638674268e-02
5.426013223381266348e-01 5.039708079579287014e-01 9.838712152752248086e-01 1.463411052314109173e-01 8.191355296230259375e-01 1.208772777550099764e-01 1.304314243344172342e-01 6.593226507736178743e-02 1.304312203455177122e-01 6.593219007137425536e-02 4.411635352319533132e-02
7.395902256614119707e-01 4.207225531191506884e-01 9.838752542639883636e-01 1.463305117349610607e-01 8.187965248715195488e-01 1.208306752388830230e-01 1.303682892021396367e-01 6.589900462448526619e-02 1.303434329413715731e-01 6.588462020425414623e-02 4.408210984756655987e-02
9.117806950226863272e-01 3.783179507953300380e-01 9.838788521242466389e-01 1.463216653539003709e-01 8.185177494362821937e-01 1.207923322566730601e-01 1.303294148717786538e-01 6.587906018838357580e-02 1.302765030884429354e-01 6.584777574739174300e-02 4.405439419799206391e-02
9.287625641734283954e-01 2.953343680581362318e-01 9.838836111215728542e-01 1.463344327098314857e-01 8.188907471816267991e-01 1.208436101048143974e-01 1.303891857519563768e-01 6.591029643706006191e-02 1.303716027738264782e-01 6.589989209468180564e-02 4.409204570468230194e-02
9.337848359751982352e-01 2.526480932497059406e-01 9.838842728434236129e-01 1.463412190563855297e-01 8.191310915469766085e-01 1.208766648040436459e-01 1.304260599355958061e-01 6.592940777251125872e-02 1.304281957289810112e-01 6.593077521281513753e-02 4.411595886842224756e-02
