2.953409758206845814e-01 5.965252718301923274e-01 9.838735604792973044e-01 1.463898870286320097e-01 8.166643013280722174e-01 1.205377056983434475e-01 1.300038718131805715e-01 6.570943711127358311e-02 1.300914868089897980e-01 6.576119862228457791e-02 4.389660968328755464e-02
3.841844185844390802e-01 5.826077070386442847e-01 9.838716291814231241e-01 1.463580502751182510e-01 8.182992584175116102e-01 1.207623668533215067e-01 1.302869843278642026e-01 6.585699466798125568e-02 1.303173625382776923e-01 6.587494191313600367e-02 4.404202475985526111e-02
4.536154528491979643e-01 6.054987034545654678e-01 9.838710448552754340e-01 1.463426787369304649e-01 8.190861641405792204e-01 1.208704951733194921e-01 1.304239196153962888e-01 6.592840466121513421e-02 1.304261110146975322e-01 6.592969918809452046e-02 4.411207753440386792e-02
5.004540433858671866e-01 5.986987422213825294e-01 9.838709702874288698e-01 1.463414724615357820e-01 8.191484045734206410e-01 1.208790478667548102e-01 1.304346944886190518e-01 6.593402022752656300e-02 1.304347094233692661e-01 6.593402904878654935e-02 4.411761018905383663e-02
5.251773703117733616e-01 5.467738289817309916e-01 9.838709776405620833e-01 1.463414623800420034e-01 8.191483828211739704e-01 1.208790447674988194e-01 1.304347033010068713e-01 6.593402546924212460e-02 1.304346919215257916e-01 6.593401873375649702e-02 4.411763273168438360e-02
5.629258590229209158e-01 5.202266956665182462e-01 9.838712996353514706e-01 1.463404725203831525e-01 8.191164080987443086e-01 1.208746480833510911e-01 1.304295131279241682e-01 6.593132126620221412e-02 1.304267287791618657e-01 6.592967143791589324e-02 4.411453606426567198e-02
8.558103259927196671e-01 4.170598432352815021e-01 9.838764483129983640e-01 1.463234568171613292e-01 8.185931562809476425e-01 1.208027016435652967e-01 1.303447338916499387e-01 6.588714917829734119e-02 1.302956714379353287e-01 6.585806510949143711e-02 4.406203410609086518e-02
9.355022051928451043e-01 3.869456339959624902e-01 9.838830785745584784e-01 1.463111289952165883e-01 8.182140181817393332e-01 1.207505704715171602e-01 1.302905617505338842e-01 6.585952697990656024e-02 1.302325815500782191e-01 6.582515380237514979e-02 4.402631248518818624e-02
9.763002158889659832e-01 3.452568601299605966e-01 9.838756916505080330e-01 1.463314652713627317e-01 8.188406664148498715e-01 1.208367339409543162e-01 1.303887172713502074e-01 6.591039118143117437e-02 1.303748810101231503e-01 6.590218900854387385e-02 4.408805950604915980e-02
9.882434601567572363e-01 3.326749876578953824e-01 9.838713763691634417e-01 1.463409994686452331e-01 8.191345542682713088e-01 1.208771432241423360e-01 1.304326652643470197e-01 6.593298465557234644e-02 1.304323945062275114e-01 6.593282527071307741e-02 4.411635631917457112e-02
