2.513446121087055674e-01 6.082450208439748041e-01 9.838165609264013511e-01 1.463496287747726998e-01 8.187421880012162312e-01 1.208232353982059970e-01 1.302577864300694110e-01 6.583557220447507075e-02 1.303732705345177212e-01 6.590382186592458336e-02 4.408117097459188227e-02
3.134123640250528475e-01 6.179423553538527791e-01 9.838337904257159483e-01 1.463480724385394782e-01 8.188098933249458034e-01 1.208325328877052768e-01 1.303032945566516831e-01 6.586128685084753631e-02 1.303843503305086582e-01 6.590917194765227860e-02 4.408748945103461991e-02
4.656183369218193646e-01 6.466316663341457049e-01 9.838692796925436745e-01 1.463417564773669133e-01 8.191339527400172127e-01 1.208770620925661843e-01 1.304288841169062296e-01 6.593079875875952622e-02 1.304325495974536231e-01 6.593296427311261254e-02 4.411631340566084941e-02
4.930673022747098511e-01 6.463654459784239359e-01 9.838709592243743973e-01 1.463414648998295764e-01 8.191488396487173196e-01 1.208791077467820385e-01 1.304347496187052147e-01 6.593404776495655206e-02 1.304347687463783545e-01 6.593405906691533758e-02 4.411764063676717335e-02
5.126948449684695097e-01 6.288517208674054837e-01 9.838709733794936962e-01 1.463414624001015685e-01 8.191486170981696624e-01 1.208790770756274779e-01 1.304347373123553033e-01 6.593404282079499967e-02 1.304347308518989390e-01 6.593403899059535611e-02 4.411763980030784099e-02
5.583853197399785140e-01 5.863342927791469483e-01 9.838712193574185028e-01 1.463406842169680810e-01 8.191236418166312205e-01 1.208756430016208611e-01 1.304306915284871027e-01 6.593193479448714034e-02 1.304284758771371011e-01 6.593062128447375880e-02 4.411521248541924040e-02
8.207213856308062105e-01 4.465868947426521185e-01 9.838753441589399573e-01 1.463265116299553581e-01 8.186875296528429713e-01 1.208156779699209732e-01 1.303596672998213191e-01 6.589489774044529624e-02 1.303175132389362834e-01 6.586990706056859712e-02 4.407134511046405245e-02
9.498887030542797483e-01 3.722233086649172629e-01 9.838757538910219980e-01 1.463260694161578890e-01 8.186745049844589284e-01 1.208138870072386073e-01 1.303582468037570441e-01 6.589421520278206101e-02 1.303172812914124845e-01 6.586992916761275074e-02 4.407023531047898901e-02
9.871919895876990481e-01 3.353125032401040317e-01 9.838727739167193453e-01 1.463381581739138237e-01 8.190470101132059089e-01 1.208651059779702885e-01 1.304202765807466469e-01 6.592667542664400193e-02 1.304180921760630385e-01 6.592537968018370720e-02 4.410813296311346526e-02
9.890983167257847430e-01 3.333610704169634453e-01 9.838710611892983460e-01 1.463413101384259118e-01 8.191441306905993258e-01 1.208784598005362976e-01 1.304341184785179908e-01 6.593372943778402773e-02 1.304340828004359187e-01 6.593370821702235207e-02 4.411728795172819434e-02
