4.590954992145331315e-01 7.209472069319682042e-02 9.839717902913248659e-01 1.463422850424350996e-01 8.191267676740144887e-01 1.208760652671324598e-01 1.303716700233429615e-01 6.589690324629440821e-02 1.304313930560022372e-01 6.593238951897908984e-02 4.411561847154590182e-02
4.735452824787240167e-01 7.950606007195129554e-02 9.840023204979801985e-01 1.463827480925289359e-01 8.180320732876359413e-01 1.207251491082630274e-01 1.302372051141103271e-01 6.583013950158046745e-02 1.302816335162264860e-01 6.585671667431314269e-02 4.401506735926378339e-02
8.076634009880855336e-01 1.545106050616344151e-01 9.839247861552072871e-01 1.463776247812130227e-01 8.178293450764024808e-01 1.206972286452476645e-01 1.302145947466238074e-01 6.581916211990467003e-02 1.302238833498718384e-01 6.582680725540043798e-02 4.399641570399213247e-02
8.765390460271207385e-01 1.716090810188654336e-01 9.838776170080298922e-01 1.463417120522093051e-01 8.191121417117297465e-01 1.208740510335367946e-01 1.303830703358244414e-01 6.590391031492146001e-02 1.303946874791758470e-01 6.591294976587369625e-02 4.411426581493910898e-02
8.608876374765229711e-01 1.898032352615720564e-01 9.838916863663349499e-01 1.463413429361460627e-01 8.190703055541400657e-01 1.208682876647905469e-01 1.303918242637794322e-01 6.591006957856697379e-02 1.304042188555100956e-01 6.591824243571374475e-02 4.411042006374683855e-02
8.985980791292873526e-01 2.193457021155692521e-01 9.838887033936830617e-01 1.463414553158088049e-01 8.191410529362826987e-01 1.208780348587630837e-01 1.304244765831998887e-01 6.592858486605014667e-02 1.304289240190479593e-01 6.593125739525564077e-02 4.411692487385037581e-02
9.154532347940320669e-01 2.226168349429725191e-01 9.838814299626453819e-01 1.463414633411468380e-01 8.191489180514455182e-01 1.208791183441215861e-01 1.304291380364220043e-01 6.593113406051058500e-02 1.304293677014466690e-01 6.593153906794196883e-02 4.411764589150744126e-02
9.340843880609929206e-01 2.502461058639262048e-01 9.838811608052973057e-01 1.463414584365140825e-01 8.191487384208196998e-01 1.208790937319324799e-01 1.304295398543371398e-01 6.593127395727478579e-02 1.304310601491688315e-01 6.593232556145880996e-02 4.411763853074131270e-02
9.886618766437781369e-01 3.326262141052370169e-01 9.838710023540703231e-01 1.463414592986775065e-01 8.191487985762585522e-01 1.208791020331692889e-01 1.304347451561931603e-01 6.593404726805641991e-02 1.304347210306409377e-01 6.593403621785207114e-02 4.411764697910229571e-02
9.891294184423707891e-01 3.333325833928035276e-01 9.838709691384225353e-01 1.463414611850639702e-01 8.191488590784274937e-01 1.208791104603332833e-01 1.304347726846160904e-01 6.593406089933639969e-02 1.304347719183339138e-01 6.593406045097038870e-02 4.411764701338960482e-02
