4.732933122858621333e-01 1.004193911541864520e-01 9.839707992279695947e-01 1.463455392326651894e-01 8.190389320948140428e-01 1.208639559198061708e-01 1.303905795641304155e-01 6.590939710133318641e-02 1.304203540643293913e-01 6.592692998406803062e-02 4.410768914544147684e-02
5.029314011790699812e-01 1.517183796911860949e-01 9.839661642309603939e-01 1.463558352125791107e-01 8.187597903540102529e-01 1.208254732089337341e-01 1.304081905538296560e-01 6.592366137347899224e-02 1.303836954453780617e-01 6.590860529623115971e-02 4.408199044059768479e-02
6.447258145268673912e-01 1.777749720751041485e-01 9.839381623133096610e-01 1.463565192960757932e-01 8.185757432207096951e-01 1.208001157378720963e-01 1.303703333165003309e-01 6.590328022530324292e-02 1.303461030327167647e-01 6.588925253932001458e-02 4.406504018941789780e-02
8.398851484534973766e-01 1.887402066584164539e-01 9.838949569681401108e-01 1.463424912732834426e-01 8.190391356685663427e-01 1.208639895652654644e-01 1.303898095596628115e-01 6.590926601763957837e-02 1.304004503439763207e-01 6.591635085068649202e-02 4.410755817161322867e-02
8.379677330901624810e-01 2.065562634244579032e-01 9.839063928180714624e-01 1.463426180928743825e-01 8.191109666591867011e-01 1.208738852379292184e-01 1.304108030778129979e-01 6.592133042673098409e-02 1.304247176473119219e-01 6.592900872890500308e-02 4.411415797099251662e-02
8.553658461657041023e-01 2.185407625278993071e-01 9.838979061706077944e-01 1.463423268931418053e-01 8.191190912861823215e-01 1.208750058791134285e-01 1.304181809882297705e-01 6.592541685601428780e-02 1.304275044600854971e-01 6.593052021185290268e-02 4.411481209453806118e-02
8.914629755726177773e-01 2.298753379223293647e-01 9.838844826244329544e-01 1.463414621244745473e-01 8.191459212409535340e-01 1.208787062885691432e-01 1.304234572657515800e-01 6.592788857079184828e-02 1.304269903673138387e-01 6.593026663687270861e-02 4.411710814434582906e-02
9.157228324165195277e-01 2.558317357337971942e-01 9.838853105691637291e-01 1.463367905360125065e-01 8.189573091197058785e-01 1.208528177780947566e-01 1.303996743630536637e-01 6.591590465617948313e-02 1.304024356451486677e-01 6.591781683393529989e-02 4.409975204764596951e-02
9.879902029344961312e-01 3.328925522596922759e-01 9.838710093601868989e-01 1.463414535321198584e-01 8.191486073535980683e-01 1.208790756419212964e-01 1.304345200380682412e-01 6.593391672512237400e-02 1.304341069274680687e-01 6.593367438644662237e-02 4.411760592895085792e-02
9.887694105360613772e-01 3.336991697408839275e-01 9.838709195999466584e-01 1.463414592890810717e-01 8.191487984488172724e-01 1.208791020162558183e-01 1.304346361750957917e-01 6.593397949252945145e-02 1.304342055675792311e-01 6.593372313299394882e-02 4.411761813291183859e-02
