5.106127943238343292e-01 2.019167059405789777e-01 9.839540513335982563e-01 1.463416490127444070e-01 8.191439441860185466e-01 1.208784327642347528e-01 1.304992384474958356e-01 6.597316894314277091e-02 1.304385655288211876e-01 6.593652485764757432e-02 4.411952801588540918e-02
5.170013909900678106e-01 1.957030265908066557e-01 9.839455037437373486e-01 1.463415689672701303e-01 8.191460937935290954e-01 1.208787290749441801e-01 1.305017657465328274e-01 6.597499455414934655e-02 1.304384010313036912e-01 6.593642874666665044e-02 4.411782332290226094e-02
5.275757115672653486e-01 1.971113408929736355e-01 9.839404343304275491e-01 1.463458428793239785e-01 8.190334042295468464e-01 1.208632030096659649e-01 1.304699963371060423e-01 6.595735224862352142e-02 1.304218380045626957e-01 6.592796041381067396e-02 4.410712568725922572e-02
6.754494793679927112e-01 2.132795203517347804e-01 9.839368987967710423e-01 1.463756222515910088e-01 8.181137078824800568e-01 1.207364067303797056e-01 1.302928762947833941e-01 6.586299209102074170e-02 1.302923971302919759e-01 6.586222041125876225e-02 4.402256651364829659e-02
7.990593647875461336e-01 2.187447120649408383e-01 9.839429748516905772e-01 1.464042421719413123e-01 8.172703582143731049e-01 1.206200567041402355e-01 1.301633459208835497e-01 6.579652023944008998e-02 1.301771568731317774e-01 6.580395458902943417e-02 4.394496257977775766e-02
7.095500207058200726e-01 2.885489148346571109e-01 9.838942861612168800e-01 1.463618879533383488e-01 8.185392312479812249e-01 1.207950394846376563e-01 1.303082105061941498e-01 6.586752671690884742e-02 1.303228030881196653e-01 6.587728748920074207e-02 4.405924915780446566e-02
6.618382296176845703e-01 3.196464996548520898e-01 9.838734069918377845e-01 1.463419658264726031e-01 8.191335059212926373e-01 1.208769931490890209e-01 1.303766979608239063e-01 6.590116337212548192e-02 1.303914888211089862e-01 6.591184491452889427e-02 4.411275748276799469e-02
6.689757101163338326e-01 3.226244640309162137e-01 9.838764551180070317e-01 1.463366368636742632e-01 8.189536357115981824e-01 1.208523111181191573e-01 1.303522207726196536e-01 6.588878052976586408e-02 1.303658307320836873e-01 6.589875334840578081e-02 4.409619626220767641e-02
9.268771524404110229e-01 3.695675420761341257e-01 9.838819013974223759e-01 1.463190780000337143e-01 8.183710540413843271e-01 1.207722468611983485e-01 1.303119192531030646e-01 6.587048155928958149e-02 1.302727955362874834e-01 6.584745030228561502e-02 4.404215109003827011e-02
9.485150605687276970e-01 3.748364310984529379e-01 9.838683693432069832e-01 1.463367058239121166e-01 8.190022480202104882e-01 1.208589513992248815e-01 1.304005959262854175e-01 6.591538513377545594e-02 1.303551850083768116e-01 6.588844805791087278e-02 4.410043992282771524e-02
