5.048738879467580265e-01 2.211142357524679691e-01 9.839586886476587857e-01 1.463414633584092517e-01 8.191487049808484633e-01 1.208790899133200675e-01 1.304988643854423369e-01 6.597264953176307234e-02 1.304386907958424158e-01 6.593656199838746068e-02 4.412225064732866464e-02
5.101182253190921223e-01 2.103411243518126805e-01 9.839542516362778102e-01 1.463420751019281763e-01 8.191240768817592555e-01 1.208757009354335388e-01 1.304921163409960838e-01 6.596940443260791709e-02 1.304359126331030017e-01 6.593500822925098259e-02 4.411880735907326018e-02
5.214242905377347581e-01 2.234223961529021585e-01 9.839371708484571100e-01 1.463701686306849159e-01 8.183575388300972087e-01 1.207701483884945498e-01 1.303497044735258403e-01 6.589379168252172680e-02 1.303351260176093818e-01 6.588384981900116677e-02 4.404985147633957293e-02
5.282705557083932080e-01 2.475876431538384936e-01 9.839196522797672984e-01 1.463924394504651505e-01 8.176423388670382986e-01 1.206714104012716615e-01 1.302205684406171349e-01 6.582526224015744498e-02 1.302316839959299921e-01 6.583141205983465694e-02 4.398026714295132089e-02
5.638819183615050301e-01 2.604464261498781186e-01 9.840093955062303444e-01 1.465483914317491088e-01 8.130142875735587582e-01 1.200335209112558393e-01 1.295826239925184642e-01 6.550207646349565094e-02 1.295958923862903789e-01 6.550995539027344716e-02 4.355407527333042539e-02
6.507332116702783109e-01 3.217209807621985718e-01 9.838899384464615538e-01 1.463700115303466776e-01 8.183027602413700530e-01 1.207624275452043455e-01 1.302631202526558230e-01 6.584368768681743422e-02 1.302783914059005843e-01 6.585466420639081442e-02 4.403642321554104150e-02
6.524322793950949606e-01 3.237407694812912684e-01 9.838742198286032359e-01 1.463415917671049837e-01 8.191445875026167611e-01 1.208785213723949648e-01 1.303786511519151037e-01 6.590210644099667170e-02 1.303915757538821607e-01 6.591167401576346341e-02 4.411332115204757293e-02
6.593841022619322256e-01 3.255782354847659987e-01 9.838723190806401009e-01 1.463414227459448047e-01 8.191469838550889948e-01 1.208788523335086323e-01 1.303775347461521295e-01 6.590149372914458348e-02 1.303908000163783720e-01 6.591129824992265906e-02 4.411382152740524198e-02
9.065049725661780133e-01 3.849978519790684950e-01 9.838702446375222621e-01 1.463319197875810052e-01 8.188522980324601797e-01 1.208383357472071068e-01 1.303718313629957937e-01 6.590020425999267017e-02 1.303172086206816904e-01 6.586798683727586312e-02 4.408534247797346595e-02
9.322103225502283985e-01 3.905114527358972687e-01 9.838636024459878060e-01 1.463409134305992121e-01 8.191320178017736930e-01 1.208767945522641468e-01 1.304127661660517412e-01 6.592100233733991232e-02 1.303492502981802859e-01 6.588326973037819667e-02 4.411137683946255578e-02
