4.660900322769338522e-01 2.389610892098710526e-01 9.839071026762991057e-01 1.463414155356956015e-01 8.191443701792786580e-01 1.208784957867452686e-01 1.304055908651331475e-01 6.591783209842567992e-02 1.304141226913475282e-01 6.592392195860631576e-02 4.411892408012342559e-02
4.728058074243219888e-01 2.401211875769954374e-01 9.839398133987040662e-01 1.463392699405159370e-01 8.187891955872731442e-01 1.208296871404476724e-01 1.303662472401828087e-01 6.589934358465350528e-02 1.304125527414608243e-01 6.592263799236661170e-02 4.411688653498142126e-02
5.161589656140910254e-01 2.496239530229986681e-01 9.839179423124777557e-01 1.463377751549111705e-01 8.182922773029579488e-01 1.207615241932132599e-01 1.303046192538175885e-01 6.586776471850425141e-02 1.304128310505394406e-01 6.592281498102893489e-02 4.410500863084451661e-02
5.235874704115002221e-01 2.513889542568752966e-01 9.838924126933822345e-01 1.463473654971996774e-01 8.189361914946345911e-01 1.208498050427800480e-01 1.303930321015258909e-01 6.591215951373327608e-02 1.304095595383405193e-01 6.592131116080938991e-02 4.410062893452979665e-02
5.258593137888131208e-01 2.602474545603760681e-01 9.839186365838896720e-01 1.463939622439803523e-01 8.175705887229267610e-01 1.206624805463644701e-01 1.302072883610157217e-01 6.581817351315244480e-02 1.302220360724297143e-01 6.582650957941477143e-02 4.397452882142351138e-02
6.208641222841401186e-01 3.322328371018959392e-01 9.838870062256447335e-01 1.463638891256935637e-01 8.184833989226254491e-01 1.207874269682511631e-01 1.302975367378937932e-01 6.586170720333613116e-02 1.303109630860237456e-01 6.587121697704464984e-02 4.405386197708737600e-02
6.463456218310206225e-01 3.281608803327490942e-01 9.838727726311446986e-01 1.463419858766257242e-01 8.191329868817686100e-01 1.208769187502873738e-01 1.303772505342127574e-01 6.590146969418084200e-02 1.303918216388559037e-01 6.591200961665648339e-02 4.411274893016757515e-02
6.472612740513354890e-01 3.384704202345710233e-01 9.838722646679913808e-01 1.463411271791197066e-01 8.191369150259678600e-01 1.208774644053783737e-01 1.303808749896989971e-01 6.590348639428236788e-02 1.303935176181384437e-01 6.591275897339925194e-02 4.411333392056888264e-02
7.844382137626751961e-01 4.246916839910475638e-01 9.838737937805682732e-01 1.463300039055844826e-01 8.187939005878445142e-01 1.208303044617472927e-01 1.303715372062883293e-01 6.590076183764656537e-02 1.303358160224921958e-01 6.587971254007368715e-02 4.408158040060695948e-02
8.458263450838863218e-01 4.158164828428665971e-01 9.838685968707299168e-01 1.463359242124701587e-01 8.189775929714978586e-01 1.208555612430165099e-01 1.303965488042816701e-01 6.591327188552174865e-02 1.303488798885691358e-01 6.588499612811414552e-02 4.409801181660975150e-02
