4.481224208118112506e-01 2.454130335373662375e-01 9.838776169590004450e-01 1.463416951648656705e-01 8.191435433109688358e-01 1.208784112708019831e-01 1.303623801206240662e-01 6.589226344260347423e-02 1.304033637173959426e-01 6.591862526099080688e-02 4.411612367019130537e-02
4.501961624987518840e-01 2.479590327926473603e-01 9.838985096456078772e-01 1.463392675152386246e-01 8.186262970330860922e-01 1.208101103129585463e-01 1.303056608142581230e-01 6.586481236385738347e-02 1.303988208838909590e-01 6.591625115878256558e-02 4.411283768571422348e-02
4.912508810965632300e-01 2.600095878262372873e-01 9.840014948791863114e-01 1.462969462852462543e-01 8.145758397976753384e-01 1.202746321347891306e-01 1.298172415303699423e-01 6.562119259456819509e-02 1.303979496367455304e-01 6.591559297489742175e-02 4.409992806955168043e-02
5.126021370950010203e-01 2.629696340993712411e-01 9.839146482145177952e-01 1.463395869324611853e-01 8.182334606436323376e-01 1.207657212997897134e-01 1.303094751403342799e-01 6.586987672309557729e-02 1.304109009916726292e-01 6.592198879211379203e-02 4.410261708776553463e-02
4.969166257438276668e-01 3.252576363519994462e-01 9.839041343626642178e-01 1.463586398423615820e-01 8.184109404020388778e-01 1.208013709143628406e-01 1.303504266458408722e-01 6.589093176268748242e-02 1.303659012664002970e-01 6.589924370032569645e-02 4.407318205130589250e-02
4.824390028241043460e-01 4.171996287480344012e-01 9.838735490768339975e-01 1.463428689498902369e-01 8.191035483954297591e-01 1.208733161249582605e-01 1.304264390143455299e-01 6.592967958139334117e-02 1.304274788345395619e-01 6.593035495405780155e-02 4.411380791922922540e-02
5.195643730015844231e-01 4.175864822790699149e-01 9.838713262885092625e-01 1.463415957440049875e-01 8.191439997239776671e-01 1.208784128283629938e-01 1.304261124679888528e-01 6.592917745945631181e-02 1.304282899446892463e-01 6.593072154585530309e-02 4.411693555919177223e-02
5.140516871827383039e-01 4.817877210263308285e-01 9.838711494367458066e-01 1.463414535600657540e-01 8.191455996759690050e-01 1.208786408485825747e-01 1.304293999246290137e-01 6.593103163989091908e-02 1.304306046589923107e-01 6.593190091619238746e-02 4.411718949744136697e-02
5.414403381138458426e-01 5.076757713392519022e-01 9.838709582513888163e-01 1.463412965376008068e-01 8.191425584653838632e-01 1.208782435493468976e-01 1.304334455997284148e-01 6.593334775320414121e-02 1.304323190198583282e-01 6.593268323014510324e-02 4.411704483265199705e-02
5.490790345458704813e-01 5.050535955009507472e-01 9.838708134345987011e-01 1.463414247434467463e-01 8.191466291670419508e-01 1.208788036741221816e-01 1.304339552351493625e-01 6.593359716488851607e-02 1.304323123236932891e-01 6.593262204528435588e-02 4.411738521464502599e-02
