4.345628068733864424e-01 2.549692212058039531e-01 9.838886087712576112e-01 1.463604219245471239e-01 8.188344294996057204e-01 1.208379808244183784e-01 1.303496033897461048e-01 6.588790801688809706e-02 1.303796343762823329e-01 6.590723807046615368e-02 4.409100185357282126e-02
4.335555551982879785e-01 2.645905908176576782e-01 9.839467349876785951e-01 1.464503717292159057e-01 8.167163146465303836e-01 1.206263224386912580e-01 1.301606990531186947e-01 6.579424380330610445e-02 1.302131470605576435e-01 6.582293672579615784e-02 4.397580417941153452e-02
4.216082811138499031e-01 3.009840000001126614e-01 9.840604768625638155e-01 1.464735922514315836e-01 8.123804029594782206e-01 1.203492374325487724e-01 1.299074253779449462e-01 6.566786405009952809e-02 1.301543407668498409e-01 6.579263607456715957e-02 4.394043405382929562e-02
4.336660408917819010e-01 3.246466897880303515e-01 9.842680040841657041e-01 1.467533387484382112e-01 8.023424267750559613e-01 1.191670281139158294e-01 1.287316684464485939e-01 6.507244866718317478e-02 1.288255442455672750e-01 6.512059419159298146e-02 4.310321581688514314e-02
4.536097797455374003e-01 4.080570667810910490e-01 9.839068933762158409e-01 1.463718203217816149e-01 8.179383411061386111e-01 1.207529714933404247e-01 1.303057311633089022e-01 6.586845212032513275e-02 1.303123202573781836e-01 6.587215173842024540e-02 4.404082054827697379e-02
4.587862790004934022e-01 4.312471958843605568e-01 9.838714601678140159e-01 1.463414945273688872e-01 8.191476039260505715e-01 1.208789848460113808e-01 1.304340936308078791e-01 6.593366718216842060e-02 1.304345354770250209e-01 6.593393312047869659e-02 4.411758343121771619e-02
4.534784735667409805e-01 4.791103440787563006e-01 9.838710506818117985e-01 1.463415742863240498e-01 8.191436390331047201e-01 1.208783876320062151e-01 1.304338814190299511e-01 6.593359546524120429e-02 1.304339907518922426e-01 6.593365899952320641e-02 4.411720832798352032e-02
4.403764017606976444e-01 5.509589821215266081e-01 9.838709775652114686e-01 1.463414785975669929e-01 8.191481504759415833e-01 1.208790111843881937e-01 1.304346487945094446e-01 6.593399653252257631e-02 1.304346630718713762e-01 6.593400437155158555e-02 4.411759330011477687e-02
5.022426746118385799e-01 5.256421119464712577e-01 9.838709727201622179e-01 1.463414650189416299e-01 8.191486890239892960e-01 1.208790869016669045e-01 1.304347466317190563e-01 6.593404758152861256e-02 1.304347430507803163e-01 6.593404544435040038e-02 4.411764603936025458e-02
5.265451698777577905e-01 5.138413279294216096e-01 9.838709703774013438e-01 1.463414647411894476e-01 8.191487668247889875e-01 1.208790976296750946e-01 1.304347579965538795e-01 6.593405332421896359e-02 1.304347524167852601e-01 6.593405000854303533e-02 4.411764663371334216e-02
