4.036719200214667347e-01 2.725521384983157769e-01 9.839120066477095028e-01 1.464035395808002127e-01 8.181392112602519084e-01 1.207467247417185335e-01 1.303109875533136619e-01 6.587233240916387511e-02 1.303229103230239827e-01 6.587993218785333227e-02 4.403290535040252363e-02
3.937948786270917823e-01 2.887575297497806948e-01 9.840162723158289992e-01 1.466538155599534932e-01 8.131667227550228860e-01 1.202878577694468099e-01 1.298581008771911849e-01 6.564345995504418385e-02 1.298633508524029423e-01 6.564689816375228471e-02 4.372603511896755446e-02
3.663236013479304054e-01 3.258021881131986097e-01 9.840304803595929517e-01 1.465667442784832075e-01 8.123582323461113752e-01 1.206561075337014011e-01 1.302142296770873175e-01 6.582294098918851921e-02 1.302194244415734448e-01 6.582628314456040464e-02 4.397288553261029243e-02
3.603096115466583593e-01 3.407603937156614138e-01 9.839596758245495733e-01 1.464272539332357459e-01 8.158147899020403715e-01 1.207540759664839508e-01 1.302926131541022048e-01 6.586085738039250403e-02 1.303116034416459679e-01 6.587246319444015064e-02 4.404161466026740995e-02
3.610385841163494258e-01 3.839999228015195665e-01 9.838804708561257328e-01 1.463513179172805379e-01 8.187618083435946881e-01 1.208488324015266624e-01 1.303569314161853454e-01 6.589056190448766559e-02 1.303979674646945086e-01 6.591519246651814101e-02 4.409894248859085736e-02
3.978288670436784802e-01 4.289445525897549460e-01 9.838697119761847798e-01 1.463432015653023666e-01 8.190672852978135854e-01 1.208681959485947144e-01 1.304036375791062519e-01 6.591651707586893005e-02 1.304198708787333572e-01 6.592628944774135691e-02 4.411055492578401516e-02
4.161280101786409280e-01 5.350050880007219956e-01 9.838693339634047019e-01 1.463424708699046228e-01 8.191010146777543133e-01 1.208725375256037710e-01 1.304222341886901448e-01 6.592723391015180290e-02 1.304274011787514009e-01 6.593031330292219161e-02 4.411331564660996019e-02
4.292555921898525972e-01 5.601501347217272553e-01 9.838706678854496346e-01 1.463414647979237870e-01 8.191488201303569472e-01 1.208791049613827800e-01 1.304341650530707053e-01 6.593370813368024108e-02 1.304347231075911606e-01 6.593403824972358940e-02 4.411764272009772309e-02
4.653996097399570875e-01 5.490583033821397896e-01 9.838709557280599372e-01 1.463414665309800133e-01 8.191486120679257743e-01 1.208790762494627025e-01 1.304346979760491465e-01 6.593402017149307959e-02 1.304347360204674566e-01 6.593404264885027732e-02 4.411763751381308357e-02
5.149045331369284106e-01 5.337876765277135283e-01 9.838709732336820002e-01 1.463414652151530104e-01 8.191487073540472119e-01 1.208790892530475780e-01 1.304347510301944735e-01 6.593404994698988386e-02 1.304347513283285465e-01 6.593405012303651946e-02 4.411764692590407211e-02
