3.717371816529590478e-01 2.754391481593514990e-01 9.839264960298498286e-01 1.463649159905415220e-01 8.187663707221568554e-01 1.208292232477681111e-01 1.304179564255550927e-01 6.592921087762126930e-02 1.303987306626381848e-01 6.591748966752743188e-02 4.408595467594263184e-02
3.589076620721789457e-01 3.058880439311875143e-01 9.839278752347832002e-01 1.464307291204478001e-01 8.174279190628034319e-01 1.207121221510479014e-01 1.302757984648544587e-01 6.585489147133005705e-02 1.302674542774947541e-01 6.585053530713298742e-02 4.400673128264855072e-02
3.485224443151866969e-01 3.289040453301039779e-01 9.838957222625215326e-01 1.463774810439103236e-01 8.180605300399615976e-01 1.208458449497994136e-01 1.303875848723449749e-01 6.590957448043868738e-02 1.303884111931440382e-01 6.591137456316564780e-02 4.409542311999942177e-02
3.412462917425964082e-01 3.403138687954090358e-01 9.838847318844892165e-01 1.463575950357277333e-01 8.185308453236629367e-01 1.208754056885932154e-01 1.303997081718117623e-01 6.591405217312724940e-02 1.304186118850581833e-01 6.592624973803366817e-02 4.411517004296448136e-02
3.158797543410029607e-01 3.734741229189674772e-01 9.838672882881143167e-01 1.463422845415134899e-01 8.191168398144018647e-01 1.208787835497488472e-01 1.303678607207586493e-01 6.589451271047400138e-02 1.304235587906294735e-01 6.592787414578651917e-02 4.411751584723966335e-02
2.792539017747057706e-01 4.556956948832776022e-01 9.838503791359659578e-01 1.463427510852458036e-01 8.190893986341216682e-01 1.208709631328076239e-01 1.303557325999345762e-01 6.588823291913661895e-02 1.304169314760030285e-01 6.592473767280505881e-02 4.411239975066637287e-02
2.938578398904965194e-01 5.718145575173820827e-01 9.838309566890071078e-01 1.463424540263592588e-01 8.191025664883544444e-01 1.208727507059065426e-01 1.303468390276010802e-01 6.588343999839216258e-02 1.304232913232059587e-01 6.592867066341213944e-02 4.411347390926780021e-02
3.927808335744620294e-01 5.801333263205749047e-01 9.838577313683261050e-01 1.463418579323397251e-01 8.191303161452373471e-01 1.208765631280115521e-01 1.304058081438320138e-01 6.591744971853646939e-02 1.304309413781999383e-01 6.593230117883454311e-02 4.411595724512369643e-02
4.638526487923665953e-01 6.066679654072297811e-01 9.838702703685674456e-01 1.463415032749076639e-01 8.191469735102545613e-01 1.208788512152472600e-01 1.304330868301474544e-01 6.593310267436711114e-02 1.304344485783721641e-01 6.593390712731590775e-02 4.411747859946792139e-02
5.006351028408422277e-01 6.253593350998092326e-01 9.838709662652951327e-01 1.463414641232563540e-01 8.191488078176040188e-01 1.208791031591156806e-01 1.304347561288402846e-01 6.593405185787040712e-02 1.304347650412223669e-01 6.593405712093963755e-02 4.411764655365346677e-02
