3.489789167257463798e-01 2.754042817989182934e-01 9.839424704845977088e-01 1.463419932415851721e-01 8.191402268984827595e-01 1.208779982811155340e-01 1.304855989035159924e-01 6.596562766444387382e-02 1.304423255115519931e-01 6.593902692389985720e-02 4.411695134228862947e-02
3.456556659117820396e-01 2.994912418434816925e-01 9.839056669394554699e-01 1.463448633967562307e-01 8.190832714400307912e-01 1.208727693084205995e-01 1.304341097468754984e-01 6.593550733281369758e-02 1.304031629874911613e-01 6.591769982276862727e-02 4.411324286377773379e-02
3.419802132131172234e-01 3.245720228818523290e-01 9.838660503408164226e-01 1.463431167145416156e-01 8.191007168216536405e-01 1.208774424126913966e-01 1.303902296478166578e-01 6.590905722555477630e-02 1.303721961641971239e-01 6.590045520694833014e-02 4.411618279876955429e-02
3.391412574470161756e-01 3.309690777081300550e-01 9.838650532851216379e-01 1.463423656053446376e-01 8.191146986910976535e-01 1.208788885457049295e-01 1.303870989121275470e-01 6.590688535732086573e-02 1.303808879110474606e-01 6.590502149826023282e-02 4.411714110831290586e-02
3.126104757777353749e-01 3.858352514931402966e-01 9.838618258933341520e-01 1.463418062785491747e-01 8.191340976653633810e-01 1.208773740867233881e-01 1.303552155022304759e-01 6.588727944007126414e-02 1.304185953667211795e-01 6.592536354665431975e-02 4.411652656242457532e-02
2.571057332611251800e-01 5.543931756256387233e-01 9.838212434383890592e-01 1.463417854431315612e-01 8.191341356593749845e-01 1.208770857379345143e-01 1.303255799040904661e-01 6.587068465838433196e-02 1.304254443261047280e-01 6.592980511062460081e-02 4.411636404261362610e-02
2.513633503657302093e-01 6.017426490565966901e-01 9.838102140240529980e-01 1.463414725370909830e-01 8.191486070873312819e-01 1.208790758005799520e-01 1.303159752794350867e-01 6.586511648279695652e-02 1.304284997970128201e-01 6.593162753785435093e-02 4.411764029916159097e-02
3.209550878088139325e-01 6.196086705356903535e-01 9.838292908727990227e-01 1.463416232133249728e-01 8.191413688790442071e-01 1.208780814583980540e-01 1.303526856630997377e-01 6.588653316743714461e-02 1.304299320111652061e-01 6.593217366730944051e-02 4.411696511366279549e-02
4.645181598775568466e-01 6.475324782714176886e-01 9.838694679289092804e-01 1.463414660188135097e-01 8.191488058307949682e-01 1.208791029542397311e-01 1.304318557235461806e-01 6.593237005191834865e-02 1.304346299273249910e-01 6.593400902696483490e-02 4.411763631513462153e-02
4.913751992843727878e-01 6.482108697636150829e-01 9.838709599993074040e-01 1.463414634396512093e-01 8.191489171698529415e-01 1.208791182128415298e-01 1.304347644540306272e-01 6.593405557333932576e-02 1.304347797121994668e-01 6.593406458381349811e-02 4.411764704570673989e-02
