3.502693934636443296e-01 2.757807153157236235e-01 9.839411323892793826e-01 1.463414655170873491e-01 8.191488690970265552e-01 1.208791154239478444e-01 1.304845674922330556e-01 6.596487909486346835e-02 1.304425926726905105e-01 6.593907805602258754e-02 4.411771290026274966e-02
3.751127366995221646e-01 2.756558471077619199e-01 9.839151579025806615e-01 1.463415765035844252e-01 8.191448634233581272e-01 1.208787735924620188e-01 1.304630258492071593e-01 6.595158243849999491e-02 1.304470069642660879e-01 6.594183034703833546e-02 4.411930601249398204e-02
4.023289841888192941e-01 2.730185366807624248e-01 9.838904655585254400e-01 1.463428452283018211e-01 8.190971482864898290e-01 1.208743208403700031e-01 1.304382616836042841e-01 6.593678882484532711e-02 1.304481258427261370e-01 6.594311368918170935e-02 4.411853910748438773e-02
4.282953448082550407e-01 2.589795330719998345e-01 9.838858788534478039e-01 1.463461028003542330e-01 8.189749554017660138e-01 1.208623397840407065e-01 1.303872256243905903e-01 6.590812922882795244e-02 1.304088251294788225e-01 6.592219855648312477e-02 4.410877539654033813e-02
4.480968266560138580e-01 2.461745081483599218e-01 9.838793163135262088e-01 1.463427779177602917e-01 8.190923557118028331e-01 1.208739128891131720e-01 1.303644139576801142e-01 6.589415978843088384e-02 1.303967788701545227e-01 6.591514734308012713e-02 4.411441151071579525e-02
4.635634789246839693e-01 2.407147257133181451e-01 9.839117941399670997e-01 1.463417402617091245e-01 8.191310691056412630e-01 1.208773594372430094e-01 1.303984441214817991e-01 6.591432630232488266e-02 1.304108401110286031e-01 6.592194827800294810e-02 4.411933070816986130e-02
5.083314555189210049e-01 2.125924611685588994e-01 9.839556111397099736e-01 1.463414954958096592e-01 8.191476119574591097e-01 1.208789692551091033e-01 1.304941076927742527e-01 6.597026012321986765e-02 1.304377558606543142e-01 6.593598280354259766e-02 4.412074302899442885e-02
5.163003804344566960e-01 1.940405120494141378e-01 9.839511168972677746e-01 1.463416396610152659e-01 8.191441127548586554e-01 1.208784564028304587e-01 1.304982732535387158e-01 6.597282398966743122e-02 1.304382501933120386e-01 6.593636474302316808e-02 4.411789922321043139e-02
4.868886464322499386e-01 1.236105396258072309e-01 9.839688017945222853e-01 1.463456182618106949e-01 8.190366176450409874e-01 1.208636370259540127e-01 1.304152458412904669e-01 6.592427339986035861e-02 1.304207044832969842e-01 6.592720691131745414e-02 4.410744051095685098e-02
4.602935510237686767e-01 7.356141440158248113e-02 9.839778200090067983e-01 1.463496089899425090e-01 8.189291005676938573e-01 1.208488141885734751e-01 1.303451501298056037e-01 6.588350578169967220e-02 1.304045530764187111e-01 6.591882493955948663e-02 4.409747014559355083e-02
