3.453660273323237995e-01 3.032279403389937511e-01 9.838995069339901978e-01 1.463414911691521270e-01 8.191478899354864840e-01 1.208790633469049858e-01 1.304350319015500359e-01 6.593544513909069260e-02 1.304074590425211289e-01 6.591967196412001906e-02 4.411734333898209570e-02
3.596530528103048518e-01 3.065844958170959034e-01 9.838928943517364356e-01 1.463437051473279737e-01 8.190677179038809985e-01 1.208720751333537402e-01 1.304315423532605434e-01 6.593339955500832072e-02 1.304247755949447807e-01 6.592997106093062554e-02 4.411391019503952543e-02
3.930768258379738755e-01 2.897093474624665710e-01 9.839252309221884207e-01 1.463856916205924508e-01 8.175725675570910678e-01 1.207252870333784395e-01 1.302901980869790033e-01 6.586198895918399243e-02 1.302950190590424495e-01 6.586523760053555887e-02 4.402347687875129284e-02
4.280669844219515685e-01 2.692514020474777170e-01 9.839996446813379372e-01 1.464781835805536447e-01 8.141536742640295143e-01 1.203744819514347697e-01 1.299203579807643727e-01 6.567370685392487362e-02 1.299455053476268884e-01 6.568772174750554804e-02 4.381130286841177640e-02
4.511991019214148801e-01 2.506324225382117743e-01 9.839401368368513312e-01 1.463916563110007063e-01 8.169391158698480204e-01 1.206598434311787205e-01 1.301700506766627352e-01 6.579771988042114328e-02 1.302269779121260351e-01 6.582944319795436261e-02 4.400189723172268780e-02
4.861882349060233088e-01 2.343529409899018090e-01 9.839464840482418095e-01 1.463476778909418574e-01 8.187612294504703625e-01 1.208403353746156650e-01 1.304140202790698699e-01 6.592621495742295723e-02 1.304028355680288964e-01 6.591823639220029118e-02 4.410582884171761198e-02
5.083861042799291408e-01 2.206849403715051283e-01 9.839608917125988174e-01 1.463421814264262155e-01 8.191257477575552004e-01 1.208761766405259119e-01 1.304957163110348761e-01 6.597098345867764835e-02 1.304367509728035224e-01 6.593557478447409359e-02 4.412052279072262856e-02
5.197688309571063536e-01 2.035968576103917294e-01 9.839594265861270062e-01 1.463423751724446664e-01 8.191192007335467151e-01 1.208750257800193378e-01 1.304857774240031354e-01 6.596537107105689135e-02 1.304344419849375325e-01 6.593437339104880890e-02 4.411710956507747944e-02
5.119767531688490525e-01 1.362503321079246432e-01 9.839827104067981889e-01 1.463590543480899342e-01 8.186500909698195549e-01 1.208103534072915569e-01 1.303706583716941203e-01 6.590240926304774538e-02 1.303670809263437758e-01 6.590008062107681475e-02 4.407224317612867120e-02
4.715720631614145342e-01 7.928643769840713895e-02 9.840046339909703788e-01 1.463828740146343732e-01 8.180234349162018859e-01 1.207239589450539025e-01 1.302369257954292536e-01 6.583011093926630086e-02 1.302809581240310655e-01 6.585638873900580281e-02 4.401432962436500201e-02
