3.393668975651770170e-01 3.298333205015527292e-01 9.838662867439185167e-01 1.463414931512234396e-01 8.191479237122594181e-01 1.208790262624877404e-01 1.303896356136161061e-01 6.590836007938392915e-02 1.303849205230412922e-01 6.590718691772216864e-02 4.411710497055186531e-02
3.473298849765090179e-01 3.309814716964885051e-01 9.838764642636912416e-01 1.463447250052044568e-01 8.190259933221271105e-01 1.208680169996038251e-01 1.304066041962465006e-01 6.591886421186610168e-02 1.304107844844038522e-01 6.592248670035844027e-02 4.411049365914179732e-02
3.695813606830413711e-01 3.286078485702607632e-01 9.839908013751086369e-01 1.464747486201999627e-01 8.144450508956758705e-01 1.204159287052221361e-01 1.299791524523588315e-01 6.570431993753486632e-02 1.299801908570468179e-01 6.570534567672542403e-02 4.382714717643305252e-02
4.246264158148091994e-01 3.037322352918959134e-01 9.843879127151667907e-01 1.469754991419705559e-01 7.962639490680851750e-01 1.184867377260826610e-01 1.280668335250736978e-01 6.473757777618110998e-02 1.281572607620957427e-01 6.478292722733017261e-02 4.267048337145432080e-02
4.876515768307047582e-01 2.632323922719245757e-01 9.841567143152740726e-01 1.465919976702823868e-01 8.080124737208623786e-01 1.197334411973177276e-01 1.292884585227516425e-01 6.535427236415476682e-02 1.295002737104958557e-01 6.546174672501348102e-02 4.352074584320870382e-02
5.144154961318840869e-01 2.450751188769078048e-01 9.839445765398948662e-01 1.463690385708855957e-01 8.177437189115002170e-01 1.207296225214360419e-01 1.302940441733932420e-01 6.586396966899367433e-02 1.303295182291898113e-01 6.588099788060185202e-02 4.404913206009818116e-02
5.168161064385390358e-01 2.296831093324683271e-01 9.839593382738461846e-01 1.463699586981210832e-01 8.183430035785479451e-01 1.207700653743741942e-01 1.303713951490597378e-01 6.590626711699708318e-02 1.303331839355474087e-01 6.588308121953569130e-02 4.405028723853358918e-02
6.261991483722816332e-01 2.115035682542376616e-01 9.839573055048066452e-01 1.463584841534776859e-01 8.184825480706512391e-01 1.207873189900187105e-01 1.303710770611814507e-01 6.590493986415210670e-02 1.303464030345256042e-01 6.588972867374330578e-02 4.405850315477988222e-02
7.677124382553258686e-01 1.979336767391385865e-01 9.839384581567057753e-01 1.463508051955391409e-01 8.184135574333678553e-01 1.207777915880144798e-01 1.303264973595766318e-01 6.587962659059072579e-02 1.303338514201814180e-01 6.588322736628418608e-02 4.405024656881897233e-02
7.237518602256257649e-01 1.676608903888297253e-01 9.839635460268618683e-01 1.463767069810492094e-01 8.178229226301549915e-01 1.206963527027156841e-01 1.302381000746630491e-01 6.583390428297206109e-02 1.302502910851818796e-01 6.584089996113193233e-02 4.399588656703899703e-02
