3.282782619088826515e-01 3.501440088756178626e-01 9.838660443770463893e-01 1.463416760143332052e-01 8.191383642245406715e-01 1.208777011194019507e-01 1.303675867080856254e-01 6.589488558076328495e-02 1.304021597049016545e-01 6.591650066283502585e-02 4.411652216883411165e-02
3.498315660069740152e-01 3.511120167270208037e-01 9.838744347966809078e-01 1.463444663808552426e-01 8.190286314937493817e-01 1.208670306493648122e-01 1.303891150348666372e-01 6.590838353281441853e-02 1.304111030646412095e-01 6.592231153922079034e-02 4.410994746474657807e-02
4.090341762476882859e-01 3.748062920809587251e-01 9.839380151139396347e-01 1.464100976839537716e-01 8.167405514848669057e-01 1.206408378495716360e-01 1.301965614562446694e-01 6.581355669448978041e-02 1.302002618693015312e-01 6.581598628437122789e-02 4.396838735848965923e-02
4.509204519782833986e-01 3.480165840091076213e-01 9.841258540483450723e-01 1.466264018146180292e-01 8.088208618402134009e-01 1.198019668222876505e-01 1.293651256947704331e-01 6.539308432838455976e-02 1.294103725511651093e-01 6.541618006156516008e-02 4.346574886311250357e-02
5.132704672981146521e-01 2.622570325466898056e-01 9.839712597127567850e-01 1.464165988704981269e-01 8.158732289603896071e-01 1.205490110904999523e-01 1.300968826378947618e-01 6.576251844436520333e-02 1.301611872940299508e-01 6.579573465373134145e-02 4.394134492064446368e-02
5.233936286984598452e-01 2.508510880001799670e-01 9.839027572721357195e-01 1.463588164415844384e-01 8.185827493895869722e-01 1.208089580244325473e-01 1.303539019649061492e-01 6.589245256645698268e-02 1.303717643522410985e-01 6.590221062698796428e-02 4.407531144904144882e-02
5.381188065105885210e-01 2.470084221630736987e-01 9.839454450073232827e-01 1.464315755801402219e-01 8.166708909468655131e-01 1.205390211254553645e-01 1.300931260097113185e-01 6.576112816124146665e-02 1.301010400509182985e-01 6.576539142271423111e-02 4.389216798421975707e-02
7.987938401290419765e-01 2.137679860028816048e-01 9.839400263281375958e-01 1.463794257063968374e-01 8.175874353457773802e-01 1.206639588994875695e-01 1.302107744942485323e-01 6.582089799735238445e-02 1.302218877832808930e-01 6.582661233259597122e-02 4.397431815087666368e-02
8.368192173130735156e-01 2.063806139392055650e-01 9.839176446214735750e-01 1.463434728081593750e-01 8.184809957799076274e-01 1.207871008951197922e-01 1.303254890210341632e-01 6.587829459209669503e-02 1.303394055316351163e-01 6.588593101990040946e-02 4.405624619167034656e-02
8.560377128727865159e-01 1.895748863754189162e-01 9.839030345724747439e-01 1.463424645950920644e-01 8.185560961916801270e-01 1.207974443898677114e-01 1.303224486252771153e-01 6.587512517502860931e-02 1.303352496263588400e-01 6.588345797816350102e-02 4.406314924985141324e-02
