2.960525941716594112e-01 3.997528755372906084e-01 9.838702099932422618e-01 1.463492324887593066e-01 8.187153734939267569e-01 1.208195747359804839e-01 1.303058850491158327e-01 6.586284353257976232e-02 1.303594588795979892e-01 6.589524762691661985e-02 4.408007586488145446e-02
3.815677319124607392e-01 4.136376820486771244e-01 9.838922138106925841e-01 1.463634323633148104e-01 8.179275025729865201e-01 1.207125140172579658e-01 1.302384165356271495e-01 6.583212350099880428e-02 1.302630340868181635e-01 6.584703837785318981e-02 4.401238429967856830e-02
4.536946484017171377e-01 4.265319574718355877e-01 9.838822567545947306e-01 1.463501261271186737e-01 8.187285058706147423e-01 1.208258360007420651e-01 1.303803778770173671e-01 6.590642907096408432e-02 1.303817934738694118e-01 6.590729379378638952e-02 4.408403474929273314e-02
4.673708759573086402e-01 4.055553308820523672e-01 9.838977585113152236e-01 1.463586287198591351e-01 8.185072419702271729e-01 1.208138078112049318e-01 1.303688359050882428e-01 6.590061638380216580e-02 1.303721610046820190e-01 6.590240495882639105e-02 4.407760201736863476e-02
5.139314809691725161e-01 2.910800494437391084e-01 9.839147836329914520e-01 1.463595809043313767e-01 8.184081050765502630e-01 1.208094444236529758e-01 1.303577298067424839e-01 6.589458043500304174e-02 1.303718767863737971e-01 6.590225944321366491e-02 4.407658640986197168e-02
5.294693216965301596e-01 2.560642153333160809e-01 9.838976151945028059e-01 1.463547762018048148e-01 8.187596604684106438e-01 1.208286541563515504e-01 1.303726854012165481e-01 6.590187384364272483e-02 1.303845994247123108e-01 6.590868420778368819e-02 4.408470728020085633e-02
5.674881420616989525e-01 2.670898423666888122e-01 9.839178337083768211e-01 1.463965776109576733e-01 8.175494734380291950e-01 1.206597842390244452e-01 1.301966142628435408e-01 6.581230194451602455e-02 1.302086488348025151e-01 6.581968217100282736e-02 4.397074606967329991e-02
7.925613300711371600e-01 2.249217258447394063e-01 9.839237390537813877e-01 1.463638179877631562e-01 8.178735935271705948e-01 1.207034613836230619e-01 1.302377100042600711e-01 6.583341599231920527e-02 1.302514020895567115e-01 6.584137341725899983e-02 4.399996007620501220e-02
8.577038745146974286e-01 1.905348954346844925e-01 9.839022226267731819e-01 1.463421644179912218e-01 8.185685153822930271e-01 1.207991570676110599e-01 1.303242325259873768e-01 6.587603606438384440e-02 1.303370283615511716e-01 6.588436070788543375e-02 4.406428438744074139e-02
8.780462202428024332e-01 1.737507810416256404e-01 9.838858337323406200e-01 1.463410195922157375e-01 8.187152749451001021e-01 1.208193742168471724e-01 1.303308394397621472e-01 6.587773246563456697e-02 1.303425041744405155e-01 6.588674995255386357e-02 4.407778170657851435e-02
