2.518362074657640726e-01 5.824108766793612002e-01 9.838366224352435019e-01 1.463617670453226938e-01 8.180456018556274689e-01 1.207274805289953179e-01 1.301706413805668316e-01 6.579200152129950629e-02 1.302766329960872993e-01 6.585471458478868445e-02 4.402104555140908676e-02
3.137540054682583790e-01 5.417918332453466324e-01 9.839207433760184252e-01 1.464233234292812158e-01 8.147100999439880198e-01 1.202690896557696287e-01 1.297493018379697882e-01 6.558154415642752921e-02 1.298242517242839122e-01 6.562589590540103546e-02 4.372866668337122703e-02
4.513398283103735587e-01 4.489445438674331545e-01 9.839012269970600633e-01 1.463715129856986430e-01 8.175216688183545299e-01 1.206556470270888359e-01 1.302069831829239244e-01 6.581846377068034659e-02 1.302127246185494358e-01 6.582186095000300274e-02 4.397515859464127402e-02
4.771616480343646716e-01 4.286424557879328079e-01 9.838754258210414827e-01 1.463437374170519500e-01 8.190329328228533878e-01 1.208640273553245464e-01 1.304194852303288132e-01 6.592631019605380005e-02 1.304197493918351214e-01 6.592646093429152532e-02 4.410808554234605522e-02
5.273425819461677877e-01 3.801873468239749254e-01 9.838815280895267801e-01 1.463441347588994301e-01 8.190427633048065204e-01 1.208697359057837872e-01 1.304143477402151530e-01 6.592302489624811412e-02 1.304181553361038470e-01 6.592559058492018786e-02 4.411107313057104073e-02
6.280840245463230609e-01 3.177924525854473603e-01 9.838764703001883216e-01 1.463423490335374055e-01 8.191100228895918933e-01 1.208741265879182403e-01 1.303811137886959071e-01 6.590382263896463200e-02 1.303950319821205184e-01 6.591367962016861370e-02 4.411154133790508303e-02
6.489563552835260207e-01 3.218998186091408531e-01 9.838739595139992522e-01 1.463421651758764486e-01 8.191069347281063617e-01 1.208733420774206757e-01 1.303714671527057556e-01 6.589839385563468765e-02 1.303871875570861982e-01 6.590965941812619577e-02 4.411043382394375795e-02
6.705696373024403467e-01 3.133693121649302471e-01 9.838810820679224634e-01 1.463358197878482647e-01 8.188092855483050103e-01 1.208324656050669549e-01 1.303326070927895153e-01 6.587886179302752943e-02 1.303481305632107623e-01 6.588994589599755924e-02 4.408318749170095363e-02
8.833229754274684042e-01 2.060142085415637703e-01 9.838898282501913339e-01 1.463386953901978926e-01 8.187688055660320430e-01 1.208268027567170194e-01 1.303552674639024411e-01 6.589178792493864678e-02 1.303632300318745829e-01 6.589765984623462136e-02 4.408248119669247456e-02
9.009319900722871921e-01 1.979979613598666921e-01 9.838853551782259510e-01 1.463410729510141728e-01 8.189314609515733201e-01 1.208491588995412175e-01 1.303784531685209802e-01 6.590347270973552496e-02 1.303854464691416026e-01 6.590885825207760951e-02 4.409765646920159321e-02
