2.514293996363823336e-01 6.077701583604719904e-01 9.838158496970680345e-01 1.463499494234713483e-01 8.187281860528639044e-01 1.208213125718519826e-01 1.302545636806464735e-01 6.583390125198090859e-02 1.303714482072293734e-01 6.590292022769393687e-02 4.407986456783725970e-02
2.979497690636985219e-01 5.943843465790215053e-01 9.838614671182038807e-01 1.463786456272949399e-01 8.173038898851232581e-01 1.206256225913165253e-01 1.300927452089580272e-01 6.575449139377348429e-02 1.301787596843072270e-01 6.580529728227661745e-02 4.395196733281182128e-02
4.205497177526262287e-01 5.526063513749968070e-01 9.838840744586245801e-01 1.463582009688882413e-01 8.183158425427055072e-01 1.207646566985672854e-01 1.303139907024949418e-01 6.587248057909678156e-02 1.303208378251977939e-01 6.587652521382407478e-02 4.404290677610688681e-02
4.547296519661768177e-01 5.090761541953146008e-01 9.838726761772544904e-01 1.463431573528072571e-01 8.190639210113050961e-01 1.208674392685721993e-01 1.304228596993413369e-01 6.592801641206590124e-02 1.304230946638632316e-01 6.592815263734229381e-02 4.411010853851695529e-02
5.497685897796982246e-01 4.107074873547288951e-01 9.838720704592581745e-01 1.463415732047399220e-01 8.191399222916448952e-01 1.208779465789360519e-01 1.304163303958446041e-01 6.592363525269522018e-02 1.304210375830699986e-01 6.592699163776960525e-02 4.411609709829687753e-02
6.476672060444570445e-01 3.272504418850586405e-01 9.838728707711887900e-01 1.463413247292703334e-01 8.191426427744477046e-01 1.208782542475755062e-01 1.303770784459523380e-01 6.590127893510885904e-02 1.303924768764639641e-01 6.591233373640344173e-02 4.411376831400900395e-02
6.522655001496253657e-01 3.238178523304114931e-01 9.838728952152105967e-01 1.463411566239980477e-01 8.191361680473630003e-01 1.208773681328972061e-01 1.303740102020627678e-01 6.589961061448862401e-02 1.303897327383133908e-01 6.591091229141898822e-02 4.411306110560733740e-02
6.601532463436784459e-01 3.208182032620716106e-01 9.838783616525235143e-01 1.463351477872111006e-01 8.188891349817392085e-01 1.208434601066150360e-01 1.303416125540842463e-01 6.588331139994446639e-02 1.303573538778370899e-01 6.589460353803705539e-02 4.409034225027821247e-02
8.906129029862115409e-01 2.317752039615964821e-01 9.838907066197910556e-01 1.463360642192640393e-01 8.189173005105280234e-01 1.208473212362507487e-01 1.303897066503079682e-01 6.591059743762767154e-02 1.303944680172310910e-01 6.591380181673253680e-02 4.409596624894598915e-02
9.155527015187092665e-01 2.221435778416361584e-01 9.838870083424092750e-01 1.463413866679092734e-01 8.191401087294719607e-01 1.208779062626515050e-01 1.304252041400762174e-01 6.592888610146145634e-02 1.304283666908784833e-01 6.593097165366001988e-02 4.411683704689667307e-02
