3.148258042816297064e-01 6.181288180913537822e-01 9.838304054288100620e-01 1.463449724361363946e-01 8.189861126927058255e-01 1.208567556887808758e-01 1.303277829764271645e-01 6.587370942547873809e-02 1.304084361898456002e-01 6.592134489135967335e-02 4.410274482388530648e-02
3.858954824923270244e-01 5.830510599770135638e-01 9.838628760740983914e-01 1.463501549100294230e-01 8.187460979728362620e-01 1.208237877458598342e-01 1.303484772210968534e-01 6.588812329323713579e-02 1.303783163850934235e-01 6.590574739223717393e-02 4.408075197639283599e-02
4.267416641373107389e-01 5.617858150313814747e-01 9.838721912042187601e-01 1.463433083082596731e-01 8.190636084628244440e-01 1.208674005001298818e-01 1.304221837636732606e-01 6.592762709038532676e-02 1.304231002422363006e-01 6.592816833955914002e-02 4.410982915248640862e-02
4.416460680218265988e-01 5.521921613897239345e-01 9.838711469805478949e-01 1.463416671829741722e-01 8.191393186426516593e-01 1.208777979318203660e-01 1.304334240933091027e-01 6.593337612673043358e-02 1.304334562180584356e-01 6.593339463063628558e-02 4.411678849746718950e-02
5.163587276770714718e-01 4.897450437088267661e-01 9.838712972896467290e-01 1.463413680857706400e-01 8.191417628805027773e-01 1.208781213624972317e-01 1.304270754385808140e-01 6.592973870954445259e-02 1.304286136160134058e-01 6.593086804211124863e-02 4.411669401161570636e-02
6.471765289386148812e-01 3.407896818666351635e-01 9.838734710995477029e-01 1.463400793963395008e-01 8.190978981082415178e-01 1.208721077610175887e-01 1.303754517596147355e-01 6.590071959284285463e-02 1.303881094199473845e-01 6.590998734638184309e-02 4.410978753236233230e-02
6.580239513809871266e-01 3.254087460981326396e-01 9.838773498822126484e-01 1.463354633587287956e-01 8.189093989227924641e-01 1.208462367755631095e-01 1.303438494822339033e-01 6.588438872100238486e-02 1.303583215573287379e-01 6.589493561313812531e-02 4.409207152616063247e-02
6.740271491378406754e-01 3.221516500944661132e-01 9.839007261039818264e-01 1.463076753998855395e-01 8.177671203929173238e-01 1.206894464811555101e-01 1.301907412078776582e-01 6.580720980336424164e-02 1.302045591065095764e-01 6.581728995891793221e-02 4.398689350386694036e-02
9.134955376738943533e-01 2.616603496559151698e-01 9.838944924671515491e-01 1.463262517175212551e-01 8.185218060432071230e-01 1.207930386801251282e-01 1.303389934527229843e-01 6.588515015535222064e-02 1.303425821616172875e-01 6.588756563105742370e-02 4.405953244991395873e-02
9.353184249037379550e-01 2.522831091986609264e-01 9.838835881705475517e-01 1.463410359645897496e-01 8.191312567952839796e-01 1.208766941974996206e-01 1.304265139504145465e-01 6.592966776667255613e-02 1.304289786365659676e-01 6.593125210106064171e-02 4.411603019422074418e-02
