4.690129315604339433e-01 6.462451062093234055e-01 9.838692289509852751e-01 1.463416027424251087e-01 8.191425645131557021e-01 1.208782458004591248e-01 1.304303038296808215e-01 6.593153514500281476e-02 1.304337379418053222e-01 6.593356331174762830e-02 4.411706249896050341e-02
4.684782395489109907e-01 6.132670155473308737e-01 9.838704114716106952e-01 1.463419602254571739e-01 8.191260863886860033e-01 1.208759824681471251e-01 1.304296983075965699e-01 6.593135049888175503e-02 1.304315703461248477e-01 6.593245622091221947e-02 4.411555563271469388e-02
4.636331458182324505e-01 5.540002671219073083e-01 9.838710543417867882e-01 1.463416042160477493e-01 8.191424107111854314e-01 1.208782246431751167e-01 1.304338045619591047e-01 6.593356507844949643e-02 1.304338882841796776e-01 6.593361453063371902e-02 4.411706027006111891e-02
5.013612152549420387e-01 5.269132220155124946e-01 9.838709819995079542e-01 1.463414717550684530e-01 8.191481905419576437e-01 1.208790183242399868e-01 1.304346779226071285e-01 6.593401278451964387e-02 1.304346750587591086e-01 6.593401106719985749e-02 4.411761085589896436e-02
5.391221336044723644e-01 5.089051448284518386e-01 9.838711701984247382e-01 1.463409802674998927e-01 8.191325842202991092e-01 1.208768719921821111e-01 1.304320626369950553e-01 6.593264857192536466e-02 1.304309708344775498e-01 6.593200654975014952e-02 4.411612888271183169e-02
7.680030741355126089e-01 4.263715995884885812e-01 9.838759587165447629e-01 1.463273667075023210e-01 8.187107001539842832e-01 1.208188662005544728e-01 1.303601739963343165e-01 6.589506607144052230e-02 1.303273377766261398e-01 6.587576813647051666e-02 4.407391874405820753e-02
8.932293170381825353e-01 3.827628445593483364e-01 9.838823650222857653e-01 1.463146549761482063e-01 8.182833047984865438e-01 1.207601350171784854e-01 1.302937074498629888e-01 6.586076310251796906e-02 1.302422886096138988e-01 6.583053785637235644e-02 4.403254851203722287e-02
9.245804068374172680e-01 3.637575238804895417e-01 9.838869469846907023e-01 1.463138923298081817e-01 8.181617978540145497e-01 1.207435215212075419e-01 1.302841732336020852e-01 6.585659325790220453e-02 1.302510361132328542e-01 6.583715580907448239e-02 4.402314618780742844e-02
9.875294239107990091e-01 3.327604167287658843e-01 9.838722515722619910e-01 1.463399558531357503e-01 8.190890951285368926e-01 1.208709054368351521e-01 1.304263267786260061e-01 6.592977370825069128e-02 1.304260729308260869e-01 6.592963024327588850e-02 4.411213912605444626e-02
9.885739799351260793e-01 3.325028181192983268e-01 9.838710888791331044e-01 1.463414423234052908e-01 8.191481822603925433e-01 1.208790171561597432e-01 1.304346255276533917e-01 6.593398481105679221e-02 1.304346401943076439e-01 6.593399519681014675e-02 4.411762465621305029e-02
