4.943165394921506528e-01 6.477110653796745998e-01 9.838709589544051282e-01 1.463414641502458202e-01 8.191488724953573941e-01 1.208791122073601398e-01 1.304347547970664822e-01 6.593405044786856961e-02 1.304347731806390909e-01 6.593406130422821421e-02 4.411764399080862764e-02
5.070513922327164469e-01 6.305951943431830076e-01 9.838709667037939255e-01 1.463414668028622523e-01 8.191486459608279258e-01 1.208790810856896353e-01 1.304347297043530196e-01 6.593403818523975446e-02 1.304347423848529752e-01 6.593404567485700030e-02 4.411763318106440984e-02
5.218605151237475370e-01 5.424209387895729817e-01 9.838709722545182501e-01 1.463414656641603140e-01 8.191486963632419460e-01 1.208790880143554014e-01 1.304347489455655595e-01 6.593404879349289149e-02 1.304347497574995240e-01 6.593404927305204777e-02 4.411764154175464719e-02
5.281848430023907692e-01 5.142637937870416787e-01 9.838709767058273492e-01 1.463414635347039527e-01 8.191484685247230058e-01 1.208790565795864469e-01 1.304347174681471100e-01 6.593403285322801954e-02 1.304347123812260034e-01 6.593402983637415560e-02 4.411763695113326417e-02
5.500222425306042773e-01 5.047882657926674455e-01 9.838712873388097968e-01 1.463407236653794241e-01 8.191243669002195027e-01 1.208757424201605118e-01 1.304309992044382083e-01 6.593211109090370281e-02 1.304294959741636728e-01 6.593121978354725410e-02 4.411537185232344838e-02
8.344089993135714867e-01 4.190678001763226690e-01 9.838781701024659210e-01 1.463212527427616705e-01 8.185249753077457058e-01 1.207933267859807869e-01 1.303364525767223003e-01 6.588306383919476095e-02 1.302905525540186404e-01 6.585585034928756465e-02 4.405603451979728941e-02
9.314414435300635287e-01 3.905961247917484891e-01 9.838844248646182455e-01 1.463081251445721986e-01 8.181205074360855534e-01 1.207377137587929555e-01 1.302767566299338764e-01 6.585244848173253673e-02 1.302146425298088550e-01 6.581561532935352454e-02 4.401719498916711187e-02
9.523442347126456209e-01 3.707147575853432797e-01 9.838779972067884794e-01 1.463225411532339260e-01 8.185610919255090767e-01 1.207982972778650632e-01 1.303427349172426863e-01 6.588637445939429793e-02 1.303016047331452265e-01 6.586198947851153174e-02 4.405973888815515466e-02
9.888832665078755024e-01 3.335742661806480602e-01 9.838710898664310145e-01 1.463412192377968324e-01 8.191413066121263631e-01 1.208780717589367643e-01 1.304336628563193545e-01 6.593349224261892128e-02 1.304333947213769662e-01 6.593333332577991368e-02 4.411696673361587689e-02
9.891298668126095039e-01 3.333304340107521302e-01 9.838709796479687686e-01 1.463414457259626933e-01 8.191483468256842704e-01 1.208790396526834010e-01 1.304347020556806402e-01 6.593402513951078514e-02 1.304347013198663974e-01 6.593402478005912226e-02 4.411764607719005638e-02
