3.506550600357450920e-01 2.749789055977690522e-01 9.839418753801062456e-01 1.463414639680654661e-01 8.191489147639364754e-01 1.208791180828590606e-01 1.304856128517456748e-01 6.596546267103277350e-02 1.304431159986415290e-01 6.593934140970408864e-02 4.411774930295281338e-02
3.778743407292211587e-01 2.749534798637038868e-01 9.839100734256891467e-01 1.463414953961078013e-01 8.191479290960875792e-01 1.208789848705050102e-01 1.304601741422546368e-01 6.594979645146882563e-02 1.304468719438467428e-01 6.594177753060692648e-02 4.411999041079180117e-02
4.021094368875101077e-01 2.725701753595618504e-01 9.838844848625541983e-01 1.463411202391775856e-01 8.190963044297798756e-01 1.208718873915588243e-01 1.304345556431816266e-01 6.593471724187204008e-02 1.304517184499378868e-01 6.594485860365592589e-02 4.412162713860291741e-02
4.294461108624640366e-01 2.577440139462251478e-01 9.839024658382241606e-01 1.463284414234383712e-01 8.180654515109200275e-01 1.207302719453892254e-01 1.302539427365522751e-01 6.584051356507344965e-02 1.304212321258400031e-01 6.592842675903624883e-02 4.411675962881569241e-02
4.500968990906518141e-01 2.455683304661860911e-01 9.839340780849237245e-01 1.463026150859553787e-01 8.162634403245078163e-01 1.204822771799851783e-01 1.299770800779067870e-01 6.569824959413209098e-02 1.304015870113442166e-01 6.591766493083610345e-02 4.411591490256497328e-02
4.771447794288973809e-01 2.359277734974423724e-01 9.839381576701047294e-01 1.463266959818810831e-01 8.180501330770670876e-01 1.207280931562824261e-01 1.302820761918647430e-01 6.585743765879846501e-02 1.304196571092123280e-01 6.592688264988409708e-02 4.411924785448567005e-02
5.056268375757426714e-01 2.236180578130006757e-01 9.839606765346127215e-01 1.463407475895445453e-01 8.190959169609137724e-01 1.208718289817113517e-01 1.304941453263803730e-01 6.597033007149416539e-02 1.304394006021166452e-01 6.593697076737548013e-02 4.412270228113308879e-02
5.105110143005775480e-01 2.074206507500996888e-01 9.839562845323343021e-01 1.463414664384491692e-01 8.191482884489847960e-01 1.208790319851241746e-01 1.304963430830332338e-01 6.597122353602243028e-02 1.304391611924852756e-01 6.593679364962019840e-02 4.412090153887490013e-02
4.741725070113736451e-01 9.953275464755480251e-02 9.839703862879102259e-01 1.463414898885883886e-01 8.191480961155648277e-01 1.208790057729228068e-01 1.304021015826137553e-01 6.591485426610800558e-02 1.304348660804437454e-01 6.593423984448536224e-02 4.411781383993883254e-02
4.584596857190564867e-01 7.153988425249972749e-02 9.839725298376374996e-01 1.463414681849059540e-01 8.191487938715967809e-01 1.208791015728863105e-01 1.303700881484700647e-01 6.589563355488091412e-02 1.304345035146732279e-01 6.593394581850758884e-02 4.411764649958798551e-02
