3.469842850339372453e-01 2.900162827598204984e-01 9.839187464208113409e-01 1.463414766110732457e-01 8.191486447141829164e-01 1.208790829490197782e-01 1.304553919303964304e-01 6.594755681629335675e-02 1.304200481444965365e-01 6.592649857313093165e-02 4.411748676890764331e-02
3.572825067277213829e-01 3.015244249729117643e-01 9.838841967218449058e-01 1.463422666697535013e-01 8.191327758869226816e-01 1.208770244280834849e-01 1.304177818323173643e-01 6.592514443302058269e-02 1.303990098961688993e-01 6.591499170136264074e-02 4.411699271267751493e-02
3.897441294811468948e-01 2.846591079804769997e-01 9.838944826426141432e-01 1.463593435372856078e-01 8.186375286910491100e-01 1.208118234112302847e-01 1.303653407183753554e-01 6.589917876979976830e-02 1.303852408929928319e-01 6.590989007292061275e-02 4.408929866652092078e-02
4.325192989720199610e-01 2.642633475282111788e-01 9.839927907792442863e-01 1.463744352236372448e-01 8.145669808022402147e-01 1.202704895087352982e-01 1.298123763594707381e-01 6.561885436461849241e-02 1.302452427032106674e-01 6.583903390365941632e-02 4.399922820889913544e-02
4.679650439100686565e-01 2.487233877933620607e-01 9.840633864296244315e-01 1.462425101265979188e-01 8.106890798675274734e-01 1.197220856573144032e-01 1.292421632276343491e-01 6.532870564319652462e-02 1.303836324298415783e-01 6.590839985300737947e-02 4.409924766695486748e-02
5.025016016132323182e-01 2.441740058603170671e-01 9.839634207823552137e-01 1.463035917873177771e-01 8.161875410897910799e-01 1.204744051282728712e-01 1.300247913268275379e-01 6.572676830714442586e-02 1.304234748331320470e-01 6.592851411829384056e-02 4.411612993640802449e-02
5.138007794170399434e-01 2.214650230737692516e-01 9.839443650974958322e-01 1.463394591523543564e-01 8.189974435090683347e-01 1.208583405842102859e-01 1.304636738038410793e-01 6.595359769139844119e-02 1.304380455225904734e-01 6.593614222023175264e-02 4.412036148834316829e-02
5.214124124593222387e-01 1.977587033683062545e-01 9.839477779007843594e-01 1.463414688315922141e-01 8.191471706598828506e-01 1.208788784132934085e-01 1.304917598135146295e-01 6.596885074199802801e-02 1.304379959539190004e-01 6.593612923376362955e-02 4.411866067219430421e-02
5.095388742431258278e-01 1.429299088650559935e-01 9.839626550727996745e-01 1.463415556256183470e-01 8.191419722951921445e-01 1.208781628156271187e-01 1.304487537452156121e-01 6.594303727150288563e-02 1.304343573839103210e-01 6.593412637097542661e-02 4.411725607554506379e-02
4.686413660522616986e-01 7.840786441527645978e-02 9.839778707342792252e-01 1.463415878501421741e-01 8.191435018193129469e-01 1.208783727669938274e-01 1.303882938983460804e-01 6.590656678076389774e-02 1.304329923178293993e-01 6.593325202228453308e-02 4.411722540017951749e-02
