3.341132576570273738e-01 3.368137173063799339e-01 9.838666360670473843e-01 1.463415048641009963e-01 8.191481846664918631e-01 1.208790127116724789e-01 1.303795338760527778e-01 6.590219818822662390e-02 1.303872068851525401e-01 6.590802213318053271e-02 4.411717411811832967e-02
3.397941486064016137e-01 3.260805620001072103e-01 9.838648059335843854e-01 1.463418239663031306e-01 8.191423752217920073e-01 1.208782290372502760e-01 1.303908337926053540e-01 6.590907312921039096e-02 1.303765589875868214e-01 6.590224230134948680e-02 4.411668285659923333e-02
3.503628783382514711e-01 3.223213146865208101e-01 9.838869994898760130e-01 1.463779234578271304e-01 8.184271711767071578e-01 1.207847461055359672e-01 1.303170160701871416e-01 6.587316382858451891e-02 1.303160046277492268e-01 6.587323894366561849e-02 4.406037310129955892e-02
4.061220192209561430e-01 3.028173593847143241e-01 9.841477034283439007e-01 1.467801858782744051e-01 8.077844291497942031e-01 1.195217335255850111e-01 1.290899958495710931e-01 6.525457632592555901e-02 1.292511126385074705e-01 6.533614007925948874e-02 4.334403770481165541e-02
5.065212069017615004e-01 2.550199424522196501e-01 9.840023106759271387e-01 1.463747733944021912e-01 8.143651652873291624e-01 1.202783263027339816e-01 1.298251622343200851e-01 6.562529738507746901e-02 1.302439118123093209e-01 6.583752582974632117e-02 4.399372722069015001e-02
5.234366954787208481e-01 2.505445170553075585e-01 9.839102693584901305e-01 1.463291577400180898e-01 8.181705497224123214e-01 1.207453641687030454e-01 1.302906377154578466e-01 6.586045752285632493e-02 1.304324239093398452e-01 6.593287794698364512e-02 4.411662300732278191e-02
5.265213615231545408e-01 2.381838685782763920e-01 9.839040348967971195e-01 1.463417558009964814e-01 8.190602024110457124e-01 1.208678713471366267e-01 1.304291588790783274e-01 6.593215203257521417e-02 1.304319513419848475e-01 6.593275088909958392e-02 4.411538182226761029e-02
5.953644690343043999e-01 2.006003723307481224e-01 9.839338252472763502e-01 1.463417482523893531e-01 8.190787398884604720e-01 1.208694586357833833e-01 1.304634783335685555e-01 6.595297512480402524e-02 1.304276693106757035e-01 6.593084560487109946e-02 4.411135568283549441e-02
7.221031223578699976e-01 1.962285221654192779e-01 9.839293186483534237e-01 1.463420689131269825e-01 8.188900648868456811e-01 1.208434580103530248e-01 1.304051988441674026e-01 6.592064952989748483e-02 1.303997291298053529e-01 6.591658363207873739e-02 4.409392160449208953e-02
7.058648432442922172e-01 1.645341087184931106e-01 9.839458283999694688e-01 1.463495707315495276e-01 8.185157911968161670e-01 1.207918774353142072e-01 1.303324218105405274e-01 6.588165046895777532e-02 1.303454565442470625e-01 6.588904261399712581e-02 4.405951964331687731e-02
