3.234351033095603789e-01 3.652026825517185049e-01 9.838655788834909099e-01 1.463415133571840665e-01 8.191481682768799732e-01 1.208789952527867945e-01 1.303676765531844584e-01 6.589463653510789498e-02 1.304167133827387748e-01 6.592419084126248385e-02 4.411752141936233634e-02
3.334644079820162088e-01 3.430410536805814647e-01 9.838670353381328004e-01 1.463419260715758119e-01 8.191406788884870727e-01 1.208780286197023018e-01 1.303935895980372905e-01 6.591030984493004286e-02 1.304054547868356284e-01 6.591846865778770714e-02 4.411673920797584691e-02
3.478654203981711990e-01 3.328556566800220939e-01 9.838776185688661302e-01 1.463492141897737575e-01 8.190170679339066062e-01 1.208613760787550090e-01 1.304097445009110012e-01 6.592108841791026463e-02 1.304179151240919265e-01 6.592691087501575953e-02 4.410615646626144665e-02
3.766131920277951406e-01 3.296116141937501798e-01 9.839450496396967560e-01 1.464426048840718475e-01 8.170100439798460012e-01 1.206190012828600444e-01 1.301786058123113876e-01 6.580477578822180318e-02 1.301913360125289132e-01 6.581223249754074300e-02 4.395294306222613523e-02
4.850337065735672026e-01 2.796415890034996132e-01 9.839745134312978259e-01 1.464253943778801026e-01 8.165474448571884425e-01 1.206178548751600521e-01 1.301700887088630687e-01 6.579985155489634363e-02 1.301970192540979898e-01 6.581390008470199005e-02 4.396138533988844244e-02
5.214688706079900760e-01 2.545862320115376831e-01 9.839003899619497284e-01 1.463477766692618531e-01 8.188412328884526747e-01 1.208509923159955396e-01 1.303961269107445087e-01 6.591381339879806567e-02 1.304143861314654151e-01 6.592376255891464754e-02 4.410401050533734046e-02
5.495456903345066202e-01 2.459417925111425374e-01 9.839027700216598227e-01 1.463557383289215696e-01 8.186677655089033001e-01 1.208156443338165298e-01 1.303631343319012759e-01 6.589741025884081338e-02 1.303725411240875542e-01 6.590264040682203284e-02 4.407560925092794679e-02
8.056229582542240308e-01 2.115972668910994225e-01 9.839204621023330821e-01 1.463436175436067244e-01 8.185365819235481677e-01 1.207947682077017831e-01 1.303411430718078023e-01 6.588696013766998094e-02 1.303511891135384348e-01 6.589198910774522744e-02 4.406136337075662601e-02
8.320198611117328724e-01 2.103275961779620395e-01 9.839076189371381842e-01 1.463416157472670065e-01 8.190761506156086780e-01 1.208690936246927666e-01 1.304099961607613212e-01 6.592134037116322010e-02 1.304234134127063849e-01 6.592843778301805957e-02 4.411096193539268406e-02
8.472988804089510717e-01 1.961307137550363788e-01 9.838993162217051225e-01 1.463418176892832823e-01 8.189775659554888732e-01 1.208555121804636284e-01 1.303852181820581158e-01 6.590746328865768056e-02 1.303981682849429669e-01 6.591537900710942033e-02 4.410189652270299354e-02
