2.729591195248231572e-01 5.201055163095993361e-01 9.838282811913907633e-01 1.463415643208535177e-01 8.191443243848152145e-01 1.208784781058462876e-01 1.303291873438623127e-01 6.587261361283501537e-02 1.304267366444725185e-01 6.593033732730285701e-02 4.411726963849908062e-02
2.889781945173764410e-01 4.572109998486803550e-01 9.838454825667940495e-01 1.463422523394811436e-01 8.191094637908096221e-01 1.208737343693596505e-01 1.303597288223117545e-01 6.589065490175005646e-02 1.304237292590334496e-01 6.592894746385691285e-02 4.411429829966872357e-02
3.651784326067192277e-01 3.642744452672175282e-01 9.838761980116794703e-01 1.463437299774166256e-01 8.190948641716589984e-01 1.208724708253656466e-01 1.304230892974640177e-01 6.592782035249002137e-02 1.304356097691735106e-01 6.593590190892680003e-02 4.411347152486515266e-02
4.288061817947164123e-01 3.907651981234130378e-01 9.838884362579881637e-01 1.463474380184043022e-01 8.190191044879816529e-01 1.208638660926223268e-01 1.304198022620140784e-01 6.592654524521686377e-02 1.304221405355425190e-01 6.592814977598365767e-02 4.410781350701929032e-02
4.676245795684570439e-01 3.681233766919728700e-01 9.839088244465454824e-01 1.463477423684635959e-01 8.189627337010453312e-01 1.208605831898365152e-01 1.304144608709028874e-01 6.592364277277014406e-02 1.304160502912669883e-01 6.592460515481753103e-02 4.410577149960434595e-02
5.222644251318481201e-01 3.008800595460732752e-01 9.839126259625691207e-01 1.463578636596331306e-01 8.186468292592243845e-01 1.208141298436448130e-01 1.303586767380663369e-01 6.589479970261195863e-02 1.303661820444968478e-01 6.589940466176644196e-02 4.407415746272137086e-02
5.921956678482095393e-01 2.830887982848461215e-01 9.839532095961526226e-01 1.464516224819909507e-01 8.158326411236395126e-01 1.204271851114756126e-01 1.299590424825945445e-01 6.569168528805158225e-02 1.299729534822928467e-01 6.570063079631043024e-02 4.381540633608146940e-02
8.069658413648429507e-01 2.219572666470172595e-01 9.839242178171357933e-01 1.463629817761050445e-01 8.179239345304777364e-01 1.207106108497033453e-01 1.302461572757097064e-01 6.583785931910624001e-02 1.302604264889731245e-01 6.584601336562329044e-02 4.400495849776342450e-02
8.502804981309767252e-01 1.975338619681061281e-01 9.838984274089128679e-01 1.463418078922315846e-01 8.189824130388163592e-01 1.208561799512054696e-01 1.303859250284571392e-01 6.590782649677220939e-02 1.303988771893589693e-01 6.591574145551089281e-02 4.410233481477870282e-02
8.727925113263433898e-01 1.797474645856299291e-01 9.838814161522841939e-01 1.463414867128909613e-01 8.191376647458950000e-01 1.208775681948611458e-01 1.303928197761181629e-01 6.590957445525472136e-02 1.304044922377760318e-01 6.591816719224496968e-02 4.411661222404193033e-02
