2.498782534289298585e-01 6.037263713700365964e-01 9.838073136028268051e-01 1.463415096491728906e-01 8.191464312568519368e-01 1.208787764655410712e-01 1.303112004452744166e-01 6.586247700152278450e-02 1.304279738725551141e-01 6.593135365086068289e-02 4.411744204244035655e-02
2.612932851982899818e-01 5.874637195872527418e-01 9.838218807399630172e-01 1.463488486295854429e-01 8.187360282690732127e-01 1.208223662067199750e-01 1.302662615423924863e-01 6.584051326289952488e-02 1.303722990029255735e-01 6.590312428865123529e-02 4.408177654811241269e-02
4.292192769540917330e-01 4.429835190554368696e-01 9.838756099613185091e-01 1.463494907484868268e-01 8.186978585059189184e-01 1.208171346621196712e-01 1.303622102760343127e-01 6.589652438216322961e-02 1.303729065606961945e-01 6.590291472272431783e-02 4.407853504080810891e-02
4.616472334594328708e-01 4.289033145881873677e-01 9.838723635140069756e-01 1.463415158782671865e-01 8.191466463443184409e-01 1.208788065846878729e-01 1.304343270643636143e-01 6.593382479514309225e-02 1.304345060210196916e-01 6.593393495249368075e-02 4.411747207427294676e-02
4.810470478347869117e-01 4.181411100160847272e-01 9.838759127960960971e-01 1.463415409127497568e-01 8.191462942361047439e-01 1.208787822645688015e-01 1.304322704606670491e-01 6.593265252504801333e-02 1.304329960426209301e-01 6.593313872431218192e-02 4.411740106181201437e-02
6.137701238656606550e-01 3.420966390959393477e-01 9.838765137616694023e-01 1.463423346893551191e-01 8.191205681574472708e-01 1.208752737872589161e-01 1.303853588818196518e-01 6.590617104136746451e-02 1.303978557166826646e-01 6.591507450505280918e-02 4.411257555838250799e-02
6.510961542198533403e-01 3.240435078317165374e-01 9.838737032150398631e-01 1.463413331858450517e-01 8.191414118362014829e-01 1.208780873256385946e-01 1.303746643975279840e-01 6.589988667557566959e-02 1.303908845913817061e-01 6.591143649144994010e-02 4.411383323081580904e-02
6.660011749567054107e-01 3.165758131826820754e-01 9.838771676788929943e-01 1.463414718424450034e-01 8.190173196294103786e-01 1.208610237418934197e-01 1.303593739586793310e-01 6.589228887686530978e-02 1.303751819055683492e-01 6.590354310283368100e-02 4.410235861132030810e-02
8.870733385689129058e-01 2.092389229443520071e-01 9.838852939261508723e-01 1.463408393889157055e-01 8.190511621214698890e-01 1.208656652675629689e-01 1.303965677488390651e-01 6.591292075318819221e-02 1.304039097036036599e-01 6.591827556449823822e-02 4.410847824371227216e-02
9.065918738025429136e-01 2.079548185405034610e-01 9.838826180082170803e-01 1.463414531905244398e-01 8.191466677414104280e-01 1.208788085958960312e-01 1.304157490091615579e-01 6.592307967087597531e-02 1.304205842682631122e-01 6.592679180868643574e-02 4.411744040519585686e-02
