2.924170817409402767e-01 5.979807080886954118e-01 9.838271167686944985e-01 1.463464180312955554e-01 8.188828422121815498e-01 1.208425509844784224e-01 1.303036840337744029e-01 6.586078655668756165e-02 1.303937135141615966e-01 6.591389406062361789e-02 4.409427334248761099e-02
3.741108587819922393e-01 5.744571463415201196e-01 9.838624071821384653e-01 1.463508702491979063e-01 8.186223568318981014e-01 1.208067417674245497e-01 1.303259160795391669e-01 6.587628743566270595e-02 1.303610789123767766e-01 6.589703679916023016e-02 4.407188416719749063e-02
4.365094343648172615e-01 5.198141571291645668e-01 9.838915810618744651e-01 1.463615623649421882e-01 8.180170219273166232e-01 1.207235339835674298e-01 1.302760269593655484e-01 6.585349062885993698e-02 1.302802425116437179e-01 6.585598133801519316e-02 4.401942917796522470e-02
4.728919715549882996e-01 4.415156544428894270e-01 9.838720357843415698e-01 1.463422936803272512e-01 8.191021621926540819e-01 1.208726829823844190e-01 1.304282803055580031e-01 6.593077088219037596e-02 1.304283603868429953e-01 6.593081486226792798e-02 4.411364142838208879e-02
5.179135414138656968e-01 4.140825497732358307e-01 9.838717882153689143e-01 1.463415269594039170e-01 8.191457718746991690e-01 1.208786815804446524e-01 1.304266835325222085e-01 6.592947843184641943e-02 1.304286939433202952e-01 6.593090522433986411e-02 4.411708227342767130e-02
6.381803380276337423e-01 3.337347603368016058e-01 9.838739411054110429e-01 1.463412911146532436e-01 8.191411975622308050e-01 1.208780537276847311e-01 1.303806386017736796e-01 6.590325400706180392e-02 1.303945272021894419e-01 6.591319493382553907e-02 4.411404042277770887e-02
6.518145115302731440e-01 3.242051349740975308e-01 9.838731674993773657e-01 1.463413343349122542e-01 8.191435375942754948e-01 1.208783796016494744e-01 1.303755012631560295e-01 6.590026806851122243e-02 1.303919324539860869e-01 6.591192122371100637e-02 4.411439024557080313e-02
6.601406054135698920e-01 3.209112289829499920e-01 9.838826438203260860e-01 1.463313115781175733e-01 8.187320510774934723e-01 1.208218987819175000e-01 1.303203026627959005e-01 6.587248610898087386e-02 1.303354506814046188e-01 6.588333100432335054e-02 4.407604831331373568e-02
8.940581763285888606e-01 2.310237858645261544e-01 9.838926787974353605e-01 1.463331524660032301e-01 8.188074222190491191e-01 1.208322442244453288e-01 1.303760685712647693e-01 6.590380027358021253e-02 1.303800969800911480e-01 6.590655380044957434e-02 4.408587795064240755e-02
9.161036755924008013e-01 2.230208576158461964e-01 9.838824901782321497e-01 1.463414044411177339e-01 8.191464660215344029e-01 1.208787815285903011e-01 1.304287891769831398e-01 6.593086514433478540e-02 1.304292021693059245e-01 6.593141996722376441e-02 4.411742302319585085e-02
