4.298966392307794204e-01 5.913702452234519402e-01 9.838702720747811714e-01 1.463431675774820029e-01 8.190586838101631129e-01 1.208667178092018013e-01 1.304176180504182936e-01 6.592502974932837323e-02 1.304222308295689969e-01 6.592775177772669526e-02 4.410968778593134937e-02
4.293263726852039608e-01 5.679226542594748572e-01 9.838704848070258802e-01 1.463415149704554996e-01 8.191460109815950075e-01 1.208787186953335230e-01 1.304333360074309278e-01 6.593325682583306424e-02 1.304343276965049536e-01 6.593384210427043202e-02 4.411739555716198691e-02
4.563871079021343813e-01 5.475789202730564353e-01 9.838716742028321693e-01 1.463421329972091900e-01 8.191110866965343185e-01 1.208739180836300164e-01 1.304295093480782597e-01 6.593139214234790269e-02 1.304296165756901049e-01 6.593145542698621020e-02 4.411437313300820007e-02
5.180449628500988224e-01 5.114404150288606177e-01 9.838710846282947564e-01 1.463415662400879003e-01 8.191430998772514238e-01 1.208783165478101301e-01 1.304339686676208032e-01 6.593365344074680889e-02 1.304339759940416343e-01 6.593365696979906765e-02 4.411716132997896972e-02
5.351431541855291574e-01 4.877754272078355657e-01 9.838711500322282477e-01 1.463414613057333058e-01 8.191472535096075980e-01 1.208788806446817882e-01 1.304316554663439987e-01 6.593229827970012447e-02 1.304323313996258449e-01 6.593278756550188802e-02 4.411739048247344946e-02
6.396918499824312265e-01 3.482861449045499547e-01 9.838749982486788559e-01 1.463397016586076294e-01 8.190769607066550329e-01 1.208692378773136566e-01 1.303752159184403403e-01 6.590073741547246289e-02 1.303867765203684803e-01 6.590919172988307650e-02 4.410802304389579293e-02
6.582871813275161799e-01 3.256813126517638657e-01 9.838825776385218269e-01 1.463308612564300504e-01 8.187136296769541577e-01 1.208193701590064006e-01 1.303174166677105172e-01 6.587097950125916923e-02 1.303310579993830487e-01 6.588092312420761043e-02 4.407420267482611148e-02
6.687121053868867460e-01 3.225578179844497684e-01 9.839498704426329345e-01 1.462491208787554398e-01 8.153588449791568937e-01 1.203588892690929946e-01 1.298608553944035904e-01 6.564043960673310307e-02 1.298753653214100579e-01 6.565094507784498268e-02 4.376480004865360152e-02
9.055370698601397095e-01 2.567027288246887529e-01 9.839191634696090594e-01 1.462973340910872777e-01 8.173373426658094854e-01 1.206304600832036750e-01 1.301760866828330365e-01 6.580277225236333405e-02 1.301804354203054681e-01 6.580569828176321967e-02 4.395027347692860575e-02
9.318857135929974334e-01 2.473394687791888868e-01 9.838839964935539584e-01 1.463405301361547228e-01 8.191106279419378966e-01 1.208738625195614202e-01 1.304238073340912296e-01 6.592831209368588130e-02 1.304258715794444912e-01 6.592969858698147223e-02 4.411412716554094504e-02
