4.635941705303271432e-01 6.351651647043486948e-01 9.838709782920884717e-01 1.463414843043171210e-01 8.191477976072172318e-01 1.208789644439707683e-01 1.304346032626606255e-01 6.593397349763462090e-02 1.304346260593532980e-01 6.593398695402720444e-02 4.411754841123211035e-02
4.586810079255936312e-01 5.970675724975935683e-01 9.838710212250204590e-01 1.463415147478189515e-01 8.191459948678969649e-01 1.208787166245069017e-01 1.304343696626750482e-01 6.593385635992339566e-02 1.304343805014527291e-01 6.593386276069418406e-02 4.411739920953203914e-02
5.025414700018066005e-01 5.371334788818967754e-01 9.838710040588920513e-01 1.463414941495917998e-01 8.191470945031301687e-01 1.208788677566247499e-01 1.304345288861517016e-01 6.593393755525531197e-02 1.304345305503199215e-01 6.593393853749496270e-02 4.411750380990937109e-02
5.268089733824241616e-01 5.145984719808621710e-01 9.838709710594016888e-01 1.463414647973378668e-01 8.191487713270479976e-01 1.208790981622622496e-01 1.304347589014362152e-01 6.593405386811561353e-02 1.304347563934556142e-01 6.593405234223484457e-02 4.411764648455700211e-02
5.397812645834960676e-01 5.077023208579618530e-01 9.838709207864033690e-01 1.463414653431867885e-01 8.191481109621939760e-01 1.208790070154686230e-01 1.304344395625802733e-01 6.593387198025274509e-02 1.304338511321678773e-01 6.593352438559987871e-02 4.411757984418109707e-02
7.388545652451151691e-01 4.392179106725470628e-01 9.838706331491182677e-01 1.463368525216415805e-01 8.189982523535830339e-01 1.208584090547567547e-01 1.304019487600134863e-01 6.591637185770068963e-02 1.303728799251656911e-01 6.589924539909891577e-02 4.410098549917952637e-02
8.985249450965107076e-01 3.842366962389026641e-01 9.838755717280922575e-01 1.463276567502496961e-01 8.186125861526205583e-01 1.208054792165305785e-01 1.303388733611868799e-01 6.588358050777518016e-02 1.302858099540213088e-01 6.585232474727381602e-02 4.406304147187078968e-02
9.151954824062851213e-01 3.667274757757065240e-01 9.839117372820165297e-01 1.462850599273436136e-01 8.169021496513687586e-01 1.205706758786148497e-01 1.301097535366101676e-01 6.576827373881390104e-02 1.300742508835434630e-01 6.574749706275387351e-02 4.390672610122453579e-02
9.867247336758094844e-01 3.326970589479948393e-01 9.838732965348535586e-01 1.463387026623188258e-01 8.190357388105418135e-01 1.208635829563134978e-01 1.304189019458265320e-01 6.592601333515472894e-02 1.304186090698713218e-01 6.592585300053581399e-02 4.410721819459590548e-02
9.885424702049449008e-01 3.324480694821790872e-01 9.838710459910422479e-01 1.463414474242193397e-01 8.191483700677092417e-01 1.208790429020709517e-01 1.304346721042738411e-01 6.593400919742770094e-02 1.304346574934917291e-01 6.593400399909106480e-02 4.411763783765795810e-02
