4.901766705367799903e-01 6.476809216999702690e-01 9.838709684991953086e-01 1.463414635082374293e-01 8.191488986485611079e-01 1.208791158736746696e-01 1.304347772435269226e-01 6.593406322004245756e-02 1.304347772684390505e-01 6.593406323475381470e-02 4.411764665461758578e-02
5.045821768240823513e-01 6.326955851847263501e-01 9.838709717708944424e-01 1.463414648497750603e-01 8.191487323640440632e-01 1.208790931645550987e-01 1.304347537792109324e-01 6.593405135065973088e-02 1.304347538418006158e-01 6.593405138770259966e-02 4.411764110540707801e-02
5.252992914104634981e-01 5.652486774523688418e-01 9.838709744566755955e-01 1.463414661916676296e-01 8.191485949877012063e-01 1.208790741918753381e-01 1.304347347128071988e-01 6.593404165867559896e-02 1.304347347626945153e-01 6.593404168818631228e-02 4.411763946254884661e-02
5.333826517313879911e-01 5.164388514609210556e-01 9.838709782352609290e-01 1.463414682523247745e-01 8.191483602866203029e-01 1.208790416224860970e-01 1.304347005979369922e-01 6.593402416191135318e-02 1.304346894769509713e-01 6.593401755917116525e-02 4.411764560767063303e-02
5.654514274466070356e-01 4.988965700276048465e-01 9.838708169056571418e-01 1.463413759233184452e-01 8.191434375558652725e-01 1.208783643682770637e-01 1.304333687137615994e-01 6.593328584313425111e-02 1.304310943234661124e-01 6.593193640258455945e-02 4.411714623494586429e-02
8.477799288712034587e-01 4.149427099476898917e-01 9.838665667578948559e-01 1.463395237495968837e-01 8.190879085276003835e-01 1.208707296987840962e-01 1.304122661342611289e-01 6.592128531241450706e-02 1.303640882132116596e-01 6.589270435013593052e-02 4.410792898727414202e-02
9.317624023626532859e-01 3.906189530596290704e-01 9.838638034111122366e-01 1.463412965242994468e-01 8.191425236563598666e-01 1.208782404648269665e-01 1.304158986138565235e-01 6.592276247075337658e-02 1.303507380632666079e-01 6.588404965456580442e-02 4.411168557314822797e-02
9.488146792625020698e-01 3.740815286261172101e-01 9.838673652258780322e-01 1.463391453473585346e-01 8.190651521435506899e-01 1.208676124348885689e-01 1.304099805550581193e-01 6.592021574112037763e-02 1.303648576666520675e-01 6.589344867860275068e-02 4.410602558271024820e-02
9.888131089112733862e-01 3.336513754916731189e-01 9.838709369272149452e-01 1.463414473504245361e-01 8.191483678899682541e-01 1.208790426062314044e-01 1.304346020495475711e-01 6.593396475113003086e-02 1.304342155520678836e-01 6.593373475804538419e-02 4.411760890993021711e-02
9.891299452197747089e-01 3.333314246866798114e-01 9.838709732233974492e-01 1.463414564411481544e-01 8.191486849888187649e-01 1.208790863004010618e-01 1.304347481382124585e-01 6.593404848557453402e-02 1.304347471975860484e-01 6.593404793665874619e-02 4.411764700229989233e-02
