3.491932970964649052e-01 2.748032118411208868e-01 9.839434844420505977e-01 1.463414641200662114e-01 8.191489203040690503e-01 1.208791187181823823e-01 1.304874805066845167e-01 6.596666351545400764e-02 1.304444171858504531e-01 6.594014498170194805e-02 4.411774846614665430e-02
3.772718134093313025e-01 2.748643372615795499e-01 9.839130629984881304e-01 1.463414910922840317e-01 8.191479735689048969e-01 1.208790023778202466e-01 1.304609445899761744e-01 6.595030487127682972e-02 1.304473852200255801e-01 6.594208202016389742e-02 4.411987875548573079e-02
4.022349998459576748e-01 2.725645595744834448e-01 9.838885309915154087e-01 1.463416309235956725e-01 8.191430626379447855e-01 1.208783762565787678e-01 1.304411251071035116e-01 6.593809164905578557e-02 1.304527640697724089e-01 6.594547986436319342e-02 4.412164412447477230e-02
4.281185125747565268e-01 2.584577458932840743e-01 9.838825080444192350e-01 1.463423852891143073e-01 8.191148556719367591e-01 1.208748946138633457e-01 1.303983640367409880e-01 6.591365852548800031e-02 1.304210098744351398e-01 6.592829359941468348e-02 4.411675477704354864e-02
4.481255508812971855e-01 2.454964604717529419e-01 9.838745217643617424e-01 1.463415096391537384e-01 8.191470791848444177e-01 1.208788823997708761e-01 1.303683529096577032e-01 6.589594931338808859e-02 1.303993792341907043e-01 6.591630977012674641e-02 4.411649660238300269e-02
4.724274444313786847e-01 2.369519651000360216e-01 9.839148601276046513e-01 1.463414727988989472e-01 8.191473454930321418e-01 1.208789138642931416e-01 1.304229625688284600e-01 6.592809058223018936e-02 1.304165953078154083e-01 6.592510602432710698e-02 4.411970570769584848e-02
5.053369503438245314e-01 2.227822714294577511e-01 9.839593844203919915e-01 1.463414653235999285e-01 8.191488677219226355e-01 1.208791121160220222e-01 1.305006675335055877e-01 6.597354557056654689e-02 1.304391322479140636e-01 6.593680819728554854e-02 4.412264890622695501e-02
5.102820293758897341e-01 2.050010074302884289e-01 9.839552527749958477e-01 1.463414878842091982e-01 8.191482409382530028e-01 1.208790254725583130e-01 1.304988154313472259e-01 6.597269610288808428e-02 1.304392519431088471e-01 6.593688141329252794e-02 4.412055243571787189e-02
4.774456606667555336e-01 1.022763338114227455e-01 9.839721620191271834e-01 1.463415270408451319e-01 8.191470187521121549e-01 1.208788575928782527e-01 1.304085116701181046e-01 6.591870645970211717e-02 1.304346238475961040e-01 6.593414644526106316e-02 4.411775672434911644e-02
4.616333194185613942e-01 7.341535071375301924e-02 9.839770162026140188e-01 1.463414861098476794e-01 8.191482527982060224e-01 1.208790273106444546e-01 1.303759663175581840e-01 6.589913273946979011e-02 1.304341202327439220e-01 6.593376150982069306e-02 4.411764081158459777e-02
