3.465820684306034627e-01 2.891965890876861955e-01 9.839205438446136931e-01 1.463414774778981908e-01 8.191484404893005777e-01 1.208790617557470581e-01 1.304570168073224401e-01 6.594855297545390571e-02 1.304209015503169644e-01 6.592697650946022225e-02 4.411745141249747565e-02
3.569898851275892793e-01 3.011914602434848653e-01 9.838868188152942729e-01 1.463424360079164377e-01 8.191135083440818088e-01 1.208748887724800103e-01 1.304161367936372551e-01 6.592438659708217685e-02 1.303958149351177043e-01 6.591327652037121121e-02 4.411560567161471741e-02
3.906855589129567541e-01 2.856511330015665262e-01 9.839017468928994425e-01 1.463630139613749381e-01 8.183650992930243673e-01 1.207843475808799277e-01 1.303377093716015234e-01 6.588518012885180575e-02 1.303388335220064254e-01 6.588652577807743715e-02 4.406298888804546093e-02
4.285763481873564040e-01 2.684469009536765149e-01 9.839597550930909708e-01 1.464244826483594997e-01 8.159818909675424781e-01 1.205019034339358253e-01 1.300434913930723080e-01 6.573551678937562814e-02 1.300680579145806204e-01 6.574960605610789821e-02 4.389740950776135908e-02
4.495509467248082203e-01 2.501803057537522190e-01 9.839063978763891161e-01 1.463601651509503221e-01 8.182012750862421857e-01 1.207626048849879535e-01 1.302639760960838389e-01 6.584421254467555384e-02 1.303150478913409904e-01 6.587372809387252726e-02 4.406165614941534581e-02
4.777033815845972420e-01 2.382215725892770086e-01 9.839316440399663577e-01 1.463443738982456721e-01 8.187942347791918873e-01 1.208322015794273813e-01 1.303801740437821877e-01 6.590676764610675642e-02 1.303994262192080533e-01 6.591622724874332540e-02 4.410723321195721136e-02
5.111825185578309227e-01 2.120664700624632915e-01 9.839514884715341303e-01 1.463421351163183004e-01 8.191294716828375622e-01 1.208764462261614631e-01 1.304945736268986189e-01 6.597043830296485389e-02 1.304363359353428453e-01 6.593536074800240843e-02 4.411901535756456577e-02
5.183571679466679738e-01 1.960295035296097388e-01 9.839427965414284660e-01 1.463414917569270113e-01 8.191481010801603402e-01 1.208790062843550783e-01 1.304947254107181598e-01 6.597055254078942887e-02 1.304385745924011852e-01 6.593653808507018987e-02 4.411834125131549461e-02
5.102241654631614054e-01 1.469628632556653769e-01 9.839635668609847396e-01 1.463416750936871735e-01 8.191426105173390537e-01 1.208782508142823564e-01 1.304575070227633471e-01 6.594821933106922995e-02 1.304343152346588985e-01 6.593416379914759928e-02 4.411737097883373926e-02
4.888528296713929300e-01 8.570943505509932836e-02 9.839895174682123935e-01 1.463418681258425447e-01 8.191368887888049732e-01 1.208774617527576950e-01 1.304014504078242209e-01 6.591442985562104284e-02 1.304302130532814519e-01 6.593182585368061177e-02 4.411676295330963643e-02
