3.341091709027346757e-01 3.363982440746378644e-01 9.838668633048434087e-01 1.463414976965885794e-01 8.191479168413937639e-01 1.208789923271194472e-01 1.303721484889493742e-01 6.589773148047761708e-02 1.303834346816862555e-01 6.590592813989491761e-02 4.411704556944587990e-02
3.397182989842265632e-01 3.261717985001068576e-01 9.838655937182478883e-01 1.463418393509035575e-01 8.191353536184267092e-01 1.208774466678283477e-01 1.303888270576387121e-01 6.590793055809020251e-02 1.303724238371188893e-01 6.589978502288799944e-02 4.411593162484547109e-02
3.512753937043161523e-01 3.257345635386086347e-01 9.838973157030379557e-01 1.463719939066207287e-01 8.180333371857956282e-01 1.207445818058685005e-01 1.302814357122206723e-01 6.585538636735778495e-02 1.302762775503036874e-01 6.585345901902968369e-02 4.403598057162371598e-02
3.963461459935359033e-01 3.151912118387938944e-01 9.842349704246325937e-01 1.467694759945489535e-01 8.028203040861843220e-01 1.189757270246906279e-01 1.285501687046541330e-01 6.498159841535171288e-02 1.286239422259472520e-01 6.501923865145087245e-02 4.299921685902357432e-02
4.789798272175165850e-01 2.720638230880664810e-01 9.841068041710233638e-01 1.465125476736019172e-01 8.094305913256971685e-01 1.197132905200958136e-01 1.292688369167323270e-01 6.534414357394394135e-02 1.295895254966895060e-01 6.550678363699333207e-02 4.359761417322768895e-02
5.171795724538414962e-01 2.512874189141643955e-01 9.839129130793682343e-01 1.463475284411613064e-01 8.183314202543369165e-01 1.207713349746534215e-01 1.303169962636370471e-01 6.587392348155514388e-02 1.303881217093623979e-01 6.591045463148929862e-02 4.408846257645430283e-02
5.233851858632854182e-01 2.202981268068373022e-01 9.839420028860828005e-01 1.463739954853031933e-01 8.182765993017293571e-01 1.207611653256452228e-01 1.303421604654055599e-01 6.589000045703494179e-02 1.303245302172973130e-01 6.587857673556452021e-02 4.404231731987914844e-02
5.336287550508095334e-01 1.960995344730472045e-01 9.839368759131352782e-01 1.463442038535637812e-01 8.190782701480832095e-01 1.208695938117351348e-01 1.304669951277077633e-01 6.595494666731584188e-02 1.304276516632728589e-01 6.593087527829846750e-02 4.411139512324143558e-02
6.696271839416161331e-01 1.761608317634053289e-01 9.839243350763714480e-01 1.463426246370112815e-01 8.190714411573430942e-01 1.208684751908544602e-01 1.304284987093254911e-01 6.593180194201347932e-02 1.304111066034703559e-01 6.592205471819377605e-02 4.411066361510526668e-02
8.146495015727652778e-01 1.563573062630695676e-01 9.839004623187097565e-01 1.463423261543624898e-01 8.190529190681909988e-01 1.208658906122773435e-01 1.303833091642168374e-01 6.590471440249105750e-02 1.303899202968849813e-01 6.591081178075956781e-02 4.410890930905219526e-02
