3.220825512466812257e-01 3.642783238140181457e-01 9.838661347065120744e-01 1.463414881323592820e-01 8.191485307608562527e-01 1.208790549240556095e-01 1.303505810393742192e-01 6.588421559808906036e-02 1.304125274425225745e-01 6.592202308539830968e-02 4.411748146891717598e-02
3.310358786392352815e-01 3.444065957854881566e-01 9.838685078325488664e-01 1.463417531224953938e-01 8.191385200524928800e-01 1.208778474421798033e-01 1.303948452230961896e-01 6.591087484143541564e-02 1.304077627214876300e-01 6.591973197745329416e-02 4.411663832270756869e-02
3.484969557203193014e-01 3.341432185028444524e-01 9.838788656589143589e-01 1.463434726884814407e-01 8.190765673295672400e-01 1.208701734466947064e-01 1.304213670300050643e-01 6.592710195482975877e-02 1.304288630677583327e-01 6.593236153166950886e-02 4.411227019984656494e-02
3.803695293264108823e-01 3.285711905898089924e-01 9.839455070936918846e-01 1.463959232436091440e-01 8.170801289813599544e-01 1.206336959457537800e-01 1.301963037737274287e-01 6.581418436185580700e-02 1.302025951197764431e-01 6.581759402491892119e-02 4.397310973073056961e-02
4.900924692497318214e-01 2.759090328491421995e-01 9.839322505794155793e-01 1.463634182285974972e-01 8.179772460320658967e-01 1.207362811367554689e-01 1.302873090267751832e-01 6.585929971880059852e-02 1.303255065035244242e-01 6.587882080267908058e-02 4.405123326718371479e-02
5.200729742527355759e-01 2.541076124628959820e-01 9.838909958556985025e-01 1.463416596209568543e-01 8.191303782253636090e-01 1.208768330449227352e-01 1.304200582769720618e-01 6.592592170579665567e-02 1.304335663122160593e-01 6.593345481962162302e-02 4.411689824299444562e-02
5.300744750336273681e-01 2.459217827024770264e-01 9.839149357220251524e-01 1.463682940195067672e-01 8.182448750276505312e-01 1.207854970289859997e-01 1.303326039394264446e-01 6.588194205993951058e-02 1.303437363833804541e-01 6.588807409698133055e-02 4.405598740982005768e-02
7.053246348911738073e-01 2.096715391531115136e-01 9.839426410756515473e-01 1.463686882141927714e-01 8.182189811348058450e-01 1.207790911774210829e-01 1.303319199465128031e-01 6.588258540006657060e-02 1.303340106822320210e-01 6.588325452446827657e-02 4.405092235445639409e-02
8.412657717876328434e-01 1.887607287582932225e-01 9.838931256827646576e-01 1.463415592574858204e-01 8.191173432158402878e-01 1.208748185036291195e-01 1.304002866806225902e-01 6.591457792092313139e-02 1.304114940710357773e-01 6.592202180222415941e-02 4.411478018923981753e-02
8.765272761970530624e-01 1.714786175164218773e-01 9.838771213591898102e-01 1.463414711993141770e-01 8.191451865374664854e-01 1.208786044290463130e-01 1.303880533664849850e-01 6.590652464846084857e-02 1.303995344237016407e-01 6.591560772733882911e-02 4.411730519377384668e-02
