2.735333871264859495e-01 4.999763564506681246e-01 9.838356218193616831e-01 1.463414860769174375e-01 8.191483737161323608e-01 1.208790377774168062e-01 1.303324410321015925e-01 6.587408881936812621e-02 1.304241718397023686e-01 6.592882030614005684e-02 4.411763100184978859e-02
2.832812261580636704e-01 4.309147714212813729e-01 9.838551511528820237e-01 1.463415798858516970e-01 8.191449052017549803e-01 1.208786170402892240e-01 1.303794129630973797e-01 6.590146946807980133e-02 1.304232043079656955e-01 6.592809822807786657e-02 4.411744446821202342e-02
3.530815268254515193e-01 3.629208271338330016e-01 9.838762324999946740e-01 1.463428730929554056e-01 8.190976091724778696e-01 1.208730872881848134e-01 1.304232344441033642e-01 6.592780788957816607e-02 1.304337651908503426e-01 6.593469417785070841e-02 4.411410116621693189e-02
4.209458827056794528e-01 3.807034178060666463e-01 9.838923724040811170e-01 1.463466030718317823e-01 8.189535927375176660e-01 1.208562023715105682e-01 1.304139046047488315e-01 6.592379834198820732e-02 1.304146274507382852e-01 6.592435056127057824e-02 4.410425922186476944e-02
4.813727803606818179e-01 3.280242904439006901e-01 9.839078610496366784e-01 1.463462333478160460e-01 8.189259565576886279e-01 1.208549240585525680e-01 1.304060767265507181e-01 6.591931181354920843e-02 1.304142292930406954e-01 6.592366610036003161e-02 4.410514257078341355e-02
5.221938689274491230e-01 2.642416510468379998e-01 9.839085940051097712e-01 1.463586138707360929e-01 8.185156179234366336e-01 1.208192052395196253e-01 1.303623211814145255e-01 6.589661231330212754e-02 1.303753295705336324e-01 6.590401351625549409e-02 4.407835022848264478e-02
5.722464116124316158e-01 2.620691529733339409e-01 9.840811594316394295e-01 1.465492379576177617e-01 8.116232648372547764e-01 1.201638888626272439e-01 1.297096888743111964e-01 6.556638148887707074e-02 1.297227045149368096e-01 6.557415836267034559e-02 4.363999841408124775e-02
8.159499730330073142e-01 2.158050448944799082e-01 9.839352743642272303e-01 1.463625282201021505e-01 8.179437581877146979e-01 1.207431001518286390e-01 1.302841371465888742e-01 6.585766617849822535e-02 1.302984686827479699e-01 6.586532123471570965e-02 4.402677842303049510e-02
8.385004964114434189e-01 2.061336441823003185e-01 9.839097210596022824e-01 1.463419370030211997e-01 8.189247708255512626e-01 1.208482492718435525e-01 1.303849662995401615e-01 6.590825243314410442e-02 1.303992535440895439e-01 6.591616718294233956e-02 4.409704366621387817e-02
8.606714443475376175e-01 1.895285262098632961e-01 9.838946242984315527e-01 1.463418774740505302e-01 8.189440487874859453e-01 1.208508957156425173e-01 1.303744999630064572e-01 6.590133811633014371e-02 1.303872194000618157e-01 6.590973610242316372e-02 4.409881171433898545e-02
