2.505411596725880541e-01 5.982407720926857797e-01 9.838117697779589221e-01 1.463414686030657108e-01 8.191487309651794835e-01 1.208790927317861252e-01 1.303163771039839158e-01 6.586525120544621525e-02 1.304276341696600783e-01 6.593112858636293594e-02 4.411764665730719820e-02
2.625551736784836332e-01 5.656870259277256840e-01 9.838218870106794078e-01 1.463415958473804068e-01 8.191428836004859271e-01 1.208782896227083709e-01 1.303333453478527637e-01 6.587511262826188652e-02 1.304254880461927779e-01 6.592974518344793533e-02 4.411714918676633290e-02
4.225272993401245070e-01 4.395488057671723126e-01 9.838673658350164386e-01 1.463417149674811346e-01 8.191361707687490057e-01 1.208773901551991742e-01 1.304226068800549143e-01 6.592706250632852927e-02 1.304315571156322573e-01 6.593246880318916203e-02 4.411657645641485492e-02
4.604013664845551523e-01 4.285044361197056229e-01 9.838727259403874381e-01 1.463414830983083004e-01 8.191481401224475212e-01 1.208790186754795659e-01 1.304346003621117966e-01 6.593397074848930672e-02 1.304346918086542462e-01 6.593403172112778654e-02 4.411760842132380483e-02
4.811002249967587518e-01 4.139894200785070866e-01 9.838781136987592157e-01 1.463421053263722071e-01 8.191243873386964136e-01 1.208768956504660819e-01 1.304298021065860846e-01 6.593136865362128618e-02 1.304309494637578004e-01 6.593211565180538691e-02 4.411615582274446695e-02
6.191505651590359927e-01 3.334255600499698713e-01 9.838856715086400362e-01 1.463528751517707283e-01 8.187328225813890192e-01 1.208403208274893420e-01 1.303475239578086864e-01 6.588685443422344357e-02 1.303626448556569617e-01 6.589750586463259674e-02 4.408918299642772265e-02
6.523434636099260109e-01 3.224861831762591002e-01 9.838748909217317484e-01 1.463440580992390050e-01 8.190298467497860724e-01 1.208667769057253788e-01 1.303622437262792755e-01 6.589361856402178863e-02 1.303802008561808501e-01 6.590639673134211785e-02 4.410617095467454785e-02
7.171011973455906352e-01 2.842552015426288436e-01 9.839158788731854344e-01 1.463511516977134830e-01 8.176569953907866228e-01 1.206844005343620380e-01 1.301979530099396376e-01 6.581184427964859029e-02 1.302147236427067256e-01 6.582285759002212688e-02 4.398556854845184216e-02
8.533545676820014636e-01 2.173690041418669949e-01 9.839534111401715410e-01 1.463468795749165996e-01 8.166078793236504207e-01 1.205292481324611448e-01 1.300750963412401484e-01 6.575199695278319267e-02 1.300865868335797648e-01 6.575826073109437842e-02 4.388407795121664762e-02
8.965312386188984961e-01 2.187426242390292930e-01 9.839105463080218827e-01 1.463431960661085163e-01 8.183171807198361680e-01 1.207645357344827031e-01 1.303105830169185020e-01 6.587087886512942025e-02 1.303169521522365149e-01 6.587464399604160692e-02 4.404117959028203827e-02
