3.046786842618839919e-01 5.946534626891196718e-01 9.838274214777941173e-01 1.463418688567209303e-01 8.191298896417240627e-01 1.208765046921544406e-01 1.303465379451883288e-01 6.588306488388158411e-02 1.304280412311895621e-01 6.593124428503198409e-02 4.411591551314006376e-02
3.864181884566987857e-01 5.706351797382788194e-01 9.838571602279490014e-01 1.463416050480579600e-01 8.191422712556126751e-01 1.208782053966783038e-01 1.304065108605728107e-01 6.591772371605718328e-02 1.304323951183303243e-01 6.593303235790598515e-02 4.411704395741349732e-02
4.385146974105254558e-01 5.210882950735095109e-01 9.838700437835089518e-01 1.463419751460925122e-01 8.191218338435144464e-01 1.208753956611054864e-01 1.304281217006445504e-01 6.593047482698029260e-02 1.304308609959309584e-01 6.593209663875247706e-02 4.411526737558395944e-02
4.738276198651088511e-01 4.442888496334675419e-01 9.838711039448173601e-01 1.463414913619370539e-01 8.191475314004176278e-01 1.208789220071701531e-01 1.304345077586234747e-01 6.593392156623126277e-02 1.304345465056980236e-01 6.593394054480525290e-02 4.411758856369205756e-02
5.235881101185655417e-01 4.125885633617492054e-01 9.838716276797233595e-01 1.463416129862571968e-01 8.191427717829238286e-01 1.208784585731986494e-01 1.304256177335705313e-01 6.592889240230909165e-02 1.304281288917418236e-01 6.593066102265482398e-02 4.411695837638504591e-02
6.439043411807817696e-01 3.298991626825722445e-01 9.838715691854278411e-01 1.463415009819007406e-01 8.191471962962695308e-01 1.208789337277029613e-01 1.303772945304781106e-01 6.590141204644220374e-02 1.303941133512662720e-01 6.591342088563592605e-02 4.411444954264350654e-02
6.522137238562285555e-01 3.238673085683253516e-01 9.838713550874614855e-01 1.463414613646027151e-01 8.191483617509789372e-01 1.208790415625584369e-01 1.303740651329669820e-01 6.589963259052099287e-02 1.303912970543342487e-01 6.591197524426917198e-02 4.411423047358300348e-02
6.614430184708816052e-01 3.198843831302489726e-01 9.838762660487686551e-01 1.463418996241400982e-01 8.189561019363887917e-01 1.208526230039895649e-01 1.303492572220499301e-01 6.588712558726424195e-02 1.303669007628517340e-01 6.589968282096773933e-02 4.409678475472821046e-02
8.932512446965545916e-01 2.297612787927889866e-01 9.839097764699913373e-01 1.463436027739957734e-01 8.181154308654846607e-01 1.207367558606449870e-01 1.302819399303341008e-01 6.585623604235428530e-02 1.302869425576153595e-01 6.585948842711134010e-02 4.402240282891239226e-02
9.156021387827441016e-01 2.228462882371453624e-01 9.838952813183095003e-01 1.463416045237893870e-01 8.190811213496310694e-01 1.208697787965787307e-01 1.304156313049657512e-01 6.592393528340360909e-02 1.304212724685367697e-01 6.592737536141735077e-02 4.411141396823280159e-02
