4.307205170465549515e-01 5.880717282846900096e-01 9.838693098831282624e-01 1.463415686100843216e-01 8.191439932668048707e-01 1.208784419300887314e-01 1.304306828799755291e-01 6.593173787277492592e-02 1.304339444198740205e-01 6.593366588789544014e-02 4.411719669194998777e-02
4.276461429321443686e-01 5.670723385788883908e-01 9.838707391442395034e-01 1.463414635064434477e-01 8.191489158149556360e-01 1.208791181007106974e-01 1.304343264073259123e-01 6.593380094519533940e-02 1.304347552800403653e-01 6.593405491018484998e-02 4.411764696952794745e-02
4.539487241774524673e-01 5.491766209201118798e-01 9.838709467230637440e-01 1.463414645918392210e-01 8.191487914019371930e-01 1.208791009500320424e-01 1.304347151714112529e-01 6.593402824557935415e-02 1.304347601180524674e-01 6.593405480191796841e-02 4.411764501776224701e-02
5.151608519142572007e-01 5.136027480390391586e-01 9.838709746020368740e-01 1.463414682242230314e-01 8.191486190233157050e-01 1.208790748782271052e-01 1.304347246138625738e-01 6.593403583164268722e-02 1.304347284272811269e-01 6.593403719047025158e-02 4.411764619328215065e-02
5.361390643867269823e-01 4.858536153990579143e-01 9.838710385102760192e-01 1.463414731090437737e-01 8.191475693920603485e-01 1.208789226258876887e-01 1.304314871056315439e-01 6.593220295752204307e-02 1.304323431549611056e-01 6.593281299577535837e-02 4.411744215934066543e-02
6.400663147860380375e-01 3.463414351518075973e-01 9.838717426585710246e-01 1.463412835025139913e-01 8.191420710471928324e-01 1.208781817486964394e-01 1.303816737912850132e-01 6.590390433233873912e-02 1.303961505126253750e-01 6.591432262925737973e-02 4.411413251763286747e-02
6.555178651258499745e-01 3.248720982609776264e-01 9.838714022594826636e-01 1.463414492321434002e-01 8.191478255683369847e-01 1.208789692417770872e-01 1.303739746744760342e-01 6.589951324326884241e-02 1.303910735978368873e-01 6.591180705397250983e-02 4.411421572753554399e-02
6.677334978146203248e-01 3.220397256876633696e-01 9.838757105407364145e-01 1.463378265316931104e-01 8.189681059963714871e-01 1.208542917741312755e-01 1.303514035515757896e-01 6.588819925028403801e-02 1.303678401928203834e-01 6.590001894011333905e-02 4.409773149336076309e-02
9.137799176388194944e-01 2.536496038964901611e-01 9.838878110142014188e-01 1.463383625385758224e-01 8.189153510035830363e-01 1.208470099886914534e-01 1.303932165143559807e-01 6.591257424612986804e-02 1.303965171730523120e-01 6.591483759801987363e-02 4.409592480285674104e-02
9.323928431886657764e-01 2.476824831004409422e-01 9.838859226017457882e-01 1.463414902844007992e-01 8.191324628637062233e-01 1.208768516958911438e-01 1.304260336645680918e-01 6.592936389242647077e-02 1.304288093171515894e-01 6.593115759746052962e-02 4.411615132780578874e-02
