4.692184761072204502e-01 6.330536558511693501e-01 9.838709611402398636e-01 1.463414635602488523e-01 8.191489150526388707e-01 1.208791180091537271e-01 1.304347660754835159e-01 6.593405655897828510e-02 1.304347789873062102e-01 6.593406419503931859e-02 4.411764649862549847e-02
4.616187253030966109e-01 5.967752886063594220e-01 9.838709670312426603e-01 1.463414638441675741e-01 8.191488337717263146e-01 1.208791069043789884e-01 1.304347632143520452e-01 6.593405573860421087e-02 1.304347681740364029e-01 6.593405867191923231e-02 4.411764650385809755e-02
5.035109945708464707e-01 5.430848461916704117e-01 9.838709726353621621e-01 1.463414646356021309e-01 8.191486946585275764e-01 1.208790878910629418e-01 1.304347488811595235e-01 6.593404886134793252e-02 1.304347491491331112e-01 6.593404901774058136e-02 4.411764700462959127e-02
5.271989064337330166e-01 5.155043281669947630e-01 9.838709722156219195e-01 1.463414654649265456e-01 8.191487093786571361e-01 1.208790897681283893e-01 1.304347508150177637e-01 6.593404981257480757e-02 1.304347498607914269e-01 6.593404923478783652e-02 4.411764693523332476e-02
5.398904943379483345e-01 5.077114483722033889e-01 9.838709470075562846e-01 1.463414657807476094e-01 8.191477988808868460e-01 1.208789640739766774e-01 1.304344318572100703e-01 6.593387168431091849e-02 1.304340520089609101e-01 6.593365023409634984e-02 4.411758250258292907e-02
7.329147614429980528e-01 4.399169099785622539e-01 9.838716319003050215e-01 1.463353158146564470e-01 8.189578279944688122e-01 1.208528438728690424e-01 1.303965838612014538e-01 6.591368618233751919e-02 1.303693947492708949e-01 6.589773701878508250e-02 4.409717259908829678e-02
8.937614077949445068e-01 3.833497726829540597e-01 9.838697998939468503e-01 1.463340074376038580e-01 8.189170077078682386e-01 1.208472329736075684e-01 1.303801133474286889e-01 6.590440378913584030e-02 1.303303211259728700e-01 6.587525668149263325e-02 4.409065974269217592e-02
9.234318130203182928e-01 3.667289949586695630e-01 9.838782303198316814e-01 1.463250636437006258e-01 8.185739453764178108e-01 1.208001262712611185e-01 1.303395735078683171e-01 6.588449666288828666e-02 1.303039292127338988e-01 6.586361258439320243e-02 4.406079951595118921e-02
9.881341707456520185e-01 3.325881237914511956e-01 9.838711469088117223e-01 1.463414339243822859e-01 8.191478173399214802e-01 1.208789667231476572e-01 1.304344582279437781e-01 6.593389043558116336e-02 1.304343379740427467e-01 6.593382245699924704e-02 4.411761310360658855e-02
9.885271779616342513e-01 3.324190073252426547e-01 9.838712280028043544e-01 1.463414344021290170e-01 8.191479911038712647e-01 1.208789906648464058e-01 1.304345536000682815e-01 6.593394516538085559e-02 1.304346242670956502e-01 6.593398701756425506e-02 4.411764692910501856e-02
