4.957567589502878125e-01 6.463519967103897867e-01 9.838709681784164607e-01 1.463414634182011453e-01 8.191489020554169054e-01 1.208791162622522980e-01 1.304347776978100892e-01 6.593406345089160292e-02 1.304347777068462222e-01 6.593406345623896436e-02 4.411764705772790868e-02
5.084351558849272701e-01 6.325332878807925496e-01 9.838709707683171990e-01 1.463414635400043795e-01 8.191487654808530250e-01 1.208790976075918705e-01 1.304347589101464422e-01 6.593405394976652178e-02 1.304347589158873499e-01 6.593405395315980744e-02 4.411764703740919669e-02
5.343516515233910358e-01 5.784273770916281698e-01 9.838709773368412570e-01 1.463414645353298127e-01 8.191484693546713380e-01 1.208790570597392533e-01 1.304347179795254663e-01 6.593403322707827585e-02 1.304347179705767912e-01 6.593403322177052162e-02 4.411764701959790258e-02
5.378534747213618017e-01 5.222824964511791901e-01 9.838709860483088043e-01 1.463414713750320895e-01 8.191479926402482903e-01 1.208789913067396665e-01 1.304346510182466667e-01 6.593399914867704992e-02 1.304346423788682596e-01 6.593399404850446011e-02 4.411764539131995955e-02
5.686968897877529017e-01 4.978031241547841157e-01 9.838709127586168224e-01 1.463413234065087665e-01 8.191408988242023792e-01 1.208780156131593342e-01 1.304331147592025231e-01 6.593316549527392101e-02 1.304311902179529636e-01 6.593202833888200942e-02 4.411697886697389659e-02
8.376894065332136652e-01 4.176206723080139738e-01 9.838688997093548716e-01 1.463367799991776852e-01 8.190031623694358220e-01 1.208590770579372892e-01 1.304017177726048970e-01 6.591602836299206847e-02 1.303574298739941240e-01 6.588986825328548014e-02 4.409985484943539785e-02
9.312257261015383092e-01 3.905645067860337161e-01 9.838648890592613938e-01 1.463410614177464708e-01 8.191365823585416983e-01 1.208774223397730413e-01 1.304152906712407745e-01 6.592240150878732330e-02 1.303574431516346110e-01 6.588832352565494876e-02 4.411040518861469861e-02
9.532490580062855656e-01 3.699490502548438697e-01 9.838687124852890653e-01 1.463380583656956335e-01 8.190439346324801528e-01 1.208646832747169858e-01 1.304088896170859102e-01 6.591981355706980072e-02 1.303701090217417313e-01 6.589691490229560022e-02 4.410403621285346326e-02
9.890840279571211369e-01 3.333769727162367302e-01 9.838709822285984785e-01 1.463414340282021830e-01 8.191479804185172187e-01 1.208789891869433142e-01 1.304346360573045982e-01 6.593399018646149690e-02 1.304345881741991453e-01 6.593396195625672584e-02 4.411764238037673563e-02
9.891302084782043202e-01 3.333298554229451871e-01 9.838709726165344449e-01 1.463414572857222318e-01 8.191487330042708237e-01 1.208790929760899108e-01 1.304347543898747297e-01 6.593405164582782918e-02 1.304347546736986108e-01 6.593405180999524495e-02 4.411764705848922330e-02
