3.491497892638727452e-01 2.747197876399493088e-01 9.839439103929057406e-01 1.463415027211290020e-01 8.191483095462354092e-01 1.208790346905332658e-01 1.304876900511704740e-01 6.596677783296985009e-02 1.304440059506585814e-01 6.593988697630902285e-02 4.411765596930397604e-02
3.713732063731168820e-01 2.749841479958701207e-01 9.839221044211873268e-01 1.463439115620155939e-01 8.191102878843751212e-01 1.208737974999367082e-01 1.304609530055182709e-01 6.595088652667525919e-02 1.304408770915066740e-01 6.593859538335283821e-02 4.411585650787309965e-02
4.014188913228409206e-01 2.728388233445988020e-01 9.838939637130372784e-01 1.463441066706576421e-01 8.191071904763529421e-01 1.208733708520667860e-01 1.304370704444572093e-01 6.593618083296902410e-02 1.304465858439694814e-01 6.594221154070749324e-02 4.411788146428823748e-02
4.294771239089861803e-01 2.582593430595003237e-01 9.838843527495301222e-01 1.463436222535163811e-01 8.191143829565284973e-01 1.208743621132842977e-01 1.303987986109716724e-01 6.591394974843688137e-02 1.304181664577951649e-01 6.592675993100027831e-02 4.411554877489223120e-02
4.481733989522543871e-01 2.458363583873746649e-01 9.838741555681352891e-01 1.463414631476203653e-01 8.191476289004796518e-01 1.208789417804552457e-01 1.303719851890789982e-01 6.589798849886834009e-02 1.303985542443126533e-01 6.591580901703965323e-02 4.411656008002336898e-02
4.746016441939943653e-01 2.367140200138438400e-01 9.839144993152526553e-01 1.463414604795488239e-01 8.191485000173878150e-01 1.208790647712295052e-01 1.304275944443650248e-01 6.593064746293322842e-02 1.304167936368903213e-01 6.592524923795031744e-02 4.411951297397023741e-02
5.058138031696546300e-01 2.227047159856038461e-01 9.839589408950939475e-01 1.463414655052125424e-01 8.191488594080303942e-01 1.208791112956829616e-01 1.305009773446363375e-01 6.597379034209216453e-02 1.304391872764087412e-01 6.593683670385544482e-02 4.412253582193738366e-02
5.087918090855130249e-01 1.996282568722684836e-01 9.839624959716856134e-01 1.463414816396473028e-01 8.191484028506224035e-01 1.208790478024578535e-01 1.304989592174828072e-01 6.597277832751125004e-02 1.304390414608856408e-01 6.593677594864127967e-02 4.412046541601099409e-02
4.748807288478901212e-01 9.552582699177480929e-02 9.839826702641185641e-01 1.463415188124512767e-01 8.191473360652298252e-01 1.208789011409737435e-01 1.304109293436584716e-01 6.592005057440424032e-02 1.304342478876437117e-01 6.593399646831621386e-02 4.411773742713975127e-02
4.597505915816039734e-01 7.228124325907840653e-02 9.839719870656570277e-01 1.463414710338920566e-01 8.191487290140132549e-01 1.208790926442552677e-01 1.303762696619833739e-01 6.589934149426392163e-02 1.304339126368724011e-01 6.593369797022566314e-02 4.411764679388045091e-02
