3.471822148844790346e-01 2.866109904461522917e-01 9.839251565321412984e-01 1.463426284453894499e-01 8.191305375127235777e-01 1.208765864580101379e-01 1.304597445912530074e-01 6.595043180556950380e-02 1.304219038209660786e-01 6.592770169166646543e-02 4.411586601660317380e-02
3.573071289774427672e-01 2.987538039023375780e-01 9.838953907602075999e-01 1.463543078576178547e-01 8.189461889564622066e-01 1.208511944638022834e-01 1.303972342390469219e-01 6.591537613974528254e-02 1.303745541616648518e-01 6.590275325494349135e-02 4.409952658225548688e-02
3.907479011082150011e-01 2.854717227360564213e-01 9.839013534313414411e-01 1.463796629824555273e-01 8.185425483985352413e-01 1.207955998260997199e-01 1.303509346312081152e-01 6.589211202929265432e-02 1.303491294989558291e-01 6.589159084345311279e-02 4.406428863487026060e-02
4.275216658306245643e-01 2.674979817823592287e-01 9.839065171247631802e-01 1.463620036074771147e-01 8.187525781271757230e-01 1.208245845787622036e-01 1.303682540207174168e-01 6.590019844024301576e-02 1.303823383118097867e-01 6.590844185296378110e-02 4.408755982383309041e-02
4.579980842425934173e-01 2.500209293540525679e-01 9.838904556108908350e-01 1.463398563141735109e-01 8.189781582398344417e-01 1.208557164868111766e-01 1.303659004543661348e-01 6.589635811756444639e-02 1.304083262279086275e-01 6.592088941750967601e-02 4.411642676381113265e-02
4.970746235107708078e-01 2.424520281290803159e-01 9.839065089664797981e-01 1.463410759052752863e-01 8.190793935598662534e-01 1.208695949835422445e-01 1.304170590691378639e-01 6.592502235555897094e-02 1.304240701902321109e-01 6.592879197712835093e-02 4.411784963156080430e-02
5.127814648886852567e-01 2.166309315976162053e-01 9.839451229479394545e-01 1.463421476717639280e-01 8.191280319372649110e-01 1.208762442729326286e-01 1.304880465510844800e-01 6.596657017610400853e-02 1.304361155762993330e-01 6.593522094568683711e-02 4.411863147517369743e-02
5.174054934589180643e-01 1.958528429117132319e-01 9.839473668523976979e-01 1.463415999792529731e-01 8.191454075672220947e-01 1.208786351346040899e-01 1.304982482018912371e-01 6.597275017232864802e-02 1.304385380007651030e-01 6.593652920603855494e-02 4.411808631076873100e-02
5.038076325621859697e-01 1.433421650807537584e-01 9.839628382085019442e-01 1.463416946462751944e-01 8.191422785935820183e-01 1.208782043300291043e-01 1.304533717244284186e-01 6.594578367358371052e-02 1.304348549564346704e-01 6.593445020488358788e-02 4.411726972668589264e-02
4.750836309000175950e-01 7.897942915974463796e-02 9.839700271688576194e-01 1.463419090954830581e-01 8.191366553734951150e-01 1.208774284348915068e-01 1.303803016050260055e-01 6.590191712849376160e-02 1.304312517781833491e-01 6.593232973693487209e-02 4.411658686942995788e-02
