3.335801429603039159e-01 3.378922802020487004e-01 9.838662415198631273e-01 1.463418558971912309e-01 8.191427594626178310e-01 1.208782637415509592e-01 1.303746111621512382e-01 6.589936619906611170e-02 1.303828708522318802e-01 6.590572440628342243e-02 4.411672587006737478e-02
3.404516136430206230e-01 3.268320616700984838e-01 9.838652442341566662e-01 1.463420577167014736e-01 8.191390852408816370e-01 1.208777639533618886e-01 1.303874221218702389e-01 6.590743687460692835e-02 1.303714219219841153e-01 6.589976351102683205e-02 4.411635925424380739e-02
3.524188407991123984e-01 3.241755344406262451e-01 9.838784887457308059e-01 1.463487656852170693e-01 8.189620820033688409e-01 1.208535777166920844e-01 1.303915719963174014e-01 6.591142396936294778e-02 1.303938337287065818e-01 6.591336052272332713e-02 4.410576500056311716e-02
3.948195599331520977e-01 3.083425548240958380e-01 9.839387061076105834e-01 1.463497955800189820e-01 8.174354961352736648e-01 1.206542855749063170e-01 1.302112182467797530e-01 6.582149990360994241e-02 1.303727829357901324e-01 6.590354533327558162e-02 4.407750350382769189e-02
5.008939857356357050e-01 2.584202120280414405e-01 9.839740400319145763e-01 1.463097293344810257e-01 8.154020092864822100e-01 1.203851124951354906e-01 1.299308552439040476e-01 6.567860307314246637e-02 1.303812276029553407e-01 6.590698474231017345e-02 4.408585436369524824e-02
5.222850256984495898e-01 2.499145760064785393e-01 9.839175732007773290e-01 1.463315656204358384e-01 8.177640610983201164e-01 1.206932197551730673e-01 1.302387694547681996e-01 6.583425894547163815e-02 1.304114079711209684e-01 6.592225868132965683e-02 4.410266159880205789e-02
5.241929517160336394e-01 2.305412491672846342e-01 9.839257120892750397e-01 1.463733735564304028e-01 8.182676383804465825e-01 1.207583014665344623e-01 1.303279243536566989e-01 6.588164680828990927e-02 1.303247707547378342e-01 6.587863570423221904e-02 4.404264492365198708e-02
5.331846046239747672e-01 1.979702487886895457e-01 9.839388896588852074e-01 1.463517732561839257e-01 8.188823099807580608e-01 1.208424159643017443e-01 1.304411892405011320e-01 6.594194626568820883e-02 1.304011984175242334e-01 6.591751200090562035e-02 4.409330745088647918e-02
6.658676347199160572e-01 1.787666653121158244e-01 9.839199529303253033e-01 1.463434270270832505e-01 8.190358700983564333e-01 1.208635429545124734e-01 1.304244782954450121e-01 6.592986668721989574e-02 1.304070507628217190e-01 6.591999626421782277e-02 4.410735876994286569e-02
8.320181189585246218e-01 1.592025917130825696e-01 9.838866520415077144e-01 1.463426786325234541e-01 8.190792147479607488e-01 1.208695126544923060e-01 1.303782791232226956e-01 6.590137310626324740e-02 1.303913572530697174e-01 6.591137547796496743e-02 4.411127183740069790e-02
