3.219096308112600613e-01 3.672121505556409926e-01 9.838628996547323924e-01 1.463415041233752656e-01 8.191482252591231195e-01 1.208790096314907164e-01 1.303611832276760085e-01 6.589059409064847161e-02 1.304122140451348388e-01 6.592171299522604777e-02 4.411753375452149434e-02
3.333773326516051294e-01 3.448447808868176367e-01 9.838680428492431185e-01 1.463415530246671148e-01 8.191457104841691761e-01 1.208786931135832632e-01 1.303981807922797442e-01 6.591293548115879919e-02 1.304115875008342029e-01 6.592207281792690499e-02 4.411736435965812886e-02
3.499925496428620275e-01 3.332261004982835506e-01 9.838809164004981289e-01 1.463400769872645890e-01 8.189559350544527438e-01 1.208542432067430117e-01 1.304066254313031858e-01 6.591982249275352146e-02 1.304382180154448345e-01 6.593763083087646193e-02 4.411575806125209859e-02
3.762856273144724040e-01 3.285264944993971925e-01 9.840124300547763436e-01 1.463531023698171618e-01 8.133083165594963138e-01 1.201900843728684887e-01 1.297507650860253714e-01 6.558844713296595186e-02 1.301965411019903873e-01 6.581504125915134396e-02 4.396144766243906959e-02
4.754266997439802744e-01 2.862560744511911670e-01 9.843475053391803620e-01 1.465102818130372686e-01 7.974162165078532150e-01 1.184012826838495430e-01 1.279687572699033382e-01 6.468686936625413220e-02 1.291684963444814094e-01 6.529390415655661473e-02 4.331174755897989476e-02
5.181899880924346613e-01 2.567511098862208518e-01 9.840886089589857555e-01 1.464666715305669442e-01 8.095665580270188233e-01 1.197552716707026566e-01 1.293105298591844809e-01 6.536501357279825286e-02 1.297599733304369285e-01 6.559290948164306356e-02 4.367619184929179277e-02
5.380218105734734246e-01 2.435189960047171587e-01 9.840501623313374635e-01 1.466076956812630561e-01 8.118437638227670172e-01 1.199157835830507446e-01 1.294826772956801098e-01 6.545294837298221147e-02 1.295057766713025860e-01 6.546447968200837242e-02 4.349058498523090260e-02
7.152231354821964038e-01 2.091793436251113969e-01 9.839547448943813945e-01 1.464036941731692576e-01 8.171662792809207820e-01 1.206074192422089270e-01 1.301634632344752240e-01 6.579752261353138953e-02 1.301650185640108870e-01 6.579784432261481797e-02 4.393641753518550547e-02
8.376755477623818447e-01 1.924669384592687105e-01 9.838999675087363173e-01 1.463425788029591168e-01 8.189388693158552446e-01 1.208501820107401314e-01 1.303780247150863325e-01 6.590352563426722654e-02 1.303899173297211056e-01 6.591112428436668447e-02 4.409833761025046261e-02
8.750801766919203972e-01 1.728616960655877111e-01 9.838781176297985986e-01 1.463415196352805259e-01 8.191232316313556971e-01 1.208755797919631725e-01 1.303845720844623024e-01 6.590467477570530197e-02 1.303970851752647153e-01 6.591425467123082638e-02 4.411528460713452088e-02
