2.710292215027500506e-01 5.184427754387199716e-01 9.838285475288974791e-01 1.463418937769726813e-01 8.191255162629819120e-01 1.208758967130910272e-01 1.303279625000395014e-01 6.587204203968421989e-02 1.304219015301572859e-01 6.592779601590492700e-02 4.411564366334176646e-02
2.843655235455224695e-01 4.452541008921459542e-01 9.838514060838006170e-01 1.463432146826015301e-01 8.190511395792003935e-01 1.208657835350643722e-01 1.303599498857936356e-01 6.589123807101433805e-02 1.304130181116297249e-01 6.592324052703577020e-02 4.410935763638844376e-02
3.545683032274469793e-01 3.567475749472705515e-01 9.838878547994017731e-01 1.463487291167449023e-01 8.187038397066792594e-01 1.208328882401138310e-01 1.303821488520162664e-01 6.590694538346712761e-02 1.304036794952056766e-01 6.591974969485774050e-02 4.409361734071466643e-02
4.202287271223839049e-01 3.663241838130121275e-01 9.840943744548075189e-01 1.465089273385091762e-01 8.093022124835698161e-01 1.198920778242873880e-01 1.294527245259624315e-01 6.543733682410948771e-02 1.296192762226393569e-01 6.552233574051458120e-02 4.359500173352475610e-02
4.625200912736608383e-01 3.528682154704319007e-01 9.846615889872997185e-01 1.470572240372179929e-01 7.818584325184378958e-01 1.170857270400563754e-01 1.266692198380216239e-01 6.402986855508621677e-02 1.271095615670837231e-01 6.425287050696880387e-02 4.199568070517207402e-02
5.212220375643202841e-01 3.066655526413551991e-01 9.845867690497196456e-01 1.471162343425211905e-01 7.875223264143713653e-01 1.175076148875027343e-01 1.270895130316644639e-01 6.424216632640118718e-02 1.272550680356566710e-01 6.432649949536833889e-02 4.205644154103088672e-02
6.240363343920941608e-01 2.833123948073932863e-01 9.840874834985244846e-01 1.466099502839316171e-01 8.104574147271265128e-01 1.198854110320452665e-01 1.294297199339069782e-01 6.542454936476355121e-02 1.294441708238092126e-01 6.543296754335507781e-02 4.346299939531703127e-02
8.144859155537446105e-01 2.189277105335634688e-01 9.839265436050484981e-01 1.463561792035467657e-01 8.182093504972165476e-01 1.207508670139399165e-01 1.302922236507207676e-01 6.586173828257743668e-02 1.303052243089389273e-01 6.586862427987381918e-02 4.403180070263188611e-02
8.365071403954755791e-01 2.080596116764703574e-01 9.839100308969895847e-01 1.463416523382298773e-01 8.190767919068465686e-01 1.208691823833115964e-01 1.304069966734375530e-01 6.591942261746237819e-02 1.304211491460175176e-01 6.592722240794395006e-02 4.411100504379168730e-02
8.559918132335209151e-01 1.930384237875891751e-01 9.838980282593028370e-01 1.463418752200222051e-01 8.189513981714804380e-01 1.208519073124810217e-01 1.303776685309230299e-01 6.590315680879563209e-02 1.303910259893924228e-01 6.591166487238828142e-02 4.409948707897402842e-02
