2.498743019954550448e-01 6.026941606155324926e-01 9.838075986945066242e-01 1.463435596839735009e-01 8.190306393469357626e-01 1.208628600566463429e-01 1.302923984725467832e-01 6.585291613677542177e-02 1.304127449759033830e-01 6.592385292394248308e-02 4.410739961407431076e-02
2.586273218696201748e-01 5.791613233120872506e-01 9.838531928071960753e-01 1.463739322220797834e-01 8.173212382461080283e-01 1.206279349327830375e-01 1.300772585367812040e-01 6.574527542738263508e-02 1.301785331632252241e-01 6.580513759280838537e-02 4.395909379531928729e-02
4.156083449324768919e-01 4.420719689236581873e-01 9.838998431258775268e-01 1.463714247636045129e-01 8.175189256465357213e-01 1.206653769047615898e-01 1.302078801485609671e-01 6.581818133872094356e-02 1.302218766496913982e-01 6.582655648470919774e-02 4.398309110675446137e-02
4.601788643570190462e-01 4.186884331898765299e-01 9.839473263636111522e-01 1.464091674211463190e-01 8.157111043017570839e-01 1.205616536509538234e-01 1.301182632920223348e-01 6.577389014650432408e-02 1.301274933317744242e-01 6.577871978120485019e-02 4.391980013296289259e-02
4.831657322203469773e-01 4.065552870859591161e-01 9.840960395434632524e-01 1.465668363370858929e-01 8.084773491767244247e-01 1.198541439784078927e-01 1.294152268476329026e-01 6.541833465438055828e-02 1.294376499100505229e-01 6.542986539601151896e-02 4.347902416184432767e-02
6.136825416478774997e-01 3.389126944156793941e-01 9.839876246182238662e-01 1.464675333281275360e-01 8.138883522387037051e-01 1.203425882594666568e-01 1.298639982165433748e-01 6.564291290523203981e-02 1.298798970162405031e-01 6.565291126952035872e-02 4.377465478713633840e-02
6.531323306788373584e-01 3.229195478451855061e-01 9.838795197842074014e-01 1.463460282175411409e-01 8.189097551335030589e-01 1.208513130095861254e-01 1.303601966325797501e-01 6.589328528229887461e-02 1.303673735953998214e-01 6.589888426729582915e-02 4.409548855290894992e-02
7.185011811047591346e-01 2.836340016808732156e-01 9.838941647998117324e-01 1.463400996366503726e-01 8.187565094846279701e-01 1.208256329887655578e-01 1.303441500706915279e-01 6.588610377349683744e-02 1.303552102249424804e-01 6.589333846233261238e-02 4.407937363128559827e-02
8.506140804010358103e-01 2.173244749397862663e-01 9.839108656329703662e-01 1.463409651600352801e-01 8.187855129345590344e-01 1.208290795890764879e-01 1.303710817773286179e-01 6.590158532772005806e-02 1.303829591380425701e-01 6.590798987921978047e-02 4.408412575753099805e-02
8.943693504459063748e-01 2.190813479940618147e-01 9.838966920362405277e-01 1.463416408420225856e-01 8.190320071331043117e-01 1.208630136672131511e-01 1.304074216135512609e-01 6.591987396349459349e-02 1.304152990550798141e-01 6.592432587179440640e-02 4.410690127038847941e-02
