2.887104050906325048e-01 5.988512864753148257e-01 9.838571711218266902e-01 1.463742026937651652e-01 8.173300310728636164e-01 1.206291160894778780e-01 1.300897552372295429e-01 6.575257062680886500e-02 1.301822302178713420e-01 6.580711470675879027e-02 4.395925624175296004e-02
3.678957077426198152e-01 5.756069919068591556e-01 9.839678143114291009e-01 1.464459539411500366e-01 8.132569699836720289e-01 1.200692451192173771e-01 1.295887565852936740e-01 6.550329190912312916e-02 1.296294686558684128e-01 6.552731973897986395e-02 4.360652170114746179e-02
4.364889628813378719e-01 5.259198310268260457e-01 9.839438189852218741e-01 1.464083053572347304e-01 8.153805245750690434e-01 1.203616230609503568e-01 1.299148696449576312e-01 6.567077356707638758e-02 1.299211778766304892e-01 6.567450634042031055e-02 4.379111570722411806e-02
4.783213572276184822e-01 4.479153858634469243e-01 9.838796869022925495e-01 1.463498443749230715e-01 8.187331240797024456e-01 1.208318962048407219e-01 1.303876755921061503e-01 6.591023006432741860e-02 1.303879365708574545e-01 6.591037712457913089e-02 4.408795275553543946e-02
5.255622023631854045e-01 4.130359638350008522e-01 9.838862807490051932e-01 1.463574140188555472e-01 8.184373356090129947e-01 1.208089723078392547e-01 1.303577247181954835e-01 6.589462074085947196e-02 1.303596877501412288e-01 6.589600109657561822e-02 4.407302733079932616e-02
6.429424037375417456e-01 3.304288580698088174e-01 9.838764680723635081e-01 1.463427222030997676e-01 8.189876017924956342e-01 1.208618889387307188e-01 1.303673584344112735e-01 6.589670909001638099e-02 1.303783965575831261e-01 6.590483637048297205e-02 4.410294684971753643e-02
6.525997026532219802e-01 3.237562571223005503e-01 9.838874889712423411e-01 1.463245542864835547e-01 8.184527230450966417e-01 1.207836144846472504e-01 1.302857600952381234e-01 6.585518786922578416e-02 1.302977345400168629e-01 6.586398934378111247e-02 4.404982404646062832e-02
6.628705346227845574e-01 3.195611727733728147e-01 9.839274092529233240e-01 1.462771660115427808e-01 8.165040969556456307e-01 1.205160915497373447e-01 1.300214886257949620e-01 6.572185552386701490e-02 1.300336732498617032e-01 6.573072822197248422e-02 4.387020796968685993e-02
8.922801623396585669e-01 2.308098028222696496e-01 9.839103304273484341e-01 1.463161425024886442e-01 8.180842844426488014e-01 1.207329746274750926e-01 1.302769456670996029e-01 6.585377445819731723e-02 1.302832456351061541e-01 6.585758859199714044e-02 4.401919524109636217e-02
9.157813098453680967e-01 2.235202868412094201e-01 9.838906123045549901e-01 1.463404192395043879e-01 8.191054902338159582e-01 1.208731572503832369e-01 1.304194090373983206e-01 6.592605967112356857e-02 1.304257234413809530e-01 6.592960331181958733e-02 4.411364538958742476e-02
