4.300720925933357308e-01 5.946535595061681612e-01 9.838837731079471682e-01 1.463554545369377957e-01 8.183717323051332704e-01 1.207722959400062274e-01 1.303232598560298550e-01 6.587728789884422786e-02 1.303285697397589260e-01 6.588042132211305302e-02 4.404996253023801128e-02
4.275284393488358314e-01 5.682954465526506294e-01 9.838865932002996972e-01 1.463558730902100868e-01 8.183347304463722827e-01 1.207672038777524159e-01 1.303222007283951211e-01 6.587704431494198487e-02 1.303237196547618881e-01 6.587794120876334925e-02 4.404705351368926741e-02
4.612186540920389932e-01 5.458559667866695886e-01 9.838834665658442447e-01 1.463526622575483660e-01 8.185161290594689110e-01 1.207921398383978301e-01 1.303479582788165114e-01 6.589013842322809233e-02 1.303484949752557742e-01 6.589045606669201305e-02 4.406279507974476817e-02
5.174162464853209187e-01 5.147870548151610715e-01 9.838716415937538429e-01 1.463420645061059289e-01 8.191150594326471746e-01 1.208744985564001451e-01 1.304301649807875774e-01 6.593172947863835953e-02 1.304301913548927827e-01 6.593174432398545004e-02 4.411475853823151189e-02
5.350785946086654699e-01 4.896369839078142383e-01 9.838712216816142275e-01 1.463415332533625768e-01 8.191409622249848921e-01 1.208781860586205931e-01 1.304313986314603324e-01 6.593219678557780961e-02 1.304319376008096498e-01 6.593258964989522075e-02 4.411697960593578133e-02
6.396523958258563125e-01 3.485461986285012803e-01 9.838761943687948097e-01 1.463371269125582075e-01 8.189731106596287447e-01 1.208550561878177776e-01 1.303635001334913779e-01 6.589498292328371809e-02 1.303739372794026630e-01 6.590271395578470304e-02 4.409839528216321497e-02
6.581496019569206268e-01 3.253300623787218626e-01 9.839287727935099870e-01 1.462738556035121928e-01 8.163788528831715796e-01 1.204988952533586760e-01 1.300023517440527521e-01 6.571202905362026614e-02 1.300141674680913850e-01 6.572078061182327902e-02 4.385853481155206623e-02
6.693665232501196938e-01 3.222978121115962491e-01 9.840402877771118328e-01 1.461392723261815685e-01 8.108556739829955173e-01 1.197407762984031010e-01 1.292489380867136439e-01 6.533144473409506492e-02 1.292626820889664352e-01 6.534142109381713137e-02 4.334934373439119915e-02
9.079920430174406309e-01 2.557320213502737305e-01 9.839452971798182679e-01 1.462668568455141038e-01 8.160857891402676367e-01 1.204586704968441946e-01 1.300057681573056623e-01 6.571676304039288097e-02 1.300106040487287451e-01 6.571987072030395505e-02 4.383485491844782422e-02
9.330962184273736693e-01 2.494390356190046010e-01 9.838878289402315236e-01 1.463381503099391856e-01 8.190128575898748542e-01 1.208604427242950113e-01 1.304093391241529232e-01 6.592097758059435597e-02 1.304134581031758111e-01 6.592338854530649384e-02 4.410510407320424042e-02
