4.650132545678550278e-01 6.374049167905428970e-01 9.838712074569375687e-01 1.463416880560891031e-01 8.191363102126076878e-01 1.208773855129927355e-01 1.304330321342365706e-01 6.593317898767817042e-02 1.304330603313770265e-01 6.593319563487921864e-02 4.411655119670271352e-02
4.592120096718751987e-01 6.005482215948435565e-01 9.838720961013250887e-01 1.463424753497826192e-01 8.190917524417135054e-01 1.208712606869020989e-01 1.304269348340555412e-01 6.593009533187413340e-02 1.304269850660922936e-01 6.593012506053083643e-02 4.411269360879185170e-02
5.049741171326835865e-01 5.358564699359501526e-01 9.838714314017023010e-01 1.463418756653037112e-01 8.191255281546611089e-01 1.208759033330814719e-01 1.304315733141147571e-01 6.593244240683429624e-02 1.304315906566929362e-01 6.593245267591268943e-02 4.411563407737710552e-02
5.267662004682163168e-01 5.140960114445209950e-01 9.838709768840485648e-01 1.463414702318432403e-01 8.191484659910911459e-01 1.208790563597205575e-01 1.304347179295136661e-01 6.593403317509476114e-02 1.304347171013269524e-01 6.593403268124167771e-02 4.411761784363335548e-02
5.372293424340017776e-01 5.090363424932171643e-01 9.838710437777972162e-01 1.463412949741968727e-01 8.191428101456755817e-01 1.208782782383416021e-01 1.304337641459583086e-01 6.593353455740676161e-02 1.304333475234068229e-01 6.593328978418594444e-02 4.411710099134738550e-02
7.337355412870131266e-01 4.407826280937118257e-01 9.838799286207998707e-01 1.463224069429840124e-01 8.185464743397353748e-01 1.207962960490816806e-01 1.303410569141210396e-01 6.588566257941365356e-02 1.303133086258788931e-01 6.586934052029656816e-02 4.405937038016544127e-02
8.966284011286026479e-01 3.836991756142983379e-01 9.839119022591005237e-01 1.462753638245123944e-01 8.168292844461140234e-01 1.205604408403862099e-01 1.300963453178235474e-01 6.576108458587150152e-02 1.300457464834041399e-01 6.573136362876579042e-02 4.389862574725655192e-02
9.178544146984826124e-01 3.664296069765652919e-01 9.839455704281981907e-01 1.462406704969030913e-01 8.152402588961389363e-01 1.203424482854431737e-01 1.298842546324541491e-01 6.565442530550481826e-02 1.298491094770585774e-01 6.563384564967833512e-02 4.375343225452137108e-02
9.853411817494770464e-01 3.327193717845454146e-01 9.838871633554959750e-01 1.463220008489854451e-01 8.183506447916306659e-01 1.207695462564463140e-01 1.303252010037843356e-01 6.587865942286420806e-02 1.303252572834607825e-01 6.587871402099695906e-02 4.404399499034437199e-02
9.887119509607891210e-01 3.328048603812899242e-01 9.838714657240889006e-01 1.463409778081057322e-01 8.191290097296473061e-01 1.208763858217292431e-01 1.304320000757109577e-01 6.593265834631639732e-02 1.304320480158466800e-01 6.593268503035651373e-02 4.411582137751765553e-02
