4.899164422481599446e-01 6.485335971097785368e-01 9.838709688312319290e-01 1.463414643390715253e-01 8.191488759931602193e-01 1.208791126984878062e-01 1.304347746706095712e-01 6.593406191703095331e-02 1.304347747253969958e-01 6.593406194943395027e-02 4.411764255351177666e-02
5.014905113459589003e-01 6.343241598925788427e-01 9.838709765635673676e-01 1.463414702525771549e-01 8.191484775418751418e-01 1.208790576713751896e-01 1.304347200329280532e-01 6.593403425414383345e-02 1.304347203186710102e-01 6.593403442336069620e-02 4.411761427877743114e-02
5.303509598316938911e-01 5.699408080816620314e-01 9.838709789602577693e-01 1.463414693350725271e-01 8.191483495768075995e-01 1.208790401924691865e-01 1.304347022315741900e-01 6.593402512056452391e-02 1.304347024238242114e-01 6.593402523441806162e-02 4.411762297624496204e-02
5.349850502595350221e-01 5.182257519063786511e-01 9.838709817813734437e-01 1.463414635205045333e-01 8.191482016779157993e-01 1.208790197110208853e-01 1.304346797439655259e-01 6.593401363682088734e-02 1.304346712227592020e-01 6.593400859858078444e-02 4.411763168768182558e-02
5.635672202642210138e-01 4.997085708084206268e-01 9.838714779511347208e-01 1.463403854757445444e-01 8.191130609182006861e-01 1.208741872741157519e-01 1.304293305860392826e-01 6.593125463325461011e-02 1.304274795813517573e-01 6.593015975318602950e-02 4.411436323617425742e-02
8.360463330261816983e-01 4.183127438314511171e-01 9.838846600969972656e-01 1.463113005468122951e-01 8.182176526796277605e-01 1.207510704268760643e-01 1.302946088312032236e-01 6.586190954417502075e-02 1.302506871002155342e-01 6.583592615135090698e-02 4.402790902555339669e-02
9.313379640439051199e-01 3.904374662554757069e-01 9.838806397179070684e-01 1.463155266574246438e-01 8.183364733229805399e-01 1.207674204749029506e-01 1.303057637920901068e-01 6.586703457881908086e-02 1.302485369703349216e-01 6.583322080122264164e-02 4.403767102209079493e-02
9.513605600160455200e-01 3.713811350212282147e-01 9.838868819460659942e-01 1.463095645009602208e-01 8.181293460207547108e-01 1.207389629611782811e-01 1.302835883883100843e-01 6.585644919378225159e-02 1.302435471032117043e-01 6.583276597177613321e-02 4.402005847859152832e-02
9.889099589253280698e-01 3.334815463270046632e-01 9.838713532832881192e-01 1.463409754055343126e-01 8.191289182860670426e-01 1.208763732670708468e-01 1.304319884402380669e-01 6.593264835620253617e-02 1.304318416966366023e-01 6.593256212200813982e-02 4.411580023934814909e-02
9.891304945161951689e-01 3.333318682202695560e-01 9.838709715859338401e-01 1.463414589404112565e-01 8.191487484523193308e-01 1.208790952774168731e-01 1.304347569198503198e-01 6.593405294405947636e-02 1.304347569532565976e-01 6.593405296293047835e-02 4.411763428813701010e-02
