3.510962402076679978e-01 2.772335765348925563e-01 9.839379832218395627e-01 1.463421368736914641e-01 8.191382592743532420e-01 1.208776567842075739e-01 1.304797518760077990e-01 6.596211949448646528e-02 1.304396957175655847e-01 6.593756601953505714e-02 4.411680742454463650e-02
3.751517847501705805e-01 2.768231051277940669e-01 9.839159950646410024e-01 1.463488260499607174e-01 8.190322514624548411e-01 1.208631027030387245e-01 1.304462416258023727e-01 6.594298260883735274e-02 1.304310012548170472e-01 6.593375641702507728e-02 4.410883136844178515e-02
4.023646595330851450e-01 2.727446302790632604e-01 9.838953181167694462e-01 1.463554085432412222e-01 8.189261086932974054e-01 1.208485518289447308e-01 1.304119738228209924e-01 6.592349809827978413e-02 1.304212727970007202e-01 6.592946454519879596e-02 4.410101528302022567e-02
4.295430110100764698e-01 2.580717323992724466e-01 9.838871141377775187e-01 1.463482453952699991e-01 8.190266427675106931e-01 1.208624697661732222e-01 1.303861665140157167e-01 6.590764778409771707e-02 1.304093928777406708e-01 6.592243044448374556e-02 4.410938007357193685e-02
4.502654283495034493e-01 2.460815124576748170e-01 9.838824009723217134e-01 1.463417656779988918e-01 8.191259245123980737e-01 1.208760267181538950e-01 1.303709998019389749e-01 6.589797722576440364e-02 1.304022051409984284e-01 6.591793475119735179e-02 4.411734582762474183e-02
4.753832843253646412e-01 2.369650120629883949e-01 9.839137861314417588e-01 1.463417990064629914e-01 8.191271155464969755e-01 1.208761594448425347e-01 1.304224795929986302e-01 6.592805461086528873e-02 1.304164091818045546e-01 6.592516056672731439e-02 4.411890497933661920e-02
5.053787753932790228e-01 2.212848522026946152e-01 9.839557845119261126e-01 1.463422262638318094e-01 8.191285907494467722e-01 1.208763225471954500e-01 1.304944775564191306e-01 6.597023477589164520e-02 1.304356300325173745e-01 6.593504957020737689e-02 4.412026663722957986e-02
5.083250760834687743e-01 1.981434715438270266e-01 9.839580954054855111e-01 1.463425064933911168e-01 8.191217681678520934e-01 1.208753774859666064e-01 1.304911946141878998e-01 6.596853426660916064e-02 1.304354068754451923e-01 6.593492527898613120e-02 4.411770445616552266e-02
4.763556391073959229e-01 1.061498070852966991e-01 9.839748194986572827e-01 1.463465548863851773e-01 8.190116552638907477e-01 1.208601956787814374e-01 1.303942707498726983e-01 6.591190962612819559e-02 1.304168059123482493e-01 6.592517706133317612e-02 4.410533189905694457e-02
4.600335802929453322e-01 7.321411235962008157e-02 9.839771781595431088e-01 1.463480444632308808e-01 8.189713585240950833e-01 1.208546399723478965e-01 1.303512775821944747e-01 6.588663518707944811e-02 1.304102625990573028e-01 6.592171512212952056e-02 4.410135153801649638e-02
