3.457893347871636713e-01 3.045931176027765197e-01 9.838982467441290680e-01 1.463429176595081871e-01 8.191250806657021100e-01 1.208759944933477104e-01 1.304304389143110254e-01 6.593293301800413897e-02 1.304052724664404028e-01 6.591861895327195964e-02 4.411534206574699302e-02
3.599476405224769637e-01 3.049881964962213865e-01 9.838963336666064485e-01 1.463586664657415548e-01 8.188636663831909690e-01 1.208416267138591876e-01 1.304004710795733935e-01 6.591762407240432664e-02 1.303936137259400496e-01 6.591415283857285368e-02 4.409343993552913149e-02
3.923271749772505035e-01 2.865720518795072946e-01 9.839094632024230069e-01 1.463927844448303650e-01 8.182124747417260924e-01 1.207584829336335874e-01 1.303207839573473359e-01 6.587726167614568751e-02 1.303294217724697279e-01 6.588266579107927845e-02 4.404175482322145868e-02
4.340748009189558942e-01 2.631387352048932260e-01 9.839184283768276362e-01 1.463733206499161499e-01 8.182069752666512041e-01 1.207626760707361524e-01 1.302975363310128198e-01 6.586382878005841990e-02 1.303351495270680949e-01 6.588453442051210585e-02 4.405912518603446321e-02
4.676453754920014139e-01 2.495569246882651526e-01 9.839090431808072967e-01 1.463441489383683070e-01 8.187102625123003907e-01 1.208240650953669587e-01 1.303382796064609661e-01 6.588303971240398738e-02 1.303940825661465408e-01 6.591349546029179329e-02 4.410584601986022868e-02
4.989511323047370883e-01 2.425741673895021877e-01 9.839143471793543316e-01 1.463458770831047862e-01 8.188830438275251922e-01 1.208439498147177299e-01 1.303926686360588894e-01 6.591293614402843337e-02 1.304067867460621810e-01 6.592000277569026734e-02 4.410568509365483947e-02
5.133714232262942545e-01 2.187414654456040219e-01 9.839458713376867394e-01 1.463506519078867918e-01 8.189054995034940054e-01 1.208457036340096769e-01 1.304513305672838075e-01 6.594744093868683266e-02 1.304059980959877685e-01 6.591994395495841264e-02 4.409850302949259310e-02
5.162423550899459812e-01 1.972316381508672223e-01 9.839522364187356374e-01 1.463456890382222320e-01 8.190414754806667474e-01 1.208643190329105055e-01 1.304827628847744780e-01 6.596477056663467564e-02 1.304243539863161883e-01 6.592933705791041710e-02 4.410870887168778093e-02
4.976512319172305965e-01 1.459523899074880726e-01 9.839703385689877457e-01 1.463542960303955420e-01 8.188028908724216404e-01 1.208314169872370947e-01 1.304066594665408418e-01 6.592212801732465211e-02 1.303897845384176524e-01 6.591167939020842192e-02 4.408607240961557455e-02
4.685991256000528460e-01 8.262671987829578457e-02 9.839937367340965135e-01 1.463702838891225710e-01 8.183705413839735821e-01 1.207718109287628794e-01 1.302855890173491293e-01 6.585488687189479384e-02 1.303284385980265359e-01 6.588039937262758772e-02 4.404622082071778938e-02
