3.393412066068495214e-01 3.300796163458555310e-01 9.838673458126103721e-01 1.463419801148626020e-01 8.191368623554886597e-01 1.208782219874584563e-01 1.303900365350262325e-01 6.590861150184960937e-02 1.303862349834284395e-01 6.590792044661535065e-02 4.411660893303897407e-02
3.466112045596971836e-01 3.299726351070096930e-01 9.838776649458736978e-01 1.463499765587450152e-01 8.189303638843205002e-01 1.208612219573012431e-01 1.303972098717715578e-01 6.591390345459580136e-02 1.304013666028401297e-01 6.591753359984796334e-02 4.410594137950501342e-02
3.707854911880704707e-01 3.201893324897415183e-01 9.839439433799951340e-01 1.464234026535825017e-01 8.165228109981335081e-01 1.206180865197018365e-01 1.301746924442886144e-01 6.580276177730647047e-02 1.301845466789481598e-01 6.580876775375892052e-02 4.395652325191803239e-02
4.418453170682367648e-01 2.857260562933101045e-01 9.840662412561436145e-01 1.465189188764962347e-01 8.119009003632192689e-01 1.200906718568520160e-01 1.296490306284386607e-01 6.553700074304176504e-02 1.297341829839299410e-01 6.558026196793917406e-02 4.367526191689835580e-02
5.034205864690606269e-01 2.570970896002590655e-01 9.839724780527573378e-01 1.463945375756535161e-01 8.160403828672557758e-01 1.205301635686319012e-01 1.300748257248045547e-01 6.575147658670653372e-02 1.301897209351927376e-01 6.581008947635606787e-02 4.396304755876331849e-02
5.210565215555593710e-01 2.498610309874694513e-01 9.839129332156131280e-01 1.463599896944543510e-01 8.182956853621649040e-01 1.207738863660049733e-01 1.303205864258690505e-01 6.587582938758720918e-02 1.303576116797600382e-01 6.589503497397189435e-02 4.406674469684678658e-02
5.235462805079559301e-01 2.315892930471498967e-01 9.839347112466237943e-01 1.463743996675352932e-01 8.182514953976887107e-01 1.207572639611660531e-01 1.303299033215437885e-01 6.588292460201655709e-02 1.303198567508565553e-01 6.587614847049756694e-02 4.403965170878387098e-02
5.329518607991233781e-01 2.013960940499968377e-01 9.839590601814026671e-01 1.463580519052803675e-01 8.187082568574279851e-01 1.208184947369012330e-01 1.304213236677389254e-01 6.593223800013918445e-02 1.303781863591353396e-01 6.590587944415793320e-02 4.407768575927845794e-02
5.579666369901941092e-01 1.780716935176355764e-01 9.839662280981187337e-01 1.463561536081755265e-01 8.186799206967853015e-01 1.208144840916035023e-01 1.304020270956907090e-01 6.592105351127768020e-02 1.303726317510721933e-01 6.590300771558189885e-02 4.407482605428022365e-02
5.483788432103174904e-01 1.256920527550517419e-01 9.839950804478787560e-01 1.463785922641870907e-01 8.180572933583178941e-01 1.207286380864879272e-01 1.302793222275059615e-01 6.585521970539445769e-02 1.302844345330539388e-01 6.585821880021804076e-02 4.401774161826444570e-02
