3.289118191252380363e-01 3.483311350443631937e-01 9.838668517214754772e-01 1.463421501803699176e-01 8.191233120189932437e-01 1.208783379777315231e-01 1.303726816997187454e-01 6.589788079877559324e-02 1.304017730750952064e-01 6.591627090285898105e-02 4.411691385240846391e-02
3.412062856819083057e-01 3.414632547467720824e-01 9.838870541390968283e-01 1.463563866102305377e-01 8.185809763689836371e-01 1.208473228934504179e-01 1.303686705289277825e-01 6.589804227717596663e-02 1.303877065912204258e-01 6.591030538541885198e-02 4.409769243628760410e-02
3.761331257172281228e-01 3.319366648144699283e-01 9.840306755848591269e-01 1.465058341496448258e-01 8.128750524859671422e-01 1.203000021345352194e-01 1.298554013339908997e-01 6.564093835969986301e-02 1.298607151291543693e-01 6.564429360140389136e-02 4.375903562258573465e-02
4.467317544831599929e-01 3.130166319385933038e-01 9.842606478143584026e-01 1.467588029768080171e-01 8.027373305733632725e-01 1.191483285874055109e-01 1.287173874666444062e-01 6.506577813425629131e-02 1.287684501355565725e-01 6.509173226566110360e-02 4.306706981082475405e-02
5.233870964407689730e-01 2.776669679673556268e-01 9.840933551034736215e-01 1.465483291118634679e-01 8.105089966304369620e-01 1.199654354432906911e-01 1.295157719265387641e-01 6.546858867689175909e-02 1.296019713334783940e-01 6.551301286152717840e-02 4.358605025129731053e-02
5.431814088260905615e-01 2.638137552103316796e-01 9.839440714462996951e-01 1.464047421401749594e-01 8.167691616716001857e-01 1.206076232673682636e-01 1.301489250161160238e-01 6.578846318182816899e-02 1.301852426177683708e-01 6.580786956459766524e-02 4.395511219401601610e-02
5.644243128500012752e-01 2.502596700958873432e-01 9.839345729076715008e-01 1.463918579032361389e-01 8.176275712813390051e-01 1.206793323908039312e-01 1.302292232318184306e-01 6.583000109236351871e-02 1.302374961787285956e-01 6.583436293786586180e-02 4.398799238616271645e-02
6.982694499914722241e-01 2.129121311743692735e-01 9.839416756790405616e-01 1.463584534797078285e-01 8.183791424181057206e-01 1.207735263523585650e-01 1.303330633067535382e-01 6.588385262767834649e-02 1.303301737782185665e-01 6.588138851918455552e-02 4.404745891287659837e-02
7.902931305106534188e-01 2.052669568544548129e-01 9.839276499862257275e-01 1.463448217092885306e-01 8.185633372366718508e-01 1.207984486347854491e-01 1.303456654180206731e-01 6.588927390410219409e-02 1.303533236193764600e-01 6.589304360521150428e-02 4.406387439215781604e-02
7.982337160484185290e-01 1.921038085290759645e-01 9.839259103960436015e-01 1.463464437271882190e-01 8.185121857358806929e-01 1.207913885396389164e-01 1.303318985952325315e-01 6.588150039064537278e-02 1.303406386566250130e-01 6.588647929054683439e-02 4.405925949300825567e-02
