2.973662223810264460e-01 4.034112283249315367e-01 9.838622286097388203e-01 1.463448513837417586e-01 8.189916659650500197e-01 1.208625537488987323e-01 1.303457002262130571e-01 6.588294711310843654e-02 1.304001127601774612e-01 6.591587353512565195e-02 4.410695789896932478e-02
3.202806903707492991e-01 3.904455600412445326e-01 9.838939506797770296e-01 1.463702887021743060e-01 8.179535179332630968e-01 1.207810315873341644e-01 1.302835146998055638e-01 6.585317790535481774e-02 1.303233979977226897e-01 6.587744668653761071e-02 4.405572038463231865e-02
4.045322798430467381e-01 3.699387801931037778e-01 9.840260846171061671e-01 1.465046502774650650e-01 8.128043143971148687e-01 1.202789027130907462e-01 1.298263557530974222e-01 6.562549770698435092e-02 1.298343685154112748e-01 6.563045626283017797e-02 4.374379430767788568e-02
5.053360546656008312e-01 3.586698926965017353e-01 9.840826044977879494e-01 1.465757308646372659e-01 8.101113059495076429e-01 1.199325302720104514e-01 1.294823873672218406e-01 6.545164593185286150e-02 1.294939901191488330e-01 6.545832630008348307e-02 4.352996127875166654e-02
6.149689329988363706e-01 3.271244703579544999e-01 9.839487354653024820e-01 1.464217607546989264e-01 8.160366170479564918e-01 1.205555161468836040e-01 1.300684426813538408e-01 6.574591890499879854e-02 1.300884048842588236e-01 6.575869210967065503e-02 4.391367243101929052e-02
6.433055288562661289e-01 3.200173673598527557e-01 9.838887537811319417e-01 1.463585939945835634e-01 8.185267422424598038e-01 1.208096923125914907e-01 1.303105832040469814e-01 6.586772710355666416e-02 1.303277690865421723e-01 6.587964015414696228e-02 4.406970107258701558e-02
6.607711457316092218e-01 3.072225874743767515e-01 9.838883802456486194e-01 1.463519531023562137e-01 8.186728319203496751e-01 1.208171240754529335e-01 1.303226010216380348e-01 6.587419869857806531e-02 1.303383292909140179e-01 6.588503553973229510e-02 4.407382442727104249e-02
8.077802836051842794e-01 2.215040550416398912e-01 9.839162592288004383e-01 1.463439988604593733e-01 8.185300730774429656e-01 1.207940249249360165e-01 1.303309968774782335e-01 6.588103224179241157e-02 1.303444695405527876e-01 6.588850114003128033e-02 4.406051517960755948e-02
8.401052514231109880e-01 2.052315015114221930e-01 9.839145476531701018e-01 1.463423784414532858e-01 8.185499304019312472e-01 1.207965990166130488e-01 1.303337779190580636e-01 6.588231902507173110e-02 1.303473122899461434e-01 6.588988924981113715e-02 4.406257771401346501e-02
8.595233069975755091e-01 1.916018103822062779e-01 9.839023991345418052e-01 1.463415920554107519e-01 8.185712790040446940e-01 1.207995373270266959e-01 1.303258857141903482e-01 6.587696751949999319e-02 1.303381102380214429e-01 6.588492919235364176e-02 4.406454823508590413e-02
