2.538170588602907674e-01 5.771532007979075507e-01 9.838289001217871421e-01 1.463539267896856177e-01 8.185092153499811118e-01 1.207917845977099086e-01 1.302355075929362560e-01 6.582484899648666232e-02 1.303401618425702735e-01 6.588679310577828796e-02 4.406119621785167806e-02
2.899878951881995071e-01 5.572502200921458648e-01 9.838683519942370559e-01 1.463806182845815984e-01 8.171412918498472955e-01 1.206121628374263038e-01 1.300784272281283183e-01 6.574704534917928667e-02 1.301631875446245812e-01 6.579723260053793599e-02 4.394602699779415200e-02
4.356967374787037439e-01 4.674515760568007661e-01 9.838993814015707384e-01 1.463762876665971324e-01 8.175438855269514526e-01 1.206869115540560033e-01 1.302275237855494427e-01 6.582806559434309368e-02 1.302418468069543034e-01 6.583659378136565155e-02 4.399545064805465006e-02
5.066829589392091160e-01 4.122421645687970315e-01 9.838860972223597567e-01 1.463575303106471326e-01 8.185136944383257784e-01 1.208104192484319162e-01 1.303551151384551299e-01 6.589304517149772999e-02 1.303585676275069438e-01 6.589546115796345027e-02 4.407401690702714842e-02
6.212932061398548367e-01 3.420732252326983969e-01 9.838761387666402625e-01 1.463448687418065219e-01 8.190008262187222776e-01 1.208634184252813937e-01 1.303707865999053916e-01 6.589862045365452170e-02 1.303840614552183030e-01 6.590813186777291777e-02 4.410484421950994910e-02
6.510185768429196385e-01 3.245571719410686451e-01 9.838742380999486725e-01 1.463408050535047467e-01 8.190825777257857432e-01 1.208704807420902944e-01 1.303674574781871487e-01 6.589628238603548183e-02 1.303834996488532905e-01 6.590779203583962964e-02 4.410844024213897430e-02
6.563970744300687832e-01 3.212116640161516434e-01 9.838797555730165456e-01 1.463353012275600828e-01 8.188434009618129616e-01 1.208373460789903125e-01 1.303351291213029062e-01 6.588000500886743993e-02 1.303512653236806318e-01 6.589152331204778390e-02 4.408622540278958613e-02
7.942648145129954651e-01 2.388032106231830487e-01 9.839061395359951501e-01 1.463349283087471697e-01 8.184452910755241062e-01 1.207823758259218422e-01 1.303080906667534733e-01 6.586838130404411296e-02 1.303216786387912107e-01 6.587682456221381766e-02 4.405192893353129802e-02
8.694582518276919858e-01 1.972956087273348147e-01 9.838998299887022903e-01 1.463412985952105283e-01 8.186580010728248258e-01 1.208114901765767746e-01 1.303412027765024628e-01 6.588498760102254326e-02 1.303520727378622568e-01 6.589205890452344561e-02 4.407250615694610629e-02
8.881651653221124265e-01 1.891275028751736031e-01 9.838895299667272942e-01 1.463409460231244741e-01 8.187243676760765920e-01 1.208206268159751212e-01 1.303437212458210537e-01 6.588536227958020908e-02 1.303529875729572962e-01 6.589231966042624622e-02 4.407861878162205177e-02
