2.551739854421193887e-01 6.069288291375232181e-01 9.838219010704940537e-01 1.463536644742436110e-01 8.185168650148414438e-01 1.207922700610157968e-01 1.302288018602248687e-01 6.582107731292746733e-02 1.303426257124409016e-01 6.588831624509559892e-02 4.406157802674889185e-02
3.131165156767055091e-01 5.869351011009011909e-01 9.838707433584136242e-01 1.463809153155673504e-01 8.170941274224294837e-01 1.205968469054752717e-01 1.300738009157249853e-01 6.574561343373563904e-02 1.301506714774046669e-01 6.579102564713777690e-02 4.393567385722486202e-02
4.292307349481874201e-01 5.191282347499609484e-01 9.838838144181927259e-01 1.463575299649274575e-01 8.183117054148572045e-01 1.207642973523836982e-01 1.303127774366389102e-01 6.587180098255640548e-02 1.303203914478740510e-01 6.587630228232137231e-02 4.404368849456793272e-02
4.652627145792103680e-01 4.578477947573627027e-01 9.838725769439886637e-01 1.463429990963157623e-01 8.190696836659651092e-01 1.208684883689102041e-01 1.304213370076318379e-01 6.592708200201401192e-02 1.304222953716468458e-01 6.592773708909056840e-02 4.411069577098875732e-02
5.701525470017176911e-01 3.765831336813557639e-01 9.838729191232866711e-01 1.463408828521089999e-01 8.191044073924270696e-01 1.208732490691127176e-01 1.303967260739934964e-01 6.591277136235151879e-02 1.304055079233388259e-01 6.591907096550082834e-02 4.411189811871013555e-02
6.455852157808948943e-01 3.287023953510337382e-01 9.838782045721295999e-01 1.463349441749700885e-01 8.188771108191000847e-01 1.208418593749260722e-01 1.303412214290639581e-01 6.588317131272415639e-02 1.303566493353234268e-01 6.589424426612645880e-02 4.408931837299603224e-02
6.568262175585182217e-01 3.229470149587797545e-01 9.838964498911730860e-01 1.463134341981317255e-01 8.179861610158905005e-01 1.207195492810086701e-01 1.302182999446947764e-01 6.582098877938585835e-02 1.302341624047489155e-01 6.583236555198297701e-02 4.400707413435067661e-02
8.086989976145387837e-01 2.514666729289793956e-01 9.839078681828112849e-01 1.463156474088123660e-01 8.179035771006117894e-01 1.207081001244024870e-01 1.302322228842095198e-01 6.582964872512445109e-02 1.302424821204543337e-01 6.583672289451619752e-02 4.400163619131249038e-02
9.029922036084853110e-01 2.094785273522768443e-01 9.838894678419296547e-01 1.463404115738034528e-01 8.189247014491960464e-01 1.208482453713840693e-01 1.303853306459167860e-01 6.590775270532371610e-02 1.303913605166444334e-01 6.591203789557835424e-02 4.409701655620933136e-02
9.075977855930995597e-01 2.093690429902735073e-01 9.838873236761311869e-01 1.463411925599736874e-01 8.189914245370377710e-01 1.208574200615944172e-01 1.303949276569406623e-01 6.591260644006774472e-02 1.304003966116452640e-01 6.591660683615165051e-02 4.410317031160955470e-02
