3.229547676846447057e-01 6.163567918147454527e-01 9.838387686908600660e-01 1.463502841225496620e-01 8.186933218471535989e-01 1.208165134773926119e-01 1.302925268030808992e-01 6.585622927481400712e-02 1.303687166313866885e-01 6.590123423885496656e-02 4.407719465145293336e-02
3.867960460389614497e-01 5.821519956999650081e-01 9.838707709977003724e-01 1.463573966156568040e-01 8.183189649459344794e-01 1.207650688546229173e-01 1.302887976107463541e-01 6.585784783415692123e-02 1.303200122390302251e-01 6.587628683956381348e-02 4.404411979638181429e-02
4.301384502775822405e-01 5.510313512772839761e-01 9.838745376989683766e-01 1.463458095075427789e-01 8.189226119015994287e-01 1.208480204931577789e-01 1.304019832832077341e-01 6.591734394200871039e-02 1.304038286312619865e-01 6.591843424837463827e-02 4.409759837410788530e-02
4.505588356317665744e-01 5.152230646182605067e-01 9.838716278043677654e-01 1.463421179718490672e-01 8.191134625581011353e-01 1.208742478934809045e-01 1.304294861961488861e-01 6.593135803445611398e-02 1.304296947069096269e-01 6.593149184916526073e-02 4.411450975561435894e-02
5.156274752991650834e-01 4.570370608879648633e-01 9.838723201717921585e-01 1.463402920725279388e-01 8.190924942102627559e-01 1.208713862697506219e-01 1.304174042608407524e-01 6.592465737898849099e-02 1.304193702788478959e-01 6.592614375210077704e-02 4.411192567646471385e-02
6.456951875875993618e-01 3.800841193270853013e-01 9.838833786170462226e-01 1.463259710769028998e-01 8.185369938854315519e-01 1.207951273265038122e-01 1.303156563457258110e-01 6.587151438853758312e-02 1.303170518372696873e-01 6.587348382740984554e-02 4.405862556368420752e-02
7.630305431582938835e-01 3.538368108413620372e-01 9.839024541118610578e-01 1.463001300677479743e-01 8.175236557522219671e-01 1.206559876399261044e-01 1.301752515947496025e-01 6.580030179733034612e-02 1.301623105488357857e-01 6.579371564745270518e-02 4.396401883517126602e-02
9.115554642103416150e-01 3.046409592610497818e-01 9.838932987240717187e-01 1.463189843386090427e-01 8.182348252400851729e-01 1.207536005291129505e-01 1.302952285278544675e-01 6.586250074975619206e-02 1.302865985737965138e-01 6.585776679803408140e-02 4.403188895066031255e-02
9.440531456598177940e-01 2.669421556429944498e-01 9.838813291587019672e-01 1.463405021836222120e-01 8.190795827767682891e-01 1.208695832783275304e-01 1.304183489694141218e-01 6.592536079323828291e-02 1.304203690479028288e-01 6.592677874009941763e-02 4.411124126301642356e-02
9.409721421524629426e-01 2.602908215650640567e-01 9.838816265046295140e-01 1.463413982201651753e-01 8.191205531082776936e-01 1.208752107501925160e-01 1.304239462455956955e-01 6.592821304237776736e-02 1.304264692273714443e-01 6.592992341759094932e-02 4.411505688384696755e-02
