4.652930700135426978e-01 6.424592355496142604e-01 9.838682267184775121e-01 1.463422676417466539e-01 8.191074899986844349e-01 1.208734257217920910e-01 1.304222065714245038e-01 6.592719665532210949e-02 1.304287911687303514e-01 6.593108612816224456e-02 4.411396659653822605e-02
4.646647987238635702e-01 6.071294442281680581e-01 9.838707848260904720e-01 1.463431918811982091e-01 8.190585749688690242e-01 1.208667035771095466e-01 1.304185762466691378e-01 6.592558672767750982e-02 1.304222719899543748e-01 6.592776984233669757e-02 4.410965595629085662e-02
4.663771041101773540e-01 5.519452302267811028e-01 9.838714229889922169e-01 1.463420607389932515e-01 8.191175297245802955e-01 1.208748049940313180e-01 1.304301531656320012e-01 6.593170028542338912e-02 1.304304828713822861e-01 6.593189507078993372e-02 4.411488265373306183e-02
5.007688366640609123e-01 5.244494998840105726e-01 9.838710402491789297e-01 1.463415199445232684e-01 8.191448236509140113e-01 1.208785555687175856e-01 1.304341883027661519e-01 6.593376295671600495e-02 1.304341738218980917e-01 6.593375462219390470e-02 4.411731183840986170e-02
5.457798977083326841e-01 5.039315164887010479e-01 9.838713348085634802e-01 1.463404828459879681e-01 8.191156610848292496e-01 1.208745461795520809e-01 1.304292023904217168e-01 6.593115230385471204e-02 1.304266146861577103e-01 6.592962715032198162e-02 4.411441697182301447e-02
7.710211444961366789e-01 4.338094044470100497e-01 9.838757013165335685e-01 1.463276377940100070e-01 8.187075070191954795e-01 1.208184382150669783e-01 1.303628874763566869e-01 6.589662220161379702e-02 1.303273733030871906e-01 6.587561260810559371e-02 4.407369201402356468e-02
9.195949650628028049e-01 3.910797725521799606e-01 9.838784001834816051e-01 1.463193822469116834e-01 8.184475906095161069e-01 1.207827062767418275e-01 1.303218609523374150e-01 6.587531344617597595e-02 1.302645487646113265e-01 6.584135829723958278e-02 4.404775014149203693e-02
9.618102311231807588e-01 3.577674455398138775e-01 9.838747255706227213e-01 1.463307622526540397e-01 8.188087727529226312e-01 1.208323581706151062e-01 1.303799621431802336e-01 6.590553859863462760e-02 1.303517726838400725e-01 6.588883438647950841e-02 4.408374247834312420e-02
9.876824745446221021e-01 3.324267495948192708e-01 9.838712625727668026e-01 1.463412339265601214e-01 8.191415553892300583e-01 1.208781060436081856e-01 1.304335012291581719e-01 6.593339739194882532e-02 1.304329790768685438e-01 6.593309047063818096e-02 4.411696258226145695e-02
9.884022859923173865e-01 3.322345118657491492e-01 9.838711459858060504e-01 1.463414473962394435e-01 8.191483344211230033e-01 1.208790380357061267e-01 1.304346172999783782e-01 6.593397894302881201e-02 1.304346496049405280e-01 6.593399995159106297e-02 4.411763923839687879e-02
