4.947066546727801883e-01 6.458045644369162508e-01 9.838709156111337117e-01 1.463414807349202595e-01 8.191480046300417817e-01 1.208789929616328890e-01 1.304345185822941566e-01 6.593392231307849960e-02 1.304346489978627788e-01 6.593399934827989806e-02 4.411756808788790812e-02
5.047529740803555764e-01 6.239457158465807618e-01 9.838709575627133663e-01 1.463415137217270734e-01 8.191461587560264768e-01 1.208787393034086027e-01 1.304342755337032922e-01 6.593380008112745272e-02 1.304343976485391465e-01 6.593387221460844660e-02 4.411741416692644552e-02
5.180488966668708173e-01 5.418178520193447367e-01 9.838709858908912809e-01 1.463414859544665825e-01 8.191475769472170709e-01 1.208789341379782195e-01 1.304345790598594179e-01 6.593396167841787670e-02 1.304345949812299454e-01 6.593397108166709764e-02 4.411754481700631142e-02
5.274643183168642446e-01 5.147803121836443951e-01 9.838709787376129778e-01 1.463414574309480631e-01 8.191482063492935284e-01 1.208790205280848712e-01 1.304346739051428505e-01 6.593401008465052393e-02 1.304346432730249528e-01 6.593399192446115775e-02 4.411761046093573557e-02
5.571250032766307259e-01 5.030951606931657327e-01 9.838712915847362961e-01 1.463404038948361574e-01 8.191148052433337989e-01 1.208744277850301585e-01 1.304292247317109521e-01 6.593116776513915922e-02 1.304261092735369276e-01 6.592932079406611801e-02 4.411432044078950065e-02
8.244562006855473690e-01 4.222108880393646291e-01 9.838754425893930788e-01 1.463259254003569376e-01 8.186688544337090701e-01 1.208131102977298421e-01 1.303564427868896536e-01 6.589320167721328392e-02 1.303119882861285828e-01 6.586684681157563281e-02 4.406942345108409709e-02
9.298855030716611791e-01 3.906182123629203806e-01 9.838773053462824825e-01 1.463198277791620261e-01 8.184818780502192137e-01 1.207874012543563302e-01 1.303262510728285251e-01 6.587747875041376211e-02 1.302655366450842789e-01 6.584148402255084187e-02 4.405064992082743935e-02
9.598811626719788714e-01 3.631454200872260007e-01 9.838742795065237301e-01 1.463299766857918682e-01 8.187947805752179287e-01 1.208304249123264423e-01 1.303770203990353149e-01 6.590393771926830735e-02 1.303443072537675551e-01 6.588454352432415728e-02 4.408205468602032634e-02
9.887304723201689738e-01 3.337336137702388017e-01 9.838710325799534528e-01 1.463412778263120662e-01 8.191431620996717511e-01 1.208783268597229399e-01 1.304338658223234693e-01 6.593358979263969077e-02 1.304334192202525888e-01 6.593332505584195702e-02 4.411712201620405366e-02
9.891283372119022976e-01 3.333304985686151301e-01 9.838709784114962886e-01 1.463414485237005125e-01 8.191484226364014187e-01 1.208790501819852065e-01 1.304347121976387192e-01 6.593403028441049973e-02 1.304347110599473891e-01 6.593402962722992589e-02 4.411764539196672691e-02
