4.600419313023840773e-01 7.321378517025924071e-02 9.839773153316122567e-01 1.463482433961195428e-01 8.189659907652100390e-01 1.208538999686484261e-01 1.303505628653481574e-01 6.588627470343774717e-02 1.304095337799040522e-01 6.592134657414644439e-02 4.410085839220698883e-02
4.763637137176713887e-01 1.060966694709167546e-01 9.839749291975071754e-01 1.463466994606275329e-01 8.190077539256229722e-01 1.208596578433415170e-01 1.303936821590070683e-01 6.591160558367895050e-02 1.304162662784926763e-01 6.592490387552331355e-02 4.410497361594680615e-02
5.083366001712322779e-01 1.981099740860494673e-01 9.839580911395747753e-01 1.463425368814736949e-01 8.191209625305490016e-01 1.208752664752006517e-01 1.304909880702302127e-01 6.596841967256369954e-02 1.304352935831064042e-01 6.593486811410126380e-02 4.411762980876204887e-02
5.053747271368909111e-01 2.212894220914746746e-01 9.839558107919930130e-01 1.463422647871808757e-01 8.191275280778771428e-01 1.208761788417546945e-01 1.304942919228775366e-01 6.597013626763108263e-02 1.304354949349535997e-01 6.593498101006654843e-02 4.412017621383040183e-02
4.753464672194662177e-01 2.370718964441579646e-01 9.839139823195339751e-01 1.463418436342978635e-01 8.191242759370794824e-01 1.208758920549789229e-01 1.304222141904842203e-01 6.592791774950279571e-02 1.304162801016190976e-01 6.592509342588984134e-02 4.411878754580748213e-02
4.502360978123900459e-01 2.463827547493044334e-01 9.838831571900403805e-01 1.463420026900404958e-01 8.191124635847547575e-01 1.208750093239986251e-01 1.303705658903046849e-01 6.589779823861673103e-02 1.304016565852692267e-01 6.591765729603567270e-02 4.411676468482723934e-02
4.296362566090708435e-01 2.586258001065421808e-01 9.838888990665751733e-01 1.463490891706376029e-01 8.189807314050147058e-01 1.208599046484295086e-01 1.303844713510195208e-01 6.590685704114300492e-02 1.304070648619032879e-01 6.592123192438328894e-02 4.410765657976359333e-02
4.023481046735078448e-01 2.731248313983237197e-01 9.838962341339675399e-01 1.463561315331292911e-01 8.188918517251794205e-01 1.208474396744470825e-01 1.304107522941246322e-01 6.592286493917891288e-02 1.304199190313638235e-01 6.592874851443977779e-02 4.410024398807800561e-02
3.750825022957618438e-01 2.770538183820077105e-01 9.839161774723539367e-01 1.463490210788611079e-01 8.190206579049168489e-01 1.208631484819017027e-01 1.304461182654071127e-01 6.594290035437785913e-02 1.304308620154674969e-01 6.593366433942360327e-02 4.410884436291045985e-02
3.511893711479167068e-01 2.772764191882530760e-01 9.839378894394883446e-01 1.463421455674154548e-01 8.191372427887545493e-01 1.208776870238230522e-01 1.304796545780010919e-01 6.596205615434422298e-02 1.304396810360285985e-01 6.593755328766182089e-02 4.411682593438684408e-02
