4.685730294468076207e-01 8.257023474861786838e-02 9.839941668269128749e-01 1.463709043681500899e-01 8.183538207265527165e-01 1.207695057822364554e-01 1.302833055738386592e-01 6.585373027091580289e-02 1.303261663302043016e-01 6.587925099326692735e-02 4.404468383589954517e-02
4.976008974395024764e-01 1.457943467812295169e-01 9.839706837762045577e-01 1.463546442307951390e-01 8.187935284664518143e-01 1.208301262809515358e-01 1.304052278585469404e-01 6.592138789110982278e-02 1.303885038677794206e-01 6.591103179325052963e-02 4.408521037586435320e-02
5.162294057959062599e-01 1.972289300319469141e-01 9.839523666959998360e-01 1.463459239634169184e-01 8.190355374475448702e-01 1.208635010576597502e-01 1.304818958407367446e-01 6.596432427380953534e-02 1.304235493795990741e-01 6.592893099383019540e-02 4.410816640627128471e-02
5.133338502099604739e-01 2.188038696303833408e-01 9.839461846745072293e-01 1.463511428019860783e-01 8.188923646532506595e-01 1.208439169067965363e-01 1.304494840686133417e-01 6.594649860546625275e-02 1.304042930692475011e-01 6.591908018406232583e-02 4.409736773591571568e-02
4.987088385634615428e-01 2.428238672380446939e-01 9.839152708914534751e-01 1.463463134802281962e-01 8.188566440804826430e-01 1.208414115306851583e-01 1.303901635698697103e-01 6.591167105028378215e-02 1.304050616652146222e-01 6.591912748356332230e-02 4.410450062643257729e-02
4.669880219640905050e-01 2.505826062649621488e-01 9.839141160852823420e-01 1.463478198662747365e-01 8.185148727316663431e-01 1.208101018022866707e-01 1.303257232089319873e-01 6.587679381113123456e-02 1.303817283438683527e-01 6.590725290345521292e-02 4.409711859108510212e-02
4.325966457460788672e-01 2.666832687739857932e-01 9.839337470365850935e-01 1.463852784425041242e-01 8.175808756445488434e-01 1.207301206424285511e-01 1.302677025328184135e-01 6.584894358744822207e-02 1.303016215360273122e-01 6.586750198667044864e-02 4.403628601744057763e-02
3.922937489860010007e-01 2.904320431630356691e-01 9.839222503514110096e-01 1.464004262074991569e-01 8.177761409586001840e-01 1.207500412970947817e-01 1.303125665992939941e-01 6.587313323773671958e-02 1.303186269283180543e-01 6.587700751924913112e-02 4.403569584036239049e-02
3.605261042400886851e-01 3.061286998766801215e-01 9.838999292608613390e-01 1.463609478016921761e-01 8.187538505019175128e-01 1.208413604290626414e-01 1.304003169784050398e-01 6.591755065538598690e-02 1.303929174187684059e-01 6.591375348841557735e-02 4.409322494406488907e-02
3.459561304992604946e-01 3.047309594029297131e-01 9.838985448738328810e-01 1.463431076975089673e-01 8.191160788132965109e-01 1.208760185991311908e-01 1.304305151953149555e-01 6.593297351819481233e-02 1.304053646942351652e-01 6.591866787414199513e-02 4.411535665922651506e-02
