5.484928228289138730e-01 1.255604908553880905e-01 9.839955416073775663e-01 1.463792297316687252e-01 8.180387793220714743e-01 1.207260858776765255e-01 1.302765907954419877e-01 6.585381897969989906e-02 1.302819332505037453e-01 6.585695458746852748e-02 4.401603710942790515e-02
5.584036764070751113e-01 1.778924182112756047e-01 9.839671145280461939e-01 1.463565789878556733e-01 8.186688332931256751e-01 1.208129556271001354e-01 1.304003305502567656e-01 6.592018042471305128e-02 1.303711150159152510e-01 6.590223993091982868e-02 4.407379577772681939e-02
5.331262287700533342e-01 2.013674136393470149e-01 9.839599747520940687e-01 1.463585172593417916e-01 8.186962917174640531e-01 1.208168459726596533e-01 1.304196994804980025e-01 6.593141923128151283e-02 1.303765554626198364e-01 6.590505410146256515e-02 4.407658079407168056e-02
5.235209410794525731e-01 2.316654317889346171e-01 9.839354878015890149e-01 1.463754208616689090e-01 8.182236778444222924e-01 1.207534756233060169e-01 1.303260894087630017e-01 6.588099064822003359e-02 1.303162853112123931e-01 6.587434110049417146e-02 4.403724943668433506e-02
5.209289192774595456e-01 2.499660464999692300e-01 9.839139541471214612e-01 1.463605627501943229e-01 8.182540469429172569e-01 1.207693843604710354e-01 1.303161121160299474e-01 6.587356920601324106e-02 1.303550203293409870e-01 6.589372404307382303e-02 4.406499692191418599e-02
5.032895483555568372e-01 2.583889442845545004e-01 9.839791212305417645e-01 1.464003999604309159e-01 8.156991063758478600e-01 1.205063791422492925e-01 1.300510248984362294e-01 6.573943660522252319e-02 1.301691010425896078e-01 6.579965397602888233e-02 4.394903705857947096e-02
4.398495399346810109e-01 2.966127543986866177e-01 9.840814594064707377e-01 1.465335461960767804e-01 8.110874462783518313e-01 1.200710558863878619e-01 1.296294306684503961e-01 6.552706884637897466e-02 1.297080284955414997e-01 6.556689917855341998e-02 4.365641747114935856e-02
3.751776710342940024e-01 3.274611148037910313e-01 9.839562273147173244e-01 1.464288045726147292e-01 8.161298219150063815e-01 1.206308768333926168e-01 1.301879653123994840e-01 6.580952368557090038e-02 1.301938726161483151e-01 6.581321667645287365e-02 4.396290744145135015e-02
3.484589533186463473e-01 3.309065271455527424e-01 9.838816758424078213e-01 1.463522565012880527e-01 8.188292873670951488e-01 1.208610108827326418e-01 1.303980325037462917e-01 6.591440279240096123e-02 1.304013228889413789e-01 6.591748770521778378e-02 4.410576628859943366e-02
3.395587717467095645e-01 3.301696522391330268e-01 9.838677361624279527e-01 1.463421429799012519e-01 8.191300512660522060e-01 1.208782093425972981e-01 1.303902522573807954e-01 6.590873913864846168e-02 1.303864461264781227e-01 6.590803915196011276e-02 4.411659928978355766e-02
