7.988458051800071402e-01 1.922776413153051145e-01 9.839258851257525196e-01 1.463465532926080670e-01 8.185070019344592440e-01 1.207906740698065223e-01 1.303311075140369257e-01 6.588109467533261043e-02 1.303399578425558369e-01 6.588613534364802515e-02 4.405878142503430461e-02
7.911343255716932754e-01 2.053459953997902598e-01 9.839278682677896626e-01 1.463448851832620801e-01 8.185601153770755145e-01 1.207980045337759961e-01 1.303451177383442849e-01 6.588898852258456840e-02 1.303528839728606281e-01 6.589282057050542540e-02 4.406357559559752335e-02
6.999868303894594135e-01 2.129423915025511482e-01 9.839424121118443001e-01 1.463587860593655865e-01 8.183707481144046891e-01 1.207723616070575934e-01 1.303315983803342570e-01 6.588308841694107132e-02 1.303289663763365636e-01 6.588077529556322920e-02 4.404665313410775773e-02
5.650407356207863829e-01 2.504275690080604022e-01 9.839351291694551360e-01 1.463926551934489895e-01 8.176077222826074742e-01 1.206763250283514194e-01 1.302258315414433487e-01 6.582825278810133796e-02 1.302343886701200215e-01 6.583278861381475222e-02 4.398592627129489785e-02
5.434191267910263301e-01 2.642217232525507220e-01 9.839431004989772633e-01 1.464039301367577317e-01 8.168051008666025181e-01 1.206096099428288354e-01 1.301507540405251462e-01 6.578937720008568024e-02 1.301878652669005709e-01 6.580919518685673930e-02 4.395684408590608272e-02
5.247691387723273371e-01 2.861798604226398757e-01 9.840726060710475176e-01 1.465294620463181985e-01 8.113530501007265583e-01 1.200347614441460153e-01 1.295847979532510075e-01 6.550348883385545551e-02 1.296699823471066382e-01 6.554740220739284362e-02 4.363055461276605512e-02
4.614476427717719709e-01 3.566032195499566626e-01 9.841484850212415258e-01 1.466497520169876001e-01 8.072616299353324587e-01 1.195567090086711859e-01 1.291222997780045734e-01 6.527037490299573974e-02 1.291642678489422491e-01 6.529185522420717647e-02 4.331936405467395890e-02
4.126610562392926118e-01 3.754500326690505263e-01 9.839625079502760663e-01 1.464425907626151768e-01 8.153880750631528063e-01 1.204867521522034746e-01 1.300413892467072174e-01 6.573488477964757604e-02 1.300479710077742934e-01 6.573891569692127956e-02 4.387586491418933587e-02
3.544879978639318696e-01 3.530108617440537166e-01 9.838795283751002874e-01 1.463505825621947143e-01 8.188145326831465232e-01 1.208534843484553312e-01 1.303772771441358280e-01 6.590255328070589169e-02 1.303959580442266564e-01 6.591451172332681019e-02 4.410161464445017110e-02
3.300312004303434521e-01 3.491274309936485687e-01 9.838665746376197285e-01 1.463418751581337385e-01 8.191344050495303897e-01 1.208783842467461289e-01 1.303730579268633505e-01 6.589809481178353356e-02 1.304021559794035778e-01 6.591648004332784083e-02 4.411694353198413604e-02
