8.595514278773610517e-01 1.916166543419217660e-01 9.839025528376356133e-01 1.463415994959044175e-01 8.185633638630440689e-01 1.207984468668249906e-01 1.303248173063386861e-01 6.587642819611923273e-02 1.303370369424440012e-01 6.588438626405106191e-02 4.406382048242035027e-02
8.401510672910487143e-01 2.052447747381249132e-01 9.839148340663823600e-01 1.463424066400997037e-01 8.185357084625255464e-01 1.207946397151377499e-01 1.303318570222036510e-01 6.588134794511418812e-02 1.303453808784396650e-01 6.588891279785620558e-02 4.406127016749442071e-02
8.080872340023526057e-01 2.214755796522640818e-01 9.839163722576460547e-01 1.463440379442280392e-01 8.185289469497911696e-01 1.207938641656544909e-01 1.303308259743757302e-01 6.588094464786209414e-02 1.303443212852137822e-01 6.588842611760305223e-02 4.406040665736690731e-02
6.610567549873896942e-01 3.072068340453587565e-01 9.838884409644601536e-01 1.463520544993268113e-01 8.186718261093346438e-01 1.208168234907976563e-01 1.303221789394803376e-01 6.587397625944275970e-02 1.303379548164459445e-01 6.588484539491512582e-02 4.407360935310704331e-02
6.435703646933659261e-01 3.201359202968511175e-01 9.838882444850638453e-01 1.463581306001093818e-01 8.185475244669456751e-01 1.208113250620187901e-01 1.303120591069129031e-01 6.586846388905773231e-02 1.303293599005889702e-01 6.588044520671244852e-02 4.407080410835174239e-02
6.119287143601116474e-01 3.329794284265449322e-01 9.839367210386520401e-01 1.464104061046400118e-01 8.165427964807097094e-01 1.205966598940270557e-01 1.301108669629769676e-01 6.576746900149670061e-02 1.301302333831323710e-01 6.577985361088677096e-02 4.394050306181225551e-02
4.927856924282640327e-01 4.015652130513213125e-01 9.839693195067388265e-01 1.464581612727217652e-01 8.148301981189590704e-01 1.203793941114704447e-01 1.299326761850419509e-01 6.567973189072762175e-02 1.299393872680860151e-01 6.568359849677164741e-02 4.380983814471677701e-02
4.542264175418648242e-01 4.223185883078684477e-01 9.839018847573970383e-01 1.463788219790586320e-01 8.177683365676823302e-01 1.207174013140789870e-01 1.302714958637461173e-01 6.585125563074732680e-02 1.302743971833233982e-01 6.585301129709340839e-02 4.401782364929751612e-02
3.840038297811875778e-01 4.127772074786459355e-01 9.838750888155748386e-01 1.463510130015334976e-01 8.187519790226095440e-01 1.208323199189602903e-01 1.303569853434700665e-01 6.589211527816757341e-02 1.303813031834600566e-01 6.590687134330303065e-02 4.408819839282882014e-02
3.067068476667996757e-01 4.052459193425640982e-01 9.838616812273611734e-01 1.463438277112824870e-01 8.190350928551858312e-01 1.208643999672127656e-01 1.303514940964937696e-01 6.588619625405831015e-02 1.304030765610186826e-01 6.591740891814365511e-02 4.410816611895965883e-02
