8.881820926873776889e-01 1.891630651806277263e-01 9.838895819377598828e-01 1.463409513963596364e-01 8.187213899526183392e-01 1.208202165910863268e-01 1.303433456562004822e-01 6.588517488058864835e-02 1.303525997868427155e-01 6.589212325959563354e-02 4.407834502326474918e-02
8.694546049120597253e-01 1.972962089325924762e-01 9.838999969353167119e-01 1.463413045921626854e-01 8.186495995604355924e-01 1.208103327888977174e-01 1.303400684837941470e-01 6.588441487163848587e-02 1.303509292729598534e-01 6.589148046392526159e-02 4.407173373578131964e-02
7.943883364046278039e-01 2.387240983407743211e-01 9.839061668249843295e-01 1.463349402344187034e-01 8.184468020920470099e-01 1.207825822589168319e-01 1.303083073933026248e-01 6.586849246386447532e-02 1.303219118199435145e-01 6.587694298239787916e-02 4.405206916379997284e-02
6.565444986868402832e-01 3.211142916969740857e-01 9.838798624444515806e-01 1.463351933188864751e-01 8.188386789198005555e-01 1.208366902038512519e-01 1.303343535827966582e-01 6.587960498241632323e-02 1.303505425248734084e-01 6.589115896670280637e-02 4.408578058434836633e-02
6.520314979097909802e-01 3.239243607698540917e-01 9.838742982577620699e-01 1.463407280771388264e-01 8.190804805528197896e-01 1.208701652628159234e-01 1.303667091247323606e-01 6.589587685707685993e-02 1.303828789727978776e-01 6.590747826836509948e-02 4.410819563607136506e-02
6.413441899685090597e-01 3.312616636110125579e-01 9.838763855764309785e-01 1.463449920081912603e-01 8.189962760488445070e-01 1.208622069229460527e-01 1.303632871134930427e-01 6.589442673139919715e-02 1.303783232612413523e-01 6.590519524761724590e-02 4.410375234578519515e-02
5.299807105758634895e-01 4.074243332320067190e-01 9.838881486357283768e-01 1.463611368908509514e-01 8.183898562209286354e-01 1.207886094769455576e-01 1.303277297042926552e-01 6.587882386133531165e-02 1.303332042633397470e-01 6.588261027355703237e-02 4.406047630254444902e-02
4.469219938603950504e-01 4.596520645692521723e-01 9.838879688643750177e-01 1.463641717714175006e-01 8.180820299348656732e-01 1.207380447892905384e-01 1.302833058889217022e-01 6.585663117737206029e-02 1.302936700006869231e-01 6.586278736139210277e-02 4.402789236740446005e-02
3.284149033671749374e-01 5.308691103595117866e-01 9.838689514612923848e-01 1.463727948766826437e-01 8.175288955716262240e-01 1.206574139953842245e-01 1.301431470632604115e-01 6.578125102435269933e-02 1.302097626433655619e-01 6.582068683942927934e-02 4.397500555885277412e-02
2.585759183545825457e-01 5.740307769566569407e-01 9.838297035883183383e-01 1.463534982398988771e-01 8.185272670819581098e-01 1.207937464585890075e-01 1.302400080495049461e-01 6.582731491562188175e-02 1.303422925719739667e-01 6.588785684732162418e-02 4.406253707477854331e-02
