9.076170545190850314e-01 2.094020462931159843e-01 9.838872978157097160e-01 1.463411925089758148e-01 8.189909903341678898e-01 1.208573602432211347e-01 1.303949039607258664e-01 6.591259805627147639e-02 1.304003540433001929e-01 6.591658573657885323e-02 4.410313040106174365e-02
9.029710352261535178e-01 2.094761894189006435e-01 9.838895161489560337e-01 1.463404069080848635e-01 8.189226538345869555e-01 1.208479632837072271e-01 1.303850477439991162e-01 6.590761024397789880e-02 1.303910803525228368e-01 6.591189600667149429e-02 4.409682830061015940e-02
8.088618472460303854e-01 2.513678775008394983e-01 9.839083052295065634e-01 1.463152500141171319e-01 8.178838920916627897e-01 1.207053960813592869e-01 1.302294799875332587e-01 6.582825956929788669e-02 1.302397860756614734e-01 6.583536211794821513e-02 4.399982094774265717e-02
6.577285139836016592e-01 3.223835438889325333e-01 9.838966383934660831e-01 1.463132400012070178e-01 8.179780204892378448e-01 1.207184304995844865e-01 1.302167869671316813e-01 6.582019794642755828e-02 1.302327735888792470e-01 6.583166192468646594e-02 4.400630179432516581e-02
6.514768984739773838e-01 3.251971416801869852e-01 9.838785829056815313e-01 1.463345802731914891e-01 8.188621487034846158e-01 1.208398056948057631e-01 1.303368703764803682e-01 6.588082460338395840e-02 1.303529445082119986e-01 6.589236061113341869e-02 4.408779566419648160e-02
6.244883987081392140e-01 3.531153853624898753e-01 9.838741588733738164e-01 1.463405475987525906e-01 8.190714120823094913e-01 1.208688648052432674e-01 1.303746343641187522e-01 6.590047101182507083e-02 1.303882607082668954e-01 6.591024782912607849e-02 4.410794465444196205e-02
4.760805906238677609e-01 5.032933030322319645e-01 9.838755075093441604e-01 1.463459604069686226e-01 8.189147588750200768e-01 1.208475482246857552e-01 1.303937972348367946e-01 6.591272065587790163e-02 1.303971445317566313e-01 6.591499175970333413e-02 4.409700808527144966e-02
4.161757748345871755e-01 5.537954736468782002e-01 9.838884778186178792e-01 1.463640258029589025e-01 8.179700197913065685e-01 1.207172315483351632e-01 1.302617137339791842e-01 6.584566781399692204e-02 1.302734179963163930e-01 6.585258847485880862e-02 4.401346343881826911e-02
3.091424519860595521e-01 5.902387455560819118e-01 9.838719166328976362e-01 1.463830658582707112e-01 8.169778347652396633e-01 1.205807821999294593e-01 1.300556101686633492e-01 6.573625074833996940e-02 1.301346161377307242e-01 6.578292515682561403e-02 4.392541831681883585e-02
2.551528898189173167e-01 6.068779718176995353e-01 9.838222161537946153e-01 1.463538092865454832e-01 8.185056000595501979e-01 1.207907151999322304e-01 1.302273975375971560e-01 6.582037464951910610e-02 1.303410700996875393e-01 6.588752633368932798e-02 4.406066673267933220e-02
