9.410543423853457989e-01 2.604156499318568407e-01 9.838816125727730677e-01 1.463413974354710601e-01 8.191201959243795683e-01 1.208751615358652359e-01 1.304239091894486002e-01 6.592819546410678966e-02 1.304264270360957489e-01 6.592990191421242707e-02 4.411502423658818922e-02
9.441480736548938379e-01 2.670964106644639346e-01 9.838813399067801724e-01 1.463404942384860796e-01 8.190790379784389508e-01 1.208695081560053203e-01 1.304182822171606471e-01 6.592532785272027518e-02 1.304203060146501836e-01 6.592674649948734866e-02 4.411119127153993735e-02
9.119231259022185787e-01 3.046561328357518805e-01 9.838938900172117252e-01 1.463182618821890213e-01 8.182053044787941376e-01 1.207495463327370733e-01 1.302911736973766665e-01 6.586044968369987596e-02 1.302825546411714996e-01 6.585572335636576125e-02 4.402916518986366157e-02
7.674456753725553693e-01 3.527881561185300385e-01 9.839036328234751494e-01 1.462985917118753143e-01 8.174643825330154545e-01 1.206478488276141181e-01 1.301665152790889568e-01 6.579584192289597566e-02 1.301534409797318326e-01 6.578919792669354893e-02 4.395849177729067164e-02
6.623079454941975808e-01 3.781827246349765970e-01 9.838847194051061340e-01 1.463242314418150836e-01 8.184702632278757495e-01 1.207859704625927205e-01 1.303028912013503016e-01 6.586481979345185089e-02 1.303043465073476792e-01 6.586694403439374845e-02 4.405218304516574090e-02
5.342896228284281790e-01 4.803388336417828142e-01 9.838729915701465156e-01 1.463396968705975298e-01 8.190631809163356758e-01 1.208673744446372156e-01 1.304089895143737965e-01 6.592011733777192184e-02 1.304117624878678161e-01 6.592223128784226172e-02 4.410895250083542857e-02
4.476322796569695561e-01 5.501929543806086675e-01 9.838719624601571789e-01 1.463424536054939995e-01 8.190947856279283679e-01 1.208716823858834305e-01 1.304266298335133023e-01 6.592989338511268116e-02 1.304269810721425948e-01 6.593011950108353114e-02 4.411284972813824673e-02
4.271617460685330214e-01 5.619094486475277872e-01 9.838751296224192977e-01 1.463465303066592005e-01 8.188838656601794552e-01 1.208426951092372026e-01 1.303963294959157027e-01 6.591445874957729822e-02 1.303985262078610485e-01 6.591575677931413302e-02 4.409419406683992571e-02
3.838206165636411926e-01 5.853217704617483808e-01 9.838713103220720901e-01 1.463586296458000424e-01 8.182528029482128984e-01 1.207559753195556196e-01 1.302782304361714549e-01 6.585239176697321728e-02 1.303109120976845836e-01 6.587169766745319677e-02 4.403830409793682565e-02
3.223165449196072063e-01 6.166977461144284023e-01 9.838388321966046179e-01 1.463504597233333537e-01 8.186821083302630031e-01 1.208149713124820890e-01 1.302906732222964548e-01 6.585526730590104960e-02 1.303671644688084441e-01 6.590045095724682278e-02 4.407625104587488407e-02
