9.884058886427696811e-01 3.322399615036500387e-01 9.838711438398523024e-01 1.463414473322314224e-01 8.191483346580977765e-01 1.208790380645105439e-01 1.304346181190137732e-01 6.593397941248667349e-02 1.304346498690299727e-01 6.593400008936770029e-02 4.411763931819494278e-02
9.876883856313387611e-01 3.324362493090521897e-01 9.838712680916095188e-01 1.463412224854905019e-01 8.191411957899225049e-01 1.208780565998012480e-01 1.304334531423441690e-01 6.593337315742855975e-02 1.304329303647504823e-01 6.593306583462964221e-02 4.411692995027445552e-02
9.618132523575037007e-01 3.578050548542825449e-01 9.838750821183918083e-01 1.463301830511889723e-01 8.187909947697716850e-01 1.208299136327040113e-01 1.303775295953459312e-01 6.590430825241977431e-02 1.303493327515410916e-01 6.588760027127585350e-02 4.408210877405516898e-02
9.199736658354729091e-01 3.910507496711370101e-01 9.838789522452949798e-01 1.463185002476148633e-01 8.184201536272880384e-01 1.207789340008713491e-01 1.303181030060212020e-01 6.587341244865778378e-02 1.302607827828188014e-01 6.583945379989548929e-02 4.404522821141242800e-02
7.727667873935955001e-01 4.346711642835580092e-01 9.838761301673786264e-01 1.463269205081216828e-01 8.186849927576111963e-01 1.208153432997137872e-01 1.303597213597949278e-01 6.589501324944685434e-02 1.303240075276437815e-01 6.587388741002428438e-02 4.407159878009728887e-02
5.457388736081629776e-01 5.077257661249725551e-01 9.838713855186529411e-01 1.463403977821002289e-01 8.191129680972447646e-01 1.208741762895927524e-01 1.304288187143329836e-01 6.593095695155355707e-02 1.304262021135145222e-01 6.592941521510814473e-02 4.411416518421919924e-02
5.011286948202017255e-01 5.275024055851177396e-01 9.838710501167330369e-01 1.463415267893263538e-01 8.191442915508546641e-01 1.208784825287995135e-01 1.304341133649137008e-01 6.593372488336160520e-02 1.304340985033733136e-01 6.593371640273566758e-02 4.411726445329575835e-02
4.675628326410721791e-01 5.539868440657412796e-01 9.838715035574910894e-01 1.463421578190567396e-01 8.191124363374984174e-01 1.208741050728391053e-01 1.304294156858547271e-01 6.593132432548798327e-02 1.304297862023829357e-01 6.593154323896015245e-02 4.411443191374437439e-02
4.648098562422369739e-01 6.097237500167936863e-01 9.838708677843520656e-01 1.463433769433139520e-01 8.190488377854741042e-01 1.208653654648391279e-01 1.304170285552165576e-01 6.592478811944690875e-02 1.304209333444266983e-01 6.592709474800501068e-02 4.410879494803398443e-02
4.649422042640835029e-01 6.429036936046408357e-01 9.838682205470365982e-01 1.463422961611690609e-01 8.191057864050436121e-01 1.208731915084128444e-01 1.304218950995973403e-01 6.592703326978457956e-02 1.304285543295832239e-01 6.593096687780097831e-02 4.411382074800001413e-02
