9.891283673761315232e-01 3.333304506452466343e-01 9.838709784576206152e-01 1.463414483595417981e-01 8.191484184668831325e-01 1.208790496007783738e-01 1.304347116356203151e-01 6.593403000992534291e-02 1.304347105198634393e-01 6.593402935678389920e-02 4.411764602382970551e-02
9.887327870566540167e-01 3.337313139835124676e-01 9.838710238165947475e-01 1.463412925682233134e-01 8.191436174176018881e-01 1.208783894615922117e-01 1.304339286058861513e-01 6.593362159850608972e-02 1.304334833138371119e-01 6.593335758475021846e-02 4.411716463024048518e-02
9.598693420618874539e-01 3.631594696334989325e-01 9.838746080423321771e-01 1.463294509686507983e-01 8.187785838216659062e-01 1.208281978658574118e-01 1.303748095026228682e-01 6.590282012957598967e-02 1.303420885862076606e-01 6.588342153886439512e-02 4.408056980598767938e-02
9.299186495156330778e-01 3.906091666702334320e-01 9.838776072967992947e-01 1.463193529831901818e-01 8.184672471285806550e-01 1.207853895144798961e-01 1.303242565135765141e-01 6.587647081325821719e-02 1.302635349496748807e-01 6.584047154837745219e-02 4.404931862251416225e-02
8.248842370819389203e-01 4.221224370925880653e-01 9.838758801263732812e-01 1.463252162528835276e-01 8.186469910951892359e-01 1.208101041223149236e-01 1.303534430145882050e-01 6.589168372078303693e-02 1.303089462371601615e-01 6.586530446449928577e-02 4.406741308578503852e-02
5.572780116231935699e-01 5.031832757304227632e-01 9.838713398708310853e-01 1.463403232780159102e-01 8.191123121748437041e-01 1.208740849950337565e-01 1.304288789931941361e-01 6.593099245410524722e-02 1.304257448751608428e-01 6.592913448438268709e-02 4.411409033667892249e-02
5.278607985662814306e-01 5.149546154209110327e-01 9.838709797269061808e-01 1.463414562025963650e-01 8.191481531981417152e-01 1.208790132121722039e-01 1.304346664545179280e-01 6.593400628947612696e-02 1.304346351903642454e-01 6.593398775614746354e-02 4.411760576408342571e-02
5.198547541995530707e-01 5.427611651720956054e-01 9.838709886151368877e-01 1.463414890974700233e-01 8.191474088564929534e-01 1.208789110429209918e-01 1.304345550254693287e-01 6.593394942245246748e-02 1.304345719371369783e-01 6.593395941144993000e-02 4.411752991873521546e-02
5.049061141264561403e-01 6.252848884342406821e-01 9.838709605260576030e-01 1.463415190934253263e-01 8.191458878895669926e-01 1.208787020857820110e-01 1.304342338756653841e-01 6.593377869937071256e-02 1.304343604782543242e-01 6.593385348475161445e-02 4.411738934480343571e-02
4.943384962800727589e-01 6.461235873424525655e-01 9.838709150938411696e-01 1.463414817298752113e-01 8.191479515062393135e-01 1.208789856577273669e-01 1.304345082344441631e-01 6.593391686519649297e-02 1.304346415772763279e-01 6.593399563061815016e-02 4.411756315450988258e-02
