3.502215283054547768e-01 2.755033348570293805e-01 9.839435638413005503e-01 1.463487540339257487e-01 8.190337846227154772e-01 1.208632811775168792e-01 1.304693136488497551e-01 6.595720509864994030e-02 1.304268966669455687e-01 6.593113634003409940e-02 4.410713139623478191e-02
3.749491522561560486e-01 2.746803809736740321e-01 9.839254185320891466e-01 1.463706825382553312e-01 8.186853460810989969e-01 1.208158227688081593e-01 1.304016733852524090e-01 6.592064210956138925e-02 1.303844757466236792e-01 6.591014146264530249e-02 4.407726210054267041e-02
4.019613413299301108e-01 2.724495804338581406e-01 9.838916781613669116e-01 1.463491754270010714e-01 8.190226972205469913e-01 1.208627182298160768e-01 1.304262490318036927e-01 6.593064572859240469e-02 1.304366926527769366e-01 6.593728581119413790e-02 4.411083937554961115e-02
4.295934750962589477e-01 2.573599373399111379e-01 9.838824682242124364e-01 1.463421942208043558e-01 8.191345178988482800e-01 1.208776643752058622e-01 1.303984584601683983e-01 6.591355922410516155e-02 1.304220592626519071e-01 6.592881272311847118e-02 4.411838221369940999e-02
4.493183000949547701e-01 2.455744406211663455e-01 9.838781565167087351e-01 1.463414815049199902e-01 8.191482964810032907e-01 1.208790527577162099e-01 1.303691640841180277e-01 6.589652504315489379e-02 1.304016665635862326e-01 6.591764969672857244e-02 4.411737217368093961e-02
4.745597806006682240e-01 2.369673861820798533e-01 9.839145515883863657e-01 1.463416885515573529e-01 8.191432211529887653e-01 1.208783415051087190e-01 1.304242000994918771e-01 6.592879440583197803e-02 1.304168503705470938e-01 6.592535348529113270e-02 4.411935907283968256e-02
5.056994255172613251e-01 2.220837279546963583e-01 9.839595236420788371e-01 1.463425608148230250e-01 8.191201854075634836e-01 1.208751595595140976e-01 1.304967092374127724e-01 6.597159568281908693e-02 1.304351441052543914e-01 6.593479354419078120e-02 4.411980219443038809e-02
5.086993463216414879e-01 1.985297648616956567e-01 9.839713624763233302e-01 1.463580325320590347e-01 8.187023815847804808e-01 1.208175590803229615e-01 1.304380749166304532e-01 6.594201489957400575e-02 1.303784219877906492e-01 6.590611859729790523e-02 4.407931686805983268e-02
4.751933314746164538e-01 9.815284300859190847e-02 9.840052069777116550e-01 1.463842612534133336e-01 8.179941638856517150e-01 1.207199224956966022e-01 1.302540372551960202e-01 6.584074951747234672e-02 1.302779978170808262e-01 6.585498363077764428e-02 4.401175608211783247e-02
4.594575902243777654e-01 7.222812218632318482e-02 9.839799584927023668e-01 1.463520818337782359e-01 8.188624212990275320e-01 1.208396216462787609e-01 1.303344417349580064e-01 6.587792444724022145e-02 1.303955078019350677e-01 6.591424436377878171e-02 4.409133834241994038e-02
