3.451904728492924956e-01 2.987607059103723484e-01 9.839041520263448470e-01 1.463464096211583576e-01 8.190679790119734793e-01 1.208686100323692891e-01 1.304248660456670816e-01 6.593047844846065819e-02 1.303902749103526271e-01 6.591053525920917422e-02 4.411028290922180267e-02
3.677436971545136601e-01 2.903272774023623604e-01 9.839091971323765673e-01 1.463674989436281604e-01 8.186492126822838555e-01 1.208296956323155480e-01 1.303910305188911711e-01 6.591330003397470605e-02 1.303732238006557187e-01 6.590320593838132346e-02 4.408565432331949113e-02
4.040912405697770771e-01 2.766357097424297362e-01 9.839059556163294307e-01 1.463616952713734654e-01 8.185871417681456208e-01 1.208478019880868531e-01 1.304122897558957495e-01 6.592381976911312891e-02 1.304171259744092148e-01 6.592709293145845861e-02 4.410020240581236095e-02
4.332779475120703272e-01 2.626679503057804954e-01 9.839099517793018501e-01 1.463528520728772653e-01 8.187402547234087224e-01 1.208472440621741889e-01 1.303828147138847982e-01 6.590727974059380767e-02 1.303979691496911508e-01 6.591632037121757104e-02 4.410101111961702014e-02
4.643089713182435574e-01 2.484901909618126570e-01 9.839018713722593734e-01 1.463435302709097108e-01 8.190483862255829584e-01 1.208679778139221950e-01 1.303765100905632801e-01 6.590225681355653398e-02 1.304043060951043387e-01 6.591864051169687988e-02 4.411426993155535131e-02
4.986728286257077758e-01 2.434972128372247524e-01 9.839112856195695311e-01 1.463463460373454483e-01 8.190128079341375544e-01 1.208609371046708986e-01 1.304059932759830953e-01 6.591944029056151511e-02 1.304099067244662014e-01 6.592152929473772682e-02 4.410805650959738478e-02
5.132226757312854382e-01 2.174693144681260903e-01 9.839499003155697254e-01 1.463529464211064945e-01 8.188596165159611751e-01 1.208392891924867790e-01 1.304483095905706325e-01 6.594622328505782283e-02 1.303989412393078973e-01 6.591638803972078853e-02 4.409349991533818847e-02
5.166464430842708788e-01 1.956193263740785837e-01 9.839557778220564543e-01 1.463494497462207167e-01 8.189396688208269159e-01 1.208502798582506282e-01 1.304720072084595839e-01 6.595968430637212665e-02 1.304105535480827305e-01 6.592236970817284825e-02 4.409910250319482028e-02
4.977764329311738511e-01 1.439933890259179339e-01 9.839760992536573658e-01 1.463601350568441706e-01 8.186456083495978753e-01 1.208097327341235150e-01 1.303876794259833383e-01 6.591277536670793469e-02 1.303681351701050373e-01 6.590073386402889311e-02 4.407154333444233962e-02
4.652268353273376622e-01 7.778371984750000190e-02 9.839768434635063343e-01 1.463488330949054284e-01 8.189497996643627653e-01 1.208516683570570599e-01 1.303575226204868598e-01 6.589067580417862224e-02 1.304069095879628049e-01 6.592004540447102268e-02 4.409943330146030155e-02
