3.403759103621276649e-01 3.235454343597257143e-01 9.838646040052667630e-01 1.463417403676867401e-01 8.191408254645131670e-01 1.208788022079904240e-01 1.303884408620216151e-01 6.590798143424983491e-02 1.303658553587013769e-01 6.589655262070025221e-02 4.411673725366862392e-02
3.482141715599460507e-01 3.250217182303358210e-01 9.838788102007913761e-01 1.463495135260521329e-01 8.188508278261222850e-01 1.208705084638973942e-01 1.304013140198547194e-01 6.591582595159059532e-02 1.303920620470357117e-01 6.591178253771017015e-02 4.411194467312554851e-02
3.834761758934321918e-01 3.151349960404685735e-01 9.839806309527222572e-01 1.464441795667696666e-01 8.153260653883029896e-01 1.206059365145650819e-01 1.301658393760347365e-01 6.579861339870515802e-02 1.301644645085467955e-01 6.579818116757192581e-02 4.394906305665916002e-02
4.412533690011122278e-01 2.890295819655711584e-01 9.841065257373353692e-01 1.465603659318718277e-01 8.104490541921525182e-01 1.199794989603756717e-01 1.295423755130319099e-01 6.548345933034831201e-02 1.295901655011167941e-01 6.550730490456600774e-02 4.358743196863101854e-02
5.051068924102413149e-01 2.566618183797119701e-01 9.839603462019477220e-01 1.463896764533573203e-01 8.166561534949252632e-01 1.206038713816472291e-01 1.301475294749962763e-01 6.578837463268456809e-02 1.302243676427165264e-01 6.582760061620702985e-02 4.398630125408242025e-02
5.218850166224116016e-01 2.503512402156673478e-01 9.839016683527819218e-01 1.463524881862170446e-01 8.187096526708761424e-01 1.208244424195845657e-01 1.303684932208397373e-01 6.589987347456657818e-02 1.303921549301628180e-01 6.591249435753430974e-02 4.408964214906887363e-02
5.237859515842504532e-01 2.318577038904064136e-01 9.839386855415098720e-01 1.463892200623041762e-01 8.178981822835517113e-01 1.207074924900781859e-01 1.302769373912373296e-01 6.585578906600077220e-02 1.302678643973757822e-01 6.584985418715694205e-02 4.400422892725140700e-02
5.248921964801629425e-01 1.984648294577486261e-01 9.839618493508003327e-01 1.463618454253715340e-01 8.186205784315152556e-01 1.208063265865385871e-01 1.304104397998465115e-01 6.592680326202615682e-02 1.303660894235467160e-01 6.589979633038478557e-02 4.406919948526873826e-02
5.330477375497562065e-01 1.777278806008993628e-01 9.839595222299490906e-01 1.463476716060707339e-01 8.189617601043579498e-01 1.208533243432512033e-01 1.304456349304531637e-01 6.594351108602478084e-02 1.304098885913854144e-01 6.592184783889562527e-02 4.410061796337966938e-02
5.721097241952363133e-01 1.186255889675301156e-01 9.839660386380375545e-01 1.463599935055954482e-01 8.185286157668154594e-01 1.207936160348657001e-01 1.303321884934629526e-01 6.588086296759215754e-02 1.303412581978249385e-01 6.588674764738054745e-02 4.406113592121350953e-02
