3.387164449864841220e-01 3.365282454645485144e-01 9.838675715382676490e-01 1.463415954790414086e-01 8.191440813405131971e-01 1.208789804167869353e-01 1.303916357441855245e-01 6.590919479464762976e-02 1.304039751189417506e-01 6.591780919828989227e-02 4.411728029666513173e-02
3.480513406765046724e-01 3.338004639847663158e-01 9.838782261130103457e-01 1.463457833226963767e-01 8.189939602029240318e-01 1.208660936394652802e-01 1.304105948171738194e-01 6.592118237614223719e-02 1.304223935596813544e-01 6.592912916316878702e-02 4.410963488341521771e-02
3.691206514845794540e-01 3.332025530120563128e-01 9.839810355110606421e-01 1.464554100040651452e-01 8.149285604987361875e-01 1.204274437844596451e-01 1.299906286977509928e-01 6.571006802295166482e-02 1.299955988305185883e-01 6.571330940080105654e-02 4.384007956075452322e-02
4.319036788274779326e-01 3.201789781284067327e-01 9.843517863222431830e-01 1.468550784751263272e-01 7.985145123370225306e-01 1.185885807949924181e-01 1.281661090806440195e-01 6.478721677756799080e-02 1.282859468780598589e-01 6.484795135994027293e-02 4.276454224483179634e-02
5.031414332818564539e-01 2.742663826126648385e-01 9.841412118890555671e-01 1.465425836685191052e-01 8.087299795036474448e-01 1.197508874804457113e-01 1.293099761755809041e-01 6.536497891162482143e-02 1.295683311258264414e-01 6.549610033124976527e-02 4.356422993192904380e-02
5.273398378649317708e-01 2.563448421521794529e-01 9.839318478544878399e-01 1.463725328687860150e-01 8.173951447213813060e-01 1.206799160495912460e-01 1.302265101150470727e-01 6.582806191183401823e-02 1.302999572608256329e-01 6.586591091089384620e-02 4.402853361597154624e-02
5.485734567217139812e-01 2.561302426120118381e-01 9.839496614879054137e-01 1.464281555985845473e-01 8.165447242801270322e-01 1.205253089071140898e-01 1.300741968197012821e-01 6.575122915303963089e-02 1.300864657820812176e-01 6.575799151645840557e-02 4.388606411028105753e-02
5.889877629539156390e-01 2.197861624376230560e-01 9.839651842270950022e-01 1.463970876299452994e-01 8.174575707055148355e-01 1.206461393572045709e-01 1.302123208002092802e-01 6.582294189658891015e-02 1.301989292596767711e-01 6.581500182121596820e-02 4.396206382649336247e-02
7.901402752923410988e-01 1.786973373243986585e-01 9.839088251144995079e-01 1.463442855812229493e-01 8.185997429512444912e-01 1.208034503558668288e-01 1.303329967067821948e-01 6.588053438520635741e-02 1.303356315052457970e-01 6.588353952876929709e-02 4.406720212943811971e-02
8.634231359165331909e-01 1.659848011237746446e-01 9.838896353662905936e-01 1.463407125281373511e-01 8.186017084327775750e-01 1.208037269330439756e-01 1.303144242924263729e-01 6.586924305644299704e-02 1.303244162402261985e-01 6.587754817903448967e-02 4.406742618675492384e-02
