3.231789862389676804e-01 3.633380094529057858e-01 9.838680078066165402e-01 1.463415202371719237e-01 8.191478042771074275e-01 1.208789937161943856e-01 1.303638337233070377e-01 6.589208199861422421e-02 1.304270479725788412e-01 6.593013073652652378e-02 4.411761238432783394e-02
3.512327385816384484e-01 3.577681701291260397e-01 9.838743842727742939e-01 1.463435676910436190e-01 8.190724810324769845e-01 1.208708840873179841e-01 1.303963968693532260e-01 6.591212672413641893e-02 1.304295298620431753e-01 6.593238085732851250e-02 4.411263484401459212e-02
4.134637783326000071e-01 3.850431054051813851e-01 9.839204102613726688e-01 1.463930759209903509e-01 8.172208850831480520e-01 1.206596307750123775e-01 1.302169651472915302e-01 6.582403146533666316e-02 1.302220430547058327e-01 6.582716899261725763e-02 4.398268523732826174e-02
4.571695064919866214e-01 3.883630074029700840e-01 9.840745736642536601e-01 1.465603921193550097e-01 8.103189317014667381e-01 1.198890828009562537e-01 1.294539346620967590e-01 6.543819039642764790e-02 1.295068940169123439e-01 6.546506337880263204e-02 4.353328274760949468e-02
5.167958404231851599e-01 3.422712167549544771e-01 9.840701292552003210e-01 1.464940731095097648e-01 8.113340306633490817e-01 1.200426335285396662e-01 1.295967242105243999e-01 6.550975464760912248e-02 1.297713044093999901e-01 6.559864531429809853e-02 4.369574115331462810e-02
6.186740339945541178e-01 3.136175739756048575e-01 9.839034436560155639e-01 1.463516429988261369e-01 8.180371494864800974e-01 1.207505283074325059e-01 1.302622506693884297e-01 6.584396371981736384e-02 1.303090073896753520e-01 6.587025322876469136e-02 4.405231313357300255e-02
6.489439959327879537e-01 3.199220101098082525e-01 9.838836752570863098e-01 1.463420662273584860e-01 8.186632051504786345e-01 1.208127942894872547e-01 1.303122037293501512e-01 6.586848974277356716e-02 1.303291413414477407e-01 6.588038219895642200e-02 4.407058161438592858e-02
7.140096057690615838e-01 2.812612488827547774e-01 9.838954575929086399e-01 1.463430699132262647e-01 8.185991862450258116e-01 1.208034629121196163e-01 1.303159898431361652e-01 6.587144097313385460e-02 1.303309810812151859e-01 6.588141895270284432e-02 4.406488322714419842e-02
8.523946672353691634e-01 1.933995309386805639e-01 9.839006081976837681e-01 1.463416584787326502e-01 8.186401954922152280e-01 1.208090346756379718e-01 1.303338494457748076e-01 6.588089962132871735e-02 1.303465222788741940e-01 6.588916958701938886e-02 4.407080373680297841e-02
8.777620117548108336e-01 1.740068010695252076e-01 9.838846357933458409e-01 1.463410418183387074e-01 8.187854588940325362e-01 1.208290435832753973e-01 1.303410133878465382e-01 6.588294428410808312e-02 1.303524860511544314e-01 6.589182655299404001e-02 4.408423531937159801e-02
