3.017322985152250947e-01 3.928606731718340406e-01 9.838659571555524730e-01 1.463415505872698585e-01 8.191463074925368071e-01 1.208787483458663020e-01 1.303693952722656257e-01 6.589516042768468751e-02 1.304220119695739533e-01 6.592694213569749717e-02 4.411752470888282568e-02
3.921658291794911655e-01 4.204904299072272367e-01 9.838695910470599548e-01 1.463417348405397500e-01 8.191389841111211823e-01 1.208779747356954065e-01 1.304091069354457733e-01 6.591888541712381810e-02 1.304295801912480346e-01 6.593128182605782761e-02 4.411698502759822671e-02
4.565514160736836025e-01 4.321772797371307151e-01 9.838728074226977816e-01 1.463434849634281665e-01 8.190750679064653372e-01 1.208704396520078328e-01 1.304254370367514126e-01 6.592927839710922833e-02 1.304262240725778399e-01 6.592975521396216010e-02 4.411233405050857259e-02
4.752864905596583811e-01 4.297064606945052989e-01 9.838785754332967093e-01 1.463494628341243387e-01 8.188289820014742482e-01 1.208425852000571815e-01 1.303984953019567961e-01 6.591571395731796179e-02 1.304005871648824810e-01 6.591677549917621115e-02 4.409624879557118987e-02
5.383340431487031452e-01 4.086998227848492315e-01 9.838830984871410612e-01 1.463474960165748184e-01 8.187133367107711779e-01 1.208305872623731403e-01 1.303745495783050767e-01 6.590284113374744734e-02 1.303867028318715648e-01 6.590968106096339874e-02 4.409166241111017043e-02
6.442309850149282591e-01 3.309289031336858922e-01 9.838785306007546971e-01 1.463354708904441026e-01 8.188701021165036842e-01 1.208413389300375396e-01 1.303417522963878084e-01 6.588351019364206695e-02 1.303580732207076931e-01 6.589500975155927753e-02 4.408969572400592979e-02
6.536500435681629195e-01 3.231245959186587191e-01 9.838769994519379614e-01 1.463364214284064158e-01 8.189348284481836604e-01 1.208497338294646645e-01 1.303458499660744563e-01 6.588533359894985231e-02 1.303630517844226733e-01 6.589759330093405976e-02 4.409452379924491683e-02
7.127341862934875039e-01 2.866542775251442743e-01 9.838906107312122007e-01 1.463374417103130432e-01 8.188120201361909212e-01 1.208327966719393576e-01 1.303439593489157666e-01 6.588557086715562949e-02 1.303597282312946026e-01 6.589599349309945009e-02 4.408429826137168911e-02
8.420229185215162282e-01 2.122714510786550546e-01 9.839080656557686044e-01 1.463419217521378657e-01 8.187738434809682664e-01 1.208274502554554375e-01 1.303656493965849039e-01 6.589853187642534527e-02 1.303781516818683095e-01 6.590551541161654425e-02 4.408305846866338723e-02
8.795208314008724493e-01 2.026640625900149040e-01 9.838942776713023308e-01 1.463415947009889251e-01 8.188927946402289049e-01 1.208438327803636192e-01 1.303776054260860351e-01 6.590374290015876824e-02 1.303865780010354247e-01 6.590958775403595038e-02 4.409410046239710390e-02
