3.789676875798031475e-01 5.180997338271244868e-01 9.838726665118383563e-01 1.463452814760671794e-01 8.189508543593466694e-01 1.208518996829883452e-01 1.303934669049072459e-01 6.591181625485635631e-02 1.304024036826820221e-01 6.591733336026771306e-02 4.410015250261160175e-02
4.230568734488328597e-01 5.367672516041218644e-01 9.838711527822734393e-01 1.463419838129677575e-01 8.191219023954430245e-01 1.208754068288008798e-01 1.304288819405895472e-01 6.593087038557524093e-02 1.304302358132305162e-01 6.593170845206072772e-02 4.411526531397948203e-02
4.485066226892543972e-01 4.976386086875675963e-01 9.838710113028773518e-01 1.463415286197601028e-01 8.191458794057301374e-01 1.208787225196794740e-01 1.304342371245500731e-01 6.593377586936020884e-02 1.304343318836899412e-01 6.593383395784002676e-02 4.411740621804426110e-02
4.968198557830545425e-01 4.858635976720978578e-01 9.838710776606292008e-01 1.463415524290339609e-01 8.191449433534829794e-01 1.208786512044301847e-01 1.304342850267591891e-01 6.593381227860807547e-02 1.304343176323182474e-01 6.593382825625838939e-02 4.411740511213798482e-02
5.294330781912207629e-01 4.974148447418221264e-01 9.838712505534407127e-01 1.463413041843125428e-01 8.191393245866666062e-01 1.208778273260603664e-01 1.304317671758698505e-01 6.593243147234549573e-02 1.304322775320299055e-01 6.593278729062722332e-02 4.411676034810080999e-02
5.972967581984064411e-01 4.083386598233449960e-01 9.838747923246731197e-01 1.463380059695142399e-01 8.190053603221728595e-01 1.208594153138726479e-01 1.303843915608134674e-01 6.590663292558775199e-02 1.303928625921250972e-01 6.591270494114952194e-02 4.410268971983234004e-02
6.509127119014588292e-01 3.320230070137984435e-01 9.838782888843705665e-01 1.463349777861503997e-01 8.188791962933821278e-01 1.208420906706694081e-01 1.303422059876193362e-01 6.588372434594980120e-02 1.303572574725778699e-01 6.589454382090795259e-02 4.408951519187966073e-02
7.288151706867919133e-01 2.890873282598056537e-01 9.838910553402148151e-01 1.463366192435029411e-01 8.187668664241676275e-01 1.208265802585303667e-01 1.303408518555849716e-01 6.588416021429477354e-02 1.303528729788435425e-01 6.589225346581088771e-02 4.408011704064599551e-02
8.742714829410099808e-01 2.208184745483298683e-01 9.839006828699949914e-01 1.463415948863238669e-01 8.188936389006266081e-01 1.208439546084246335e-01 1.303881277356679358e-01 6.591020261432124772e-02 1.303958128658133930e-01 6.591446882483553704e-02 4.409406680285442998e-02
9.070317306556232584e-01 2.211178229775171422e-01 9.838895280355079986e-01 1.463415432365017532e-01 8.190986003852454012e-01 1.208721866177664139e-01 1.304192523900292999e-01 6.592592465026161919e-02 1.304231958926540813e-01 6.592836747094020511e-02 4.411302090207960130e-02
