4.115166518791349981e-01 5.646255263702577576e-01 9.838959124301938086e-01 1.463695939750542796e-01 8.176825728686373251e-01 1.206776157525019377e-01 1.302256500757567326e-01 6.582767226093569346e-02 1.302342752479288268e-01 6.583277438163136208e-02 4.398776045753518410e-02
4.247500665567204292e-01 5.620976246068034587e-01 9.838738913517082185e-01 1.463447234670668951e-01 8.189761646788996652e-01 1.208553775571010180e-01 1.304101160896792289e-01 6.592151549881318517e-02 1.304111585911463533e-01 6.592213183833352252e-02 4.410241349216581508e-02
4.399119662913928419e-01 5.562204924008664619e-01 9.838712877478197338e-01 1.463418213173483529e-01 8.191301217932944745e-01 1.208765353646072682e-01 1.304320987372026841e-01 6.593270054633773580e-02 1.304322095792110059e-01 6.593276608550091566e-02 4.411599429461653815e-02
5.094698970262911963e-01 5.249962889126437160e-01 9.838709759245817255e-01 1.463414690798668372e-01 8.191485118993891978e-01 1.208790624373551753e-01 1.304347225221089424e-01 6.593403543444512072e-02 1.304347237312419583e-01 6.593403608329359566e-02 4.411763219945221554e-02
5.272048046139169442e-01 5.138473804327674532e-01 9.838709772795023456e-01 1.463414619750759427e-01 8.191485008953147684e-01 1.208790606543451718e-01 1.304346887631310237e-01 6.593401631302386878e-02 1.304346961399887317e-01 6.593402159109609806e-02 4.411762947606635843e-02
5.423126557411385162e-01 5.037499632593812615e-01 9.838712538323945989e-01 1.463410408978012556e-01 8.191333009671741827e-01 1.208769709533805969e-01 1.304310923142307510e-01 6.593209559869991909e-02 1.304308720217572104e-01 6.593201144174673511e-02 4.411614493115932623e-02
7.405942952678769009e-01 4.202609498113105135e-01 9.838761709324943538e-01 1.463289543057967601e-01 8.187489888909723623e-01 1.208241384594012091e-01 1.303617353588304439e-01 6.589568819984054082e-02 1.303366052271529296e-01 6.588113993470534613e-02 4.407770339535612564e-02
9.120581568293278929e-01 3.783657571317873836e-01 9.838807022339844943e-01 1.463185446058546946e-01 8.184231291884542792e-01 1.207793223802332006e-01 1.303165529208073770e-01 6.587256502549371229e-02 1.302633446357041869e-01 6.584109833295329062e-02 4.404565426743030365e-02
9.287291965295508822e-01 2.956969019373016372e-01 9.838840943105493508e-01 1.463330411642500273e-01 8.188512333975954682e-01 1.208381778180858401e-01 1.303838832805076509e-01 6.590762220446719222e-02 1.303658987893758225e-01 6.589698265229863849e-02 4.408838124248495166e-02
9.337483507031634211e-01 2.526355056575789182e-01 9.838834991750694536e-01 1.463411623600708034e-01 8.191313472339062374e-01 1.208767004518441490e-01 1.304264141894039553e-01 6.592961055541110560e-02 1.304281226186624343e-01 6.593074074638012594e-02 4.411597949391871804e-02
