2.952244870227223039e-01 5.965285585823328907e-01 9.838763277156745701e-01 1.463918002420609432e-01 8.165166539495776199e-01 1.205173932322557567e-01 1.299834890667197762e-01 6.569913259674955985e-02 1.300713572606160551e-01 6.575102384224064400e-02 4.388469078597616313e-02
3.839189867918976762e-01 5.824224702760379957e-01 9.838726967654555233e-01 1.463588363187634522e-01 8.182391763918061001e-01 1.207541012939008646e-01 1.302785756956975904e-01 6.585273505142009987e-02 1.303091661572190196e-01 6.587079980085225328e-02 4.403716517074784953e-02
4.536814798538395532e-01 6.049860475600611354e-01 9.838711196787381930e-01 1.463427409827376402e-01 8.190822082967603723e-01 1.208699512257880859e-01 1.304233723158904901e-01 6.592812764553179772e-02 1.304255711279716790e-01 6.592942628258367799e-02 4.411174447840303381e-02
5.005153232891330628e-01 5.988478388675803066e-01 9.838709711612321218e-01 1.463414730979800960e-01 8.191483619596301446e-01 1.208790420096116786e-01 1.304346886009984663e-01 6.593401725211998909e-02 1.304347035452811665e-01 6.593402607675726002e-02 4.411760730114704793e-02
5.252010450579954748e-01 5.475899455004374916e-01 9.838709789561437269e-01 1.463414617828210085e-01 8.191483167330796400e-01 1.208790356607323258e-01 1.304346941450963415e-01 6.593402083357266519e-02 1.304346823395942379e-01 6.593401383685423833e-02 4.411762984656819597e-02
5.635632457986340382e-01 5.192718786667064323e-01 9.838714172978787476e-01 1.463402820742355503e-01 8.191104292523718744e-01 1.208738259613160032e-01 1.304286970844483473e-01 6.593090888537976590e-02 1.304258898856738014e-01 6.592924512718040253e-02 4.411399095697678130e-02
8.559165183522080556e-01 4.167088020443749929e-01 9.838781002627997596e-01 1.463207560469085844e-01 8.185098899694389640e-01 1.207912525740035686e-01 1.303334037635682507e-01 6.588142731965690446e-02 1.302841376569229270e-01 6.585221648657518800e-02 4.405434764020362687e-02
9.353816296015539100e-01 3.871202979159756863e-01 9.838823297784212718e-01 1.463121530600067499e-01 8.182455896554673425e-01 1.207549115239852366e-01 1.302947477241158947e-01 6.586163337746236968e-02 1.302359713518600193e-01 6.582677226038088913e-02 4.402914574625393929e-02
9.754984709186541592e-01 3.461346084927409139e-01 9.838746047133526407e-01 1.463329503238404994e-01 8.188864934585303734e-01 1.208430351515808743e-01 1.303946672667399276e-01 6.591336906573216914e-02 1.303796834085064471e-01 6.590448062348309988e-02 4.409217143357854751e-02
9.882498103000965095e-01 3.328180673103579568e-01 9.838712103487488037e-01 1.463411832751180530e-01 8.191402489081079930e-01 1.208779263049213487e-01 1.304334398626209313e-01 6.593337528274773041e-02 1.304330845432144781e-01 6.593316610391103394e-02 4.411686045053570676e-02
