2.512171098806684211e-01 6.082239739818697810e-01 9.838163301261982907e-01 1.463496907253785673e-01 8.187128751725900599e-01 1.208191948117892933e-01 1.302528962713736804e-01 6.583310966986052892e-02 1.303692771265971551e-01 6.590180942919200702e-02 4.407920527778393799e-02
3.122083601076239279e-01 6.176806729409173302e-01 9.838337296903226781e-01 1.463483911062225806e-01 8.187864420827335454e-01 1.208293069932624142e-01 1.302992334185323897e-01 6.585918921642021362e-02 1.303811146022602063e-01 6.590754115229979782e-02 4.408557772133397251e-02
4.658310115568690124e-01 6.465709327725106537e-01 9.838692517780806002e-01 1.463417756309678963e-01 8.191325474520624317e-01 1.208768687861975777e-01 1.304285930781432512e-01 6.593064535657879033e-02 1.304323533002045010e-01 6.593286566811358551e-02 4.411619880673468136e-02
4.936808374152127921e-01 6.463076279167379035e-01 9.838709592168050078e-01 1.463414649714042948e-01 8.191488313407737643e-01 1.208791065810378013e-01 1.304347481038045653e-01 6.593404698611819714e-02 1.304347675178030019e-01 6.593405844769199831e-02 4.411764014096546116e-02
5.129878416962535548e-01 6.286611764716504291e-01 9.838709740171326379e-01 1.463414619116231719e-01 8.191485867136651944e-01 1.208790728585108498e-01 1.304347331021118717e-01 6.593404069296372738e-02 1.304347264931536854e-01 6.593403677341200253e-02 4.411763805316473025e-02
5.593579988717078955e-01 5.842625894815715037e-01 9.838712917102123701e-01 1.463405644965755092e-01 8.191198420367363786e-01 1.208751205078652385e-01 1.304301665042054414e-01 6.593166885026806312e-02 1.304279127000245730e-01 6.593033250181849769e-02 4.411486687941579277e-02
8.220743812119515326e-01 4.450049308694857819e-01 9.838763891233426317e-01 1.463247843879751930e-01 8.186342395725937360e-01 1.208083506115017330e-01 1.303523794512552736e-01 6.589121355458660290e-02 1.303099582754609631e-01 6.586606146419980712e-02 4.406641785994671462e-02
9.497113815267157477e-01 3.724370461364355234e-01 9.838772025188742276e-01 1.463236340777609168e-01 8.185994471489907998e-01 1.208035666123494917e-01 1.303479356480336804e-01 6.588899832924068056e-02 1.303064526006310897e-01 6.586439941184737967e-02 4.406327372355608313e-02
9.868183093049044396e-01 3.356951528174684229e-01 9.838718578135667858e-01 1.463395311787995534e-01 8.190893396823977213e-01 1.208709263294630160e-01 1.304259032188121725e-01 6.592950455204399374e-02 1.304232427348647472e-01 6.592792507512955369e-02 4.411197044499364645e-02
9.890826726930287416e-01 3.333781601735887890e-01 9.838709880329651325e-01 1.463414221690863826e-01 8.191476206916002978e-01 1.208789399525977970e-01 1.304345878706412443e-01 6.593396599879508546e-02 1.304345329937446341e-01 6.593393339533676345e-02 4.411755687652284957e-02
