4.611554816558748882e-01 7.305256244916530362e-02 9.839726411221242364e-01 1.463414828223286446e-01 8.191483024796784029e-01 1.208790339883083348e-01 1.303759510346697015e-01 6.589920827722711705e-02 1.304341819560546623e-01 6.593380962309340620e-02 4.411764656272534196e-02
4.778680032551637091e-01 1.026827741495206781e-01 9.839686871198636275e-01 1.463415243848915359e-01 8.191469759734079092e-01 1.208788516900692611e-01 1.304083276472650654e-01 6.591866124863476895e-02 1.304346359038716097e-01 6.593415674822726558e-02 4.411780512495644402e-02
5.099063647871552307e-01 2.072052779138655043e-01 9.839560491893528660e-01 1.463414775977056326e-01 8.191484419135989237e-01 1.208790531107268307e-01 1.304989510319042312e-01 6.597280556513016037e-02 1.304392597740634818e-01 6.593686918923792606e-02 4.412090383541549671e-02
5.053697864416125674e-01 2.237759907427082917e-01 9.839616655008258661e-01 1.463414640574157988e-01 8.191489066368617955e-01 1.208791186292878100e-01 1.305017688064719072e-01 6.597422376348739681e-02 1.304394436391904388e-01 6.593694911125200231e-02 4.412289583337811183e-02
4.795587621522841015e-01 2.351705438062976217e-01 9.839291955993292316e-01 1.463414647488636700e-01 8.191487975962158385e-01 1.208791113129829287e-01 1.304413899664677579e-01 6.593908604663058226e-02 1.304224728404385081e-01 6.592820965535182987e-02 4.412113683619598575e-02
4.503768275115075936e-01 2.460939743350042119e-01 9.838873043564537735e-01 1.463414645830055927e-01 8.191488901617508533e-01 1.208791207381124250e-01 1.303790187276885060e-01 6.590296824256659802e-02 1.304056202239391726e-01 6.591982372557682324e-02 4.411871580459183345e-02
4.312024795255771092e-01 2.576824464231050049e-01 9.838864261720686732e-01 1.463415713223331638e-01 8.191471801787062468e-01 1.208788842149634557e-01 1.304034153465451207e-01 6.591671327117365475e-02 1.304245403172836493e-01 6.593022202474371762e-02 4.411942459994217663e-02
4.039024312967938735e-01 2.725170926016311501e-01 9.838922331294810419e-01 1.463423713909295931e-01 8.191346055455972497e-01 1.208771471582119617e-01 1.304402926818000186e-01 6.593779577782390988e-02 1.304520864961996596e-01 6.594533470247820883e-02 4.412025472109278035e-02
3.745691391782144941e-01 2.748882695957274858e-01 9.839217055338911333e-01 1.463596690974034720e-01 8.188616412484893692e-01 1.208395488806794649e-01 1.304252622450588761e-01 6.593261731237320955e-02 1.304086900856665787e-01 6.592260735698662888e-02 4.409330408658298367e-02
3.485750649820835712e-01 2.747356141399163176e-01 9.839445238182591424e-01 1.463446467254165273e-01 8.190986984564663231e-01 1.208722013763864622e-01 1.304817159919836600e-01 6.596382332426989348e-02 1.304373711459761165e-01 6.593656243263823491e-02 4.411308642934192586e-02
