4.845267332720258335e-01 8.383051218154909112e-02 9.839837247269913600e-01 1.463416450828237403e-01 8.191435935578396110e-01 1.208783854930401275e-01 1.303969318995955029e-01 6.591168716568765462e-02 1.304317898700705636e-01 6.593265126648513441e-02 4.411734766340418001e-02
5.117449935678006767e-01 1.492855500047892414e-01 9.839565623002370920e-01 1.463416081476593966e-01 8.191441926900623338e-01 1.208784690674300499e-01 1.304566399737204507e-01 6.594778917154404951e-02 1.304347800340975583e-01 6.593439451699067977e-02 4.411761498147001581e-02
5.185128512388088584e-01 1.970518447173693899e-01 9.839450036101714536e-01 1.463414935278986584e-01 8.191477040756796058e-01 1.208789519939625912e-01 1.304958471280140697e-01 6.597133778344856092e-02 1.304383596113002364e-01 6.593638286661357428e-02 4.411868544799101705e-02
5.090066644985051791e-01 2.164365010025896541e-01 9.839559913238834499e-01 1.463414120287319931e-01 8.191427092867152870e-01 1.208782985382394343e-01 1.304935144928767721e-01 6.596969884568765208e-02 1.304381269435058166e-01 6.593613579091867072e-02 4.412120659380786708e-02
4.768765090129625239e-01 2.403188701389497028e-01 9.839460271184816698e-01 1.463421934345771891e-01 8.190686188442438675e-01 1.208696336193102600e-01 1.304199741436557203e-01 6.592745510624073435e-02 1.304175565643853618e-01 6.592508683337386377e-02 4.411919079145550787e-02
4.481519078309710857e-01 2.517709575939207078e-01 9.838996392593778451e-01 1.463431434907648543e-01 8.190714511606019821e-01 1.208712219304104579e-01 1.303801407476531671e-01 6.590414535059263557e-02 1.304031178308434347e-01 6.591832558555632549e-02 4.411491089810250232e-02
4.248620105345223275e-01 2.701237732303645167e-01 9.838981656030706402e-01 1.463429546481034849e-01 8.190982991007499381e-01 1.208742645871806604e-01 1.304159707862374840e-01 6.592437644601097102e-02 1.304236519436388630e-01 6.592948502248423270e-02 4.411626498165296950e-02
3.899002468547868583e-01 2.870585368113161562e-01 9.838880682725354987e-01 1.463458235972412702e-01 8.190788699082448554e-01 1.208695893330707927e-01 1.304203277323111587e-01 6.592691839856941460e-02 1.304201296065035098e-01 6.592765240241740821e-02 4.411380961977350718e-02
3.545468357223732214e-01 3.033708830143139745e-01 9.838875863605660577e-01 1.463525188467792448e-01 8.189744345458240815e-01 1.208550867922953409e-01 1.303919879008585414e-01 6.591200443301194201e-02 1.303701002004131471e-01 6.590026784303981700e-02 4.410197958702066767e-02
3.458388625314797182e-01 2.901878631625759430e-01 9.839215177864657491e-01 1.463505077609890959e-01 8.190062065132247549e-01 1.208594606855153547e-01 1.304355648882655760e-01 6.593759363127084383e-02 1.303989975350192954e-01 6.591588469928186256e-02 4.410434160302611345e-02
