8.189535579577686963e-01 1.567969157024410587e-01 9.838969268185093764e-01 1.463421700437544382e-01 8.191030064647556452e-01 1.208727915739448849e-01 1.303881654289741066e-01 6.590694184507757403e-02 1.303958305589599798e-01 6.591370395911574920e-02 4.411350298645554807e-02
6.630324032322725269e-01 1.778870896201119045e-01 9.839250333442053353e-01 1.463419983512255773e-01 8.191166059988542747e-01 1.208746669924118389e-01 1.304353497513443816e-01 6.593531229096431800e-02 1.304177469910662857e-01 6.592537808168608127e-02 4.411484779112227750e-02
5.345802431204534910e-01 2.063212141110470910e-01 9.839265022049357157e-01 1.463414080915609039e-01 8.191392924448973600e-01 1.208778272290430000e-01 1.304664531688152218e-01 6.595377400837744430e-02 1.304362645858694048e-01 6.593511791818615353e-02 4.411764713278975431e-02
5.224428355336042662e-01 2.331973751862950750e-01 9.839187275321458204e-01 1.463400185324588709e-01 8.188904717408890255e-01 1.208454531172356572e-01 1.304113463708648502e-01 6.592360024451165978e-02 1.304306918450445774e-01 6.593209161372905192e-02 4.411493019375911651e-02
4.983651514559796492e-01 2.561441290748762700e-01 9.840047060001201329e-01 1.463928127860702477e-01 8.152630915421060775e-01 1.204148474855961243e-01 1.299658970151447435e-01 6.569691874119955310e-02 1.301693305178121263e-01 6.579955538551190974e-02 4.394887744538418517e-02
4.364846149134278264e-01 2.890472600761158084e-01 9.841060178690668181e-01 1.465582107442710835e-01 8.104378768971208791e-01 1.199418763788229619e-01 1.294994903733352742e-01 6.546136939167708502e-02 1.295855989159565569e-01 6.550474181102831917e-02 4.357869429549409562e-02
3.859161370143425196e-01 3.166405334975165853e-01 9.839457040394909981e-01 1.463880947397799004e-01 8.174126185056090899e-01 1.207115700778382400e-01 1.302704576771375466e-01 6.585151511733709773e-02 1.302670456275269451e-01 6.584971663031671807e-02 4.401262611531414626e-02
3.517218373717251878e-01 3.252280964289601117e-01 9.838769232360581318e-01 1.463421176993235651e-01 8.191272183679160213e-01 1.208768913797938355e-01 1.304097832793635892e-01 6.592024368378074373e-02 1.304013292374849586e-01 6.591665859890004364e-02 4.411597981601401292e-02
3.394150753571053558e-01 3.272362734437899712e-01 9.838639866739294915e-01 1.463415082612968543e-01 8.191482057212118306e-01 1.208790191060488822e-01 1.303845784554061582e-01 6.590566190266138047e-02 1.303700261920957282e-01 6.589906127635500321e-02 4.411682925109165071e-02
3.336081478518277965e-01 3.376845717181573003e-01 9.838646989811006272e-01 1.463417444752368457e-01 8.191446709456653430e-01 1.208785196972167741e-01 1.303688117686775672e-01 6.589596080514067977e-02 1.303827822107910817e-01 6.590584644308516982e-02 4.411675137192479224e-02
