8.758316113655489898e-01 1.721728208228561208e-01 9.838762359062220852e-01 1.463414641570979779e-01 8.191488699552670338e-01 1.208791116346126654e-01 1.303883076445097322e-01 6.590661864716076956e-02 1.304003604984422249e-01 6.591587691364222956e-02 4.411764363558739327e-02
8.396856513486787854e-01 1.909499482328843589e-01 9.838918249983038544e-01 1.463414720120910784e-01 8.191475971359416519e-01 1.208789392079586272e-01 1.304041848606448395e-01 6.591654030268652431e-02 1.304163464137326200e-01 6.592442223692877856e-02 4.411754478102788285e-02
6.152082294062689583e-01 2.312677328561173196e-01 9.839019734346117207e-01 1.463420065301754003e-01 8.190877031483886350e-01 1.208714890206662312e-01 1.304180808259301494e-01 6.592534870196647967e-02 1.304300957645672943e-01 6.593174147423089271e-02 4.411527710175103950e-02
5.269292271501941904e-01 2.506945844232518206e-01 9.838988568584378092e-01 1.463410281826263148e-01 8.189372602216872243e-01 1.208533833511233752e-01 1.303990858198641467e-01 6.591535181229901674e-02 1.304296131474145248e-01 6.593146010524086886e-02 4.411422307584952907e-02
5.161233251167719471e-01 2.600996639586398707e-01 9.840337208330605101e-01 1.464119556556410517e-01 8.128917014089389603e-01 1.201741049025115554e-01 1.297261006221271107e-01 6.557515826014043148e-02 1.300683363330510378e-01 6.574882822070653166e-02 4.387758771339109187e-02
4.335108652774133930e-01 3.156244010575135484e-01 9.844716631949658181e-01 1.470083226168812096e-01 7.919173973889854778e-01 1.179172008446549014e-01 1.274998776961275559e-01 6.445038906421761415e-02 1.277911607094193436e-01 6.459786330402965404e-02 4.241711399167885643e-02
3.637761684391797035e-01 3.331873895531141661e-01 9.839509224724866110e-01 1.464208578067140165e-01 8.161575619200409637e-01 1.205733791418602541e-01 1.301347362012769682e-01 6.578283021690911614e-02 1.301452973954219661e-01 6.578922244938430197e-02 4.392487540214643632e-02
3.481408057402466949e-01 3.330196615868603049e-01 9.838756973750019119e-01 1.463420488299710109e-01 8.191265691589678655e-01 1.208769305990029519e-01 1.304268783569814683e-01 6.592983698662706338e-02 1.304364537507148869e-01 6.593652570738439689e-02 4.411620788187264885e-02
3.336681549357600196e-01 3.438341733594198479e-01 9.838657084985285017e-01 1.463414852899943552e-01 8.191484982537189374e-01 1.208790607422795121e-01 1.303889063527175207e-01 6.590744033571790950e-02 1.304077786681581697e-01 6.591999697514898393e-02 4.411732460112270660e-02
3.228302108274996862e-01 3.660821373488957198e-01 9.838616935860846624e-01 1.463415002785472541e-01 8.191486352206682753e-01 1.208790537104394019e-01 1.303495769279835736e-01 6.588371757460577405e-02 1.304147275079458324e-01 6.592332449406609896e-02 4.411750256732584891e-02
