8.581758682930161752e-01 1.905127900925746576e-01 9.838904359523238385e-01 1.463414631023147727e-01 8.191477322346999435e-01 1.208789550760702713e-01 1.304026365459650949e-01 6.591562039856711797e-02 1.304157002443902813e-01 6.592408264378747662e-02 4.411753767101830176e-02
8.359131007884154085e-01 2.070759313065756446e-01 9.839046057231959352e-01 1.463414644857658486e-01 8.191488483613932337e-01 1.208791105725071091e-01 1.304160192655184347e-01 6.592407606544069265e-02 1.304305540284314835e-01 6.593199975038561977e-02 4.411764153108100467e-02
7.529968471206670566e-01 2.238475652903031132e-01 9.839054640008423336e-01 1.463444251050085854e-01 8.190266215883718059e-01 1.208648786127458075e-01 1.304059291509766239e-01 6.591913985395843334e-02 1.304211108838148059e-01 6.592726257888358032e-02 4.410936635205559703e-02
5.454051226260876462e-01 2.609791666854058834e-01 9.839372036318417836e-01 1.463753948117338666e-01 8.174811763170967138e-01 1.207116349414037171e-01 1.302562106649374496e-01 6.584298200875940421e-02 1.303055306156413740e-01 6.586871452086215384e-02 4.403218388408527972e-02
5.190516323045974989e-01 2.860222997357414476e-01 9.841107563267417202e-01 1.465124337470692650e-01 8.109594292921198377e-01 1.200863182655774186e-01 1.296431326485191771e-01 6.553342710811480010e-02 1.298117484132073340e-01 6.561914618917018271e-02 4.370402687348892007e-02
4.695671891513624185e-01 3.695396423617815507e-01 9.841291549755781798e-01 1.466051466304639228e-01 8.085599486105710110e-01 1.197893780058078145e-01 1.293551620608563990e-01 6.538826858333895986e-02 1.294359144348175561e-01 6.542921249819265428e-02 4.347043944029617413e-02
4.181941659151052204e-01 3.862229598230030869e-01 9.839147802779296681e-01 1.463895925118854635e-01 8.173780836314739062e-01 1.206944337393342920e-01 1.302531268708838896e-01 6.584243549499425863e-02 1.302592884902504244e-01 6.584612830000115269e-02 4.400113162196639394e-02
3.516235287601986448e-01 3.614992527650803811e-01 9.838729902151067686e-01 1.463432506114816234e-01 8.190809373389998926e-01 1.208718065448881746e-01 1.304204185327945964e-01 6.592624209467071172e-02 1.304357336862576877e-01 6.593604790422927242e-02 4.411306092836327769e-02
2.843532100436950150e-01 4.493963375026268081e-01 9.838464120691364778e-01 1.463419726522342812e-01 8.191233646880958785e-01 1.208756130060505835e-01 1.303624922711712764e-01 6.589193159402273459e-02 1.304244696439662288e-01 6.592920503569610347e-02 4.411546048651171503e-02
2.725888439948440101e-01 5.174121042314832053e-01 9.838269064527926933e-01 1.463417346738171421e-01 8.191368630862878586e-01 1.208774507051810637e-01 1.303217580166366740e-01 6.586825204792326471e-02 1.304255802581053003e-01 6.592990282837105087e-02 4.411656439509398925e-02
