8.924738291804344970e-01 2.182833735245136852e-01 9.838953202107821872e-01 1.463414642280796152e-01 8.191476197404361503e-01 1.208789398303921347e-01 1.304224226568931333e-01 6.592735929580144372e-02 1.304306325863213711e-01 6.593207593330804861e-02 4.411753035774522436e-02
8.495051960953720060e-01 2.166532963054358663e-01 9.839020071551971558e-01 1.463414891760450309e-01 8.191441469569080702e-01 1.208784675862304286e-01 1.304200096469393111e-01 6.592632961150771131e-02 1.304317146758597890e-01 6.593264961375565336e-02 4.411713004693897794e-02
7.176142817645910776e-01 2.810290784728532443e-01 9.838877937708129240e-01 1.463437098168994810e-01 8.190642790384813354e-01 1.208689728150229015e-01 1.303836345446854061e-01 6.590585812406699051e-02 1.303982316760803617e-01 6.591536416598811621e-02 4.410862190157302520e-02
6.436189453642771063e-01 3.197371193921731969e-01 9.838813084539106413e-01 1.463453880818501862e-01 8.189833810997296792e-01 1.208653957233158521e-01 1.303669761694047913e-01 6.589631521757161048e-02 1.303825923460093517e-01 6.590727932988790783e-02 4.410552022366282660e-02
5.964397949972393143e-01 3.379295308227659445e-01 9.839257867614491504e-01 1.463794300668412318e-01 8.175834277176721177e-01 1.207510944729335983e-01 1.302705424618318675e-01 6.584863013774530649e-02 1.302876610170278782e-01 6.585940883676758006e-02 4.403470553642148400e-02
4.837693966233653775e-01 4.151324471709103570e-01 9.838942693976365783e-01 1.463590643403159530e-01 8.184380694120538813e-01 1.208189071689733107e-01 1.303734369792210190e-01 6.590294506632368710e-02 1.303763148672072991e-01 6.590449725329765307e-02 4.407950254283361097e-02
4.622799785412574636e-01 4.291769804212988704e-01 9.838730321151550884e-01 1.463433570430926756e-01 8.190766127501430960e-01 1.208719821295536762e-01 1.304276409401821657e-01 6.593045151842029383e-02 1.304279199502217101e-01 6.593061803235467089e-02 4.411310563174703631e-02
4.166788774755628144e-01 4.457162626364444824e-01 9.838761581989046157e-01 1.463518009308603374e-01 8.185758713726272173e-01 1.208006301693493462e-01 1.303424323506935101e-01 6.588623180067519625e-02 1.303559419632118466e-01 6.589433577572473277e-02 4.406803104205591487e-02
2.596805292940125298e-01 5.817204276131527907e-01 9.838229633252875139e-01 1.463498137782343889e-01 8.187144554744232305e-01 1.208194158433888304e-01 1.302637509659936299e-01 6.583926488394262200e-02 1.303695538376834495e-01 6.590183125032784972e-02 4.407917909377117444e-02
2.500366853993090666e-01 6.039912734074215361e-01 9.838045810599824748e-01 1.463419763274358687e-01 8.191254376508311230e-01 1.208758930420696376e-01 1.303031413663829075e-01 6.585817268014028392e-02 1.304265104238207795e-01 6.593094844759202211e-02 4.411549668055477630e-02
