9.158519101139896978e-01 2.236249689526533524e-01 9.838914692797126049e-01 1.463414621095874557e-01 8.191488337171225487e-01 1.208791072814247441e-01 1.304253675426257642e-01 6.592890782823418450e-02 1.304314354364633499e-01 6.593248935828571744e-02 4.411764591531978225e-02
8.914188774742441979e-01 2.302348309057700992e-01 9.838914539891542299e-01 1.463409689708191630e-01 8.191278963434250882e-01 1.208762334159123458e-01 1.304183953069354696e-01 6.592512821849393079e-02 1.304253066352248636e-01 6.592936660745307709e-02 4.411541779159628557e-02
6.619342353821443536e-01 3.195298903157685610e-01 9.838742282115353621e-01 1.463414256301550087e-01 8.191459082355504462e-01 1.208787300106357182e-01 1.303771192125481593e-01 6.590125073944620715e-02 1.303923920729123664e-01 6.591221096709093397e-02 4.411350327882335859e-02
6.520885828128022421e-01 3.237662557751898595e-01 9.838723680443111075e-01 1.463414598912937958e-01 8.191485139519778524e-01 1.208790690589162942e-01 1.303781122643649371e-01 6.590177507195876805e-02 1.303923705105881348e-01 6.591218984540669901e-02 4.411327612247301078e-02
6.415131406083920407e-01 3.301348680471645203e-01 9.838740676529514895e-01 1.463419448888690078e-01 8.191290291761389453e-01 1.208775828518920681e-01 1.303781648814810457e-01 6.590190500603387846e-02 1.303926387335944403e-01 6.591233996133515072e-02 4.411286786975301272e-02
5.199319986407366923e-01 4.129541167343567798e-01 9.838730964235851140e-01 1.463428167851355544e-01 8.190946136468773009e-01 1.208745940413213094e-01 1.304218902573898720e-01 6.592700766729832351e-02 1.304241368361613584e-01 6.592860426938786100e-02 4.411431398235915458e-02
4.739898821028815656e-01 4.468103435391881928e-01 9.838723354053763304e-01 1.463426761903679207e-01 8.190824654391877235e-01 1.208701750161289140e-01 1.304257788177027866e-01 6.592950542367277678e-02 1.304258693351076914e-01 6.592955575937568813e-02 4.411205282689737578e-02
4.358104889449815333e-01 5.282701686785856721e-01 9.838958847720968848e-01 1.463656493572038364e-01 8.177954540740977052e-01 1.206930865288472349e-01 1.302455036793230270e-01 6.583803752234954065e-02 1.302500129811880181e-01 6.584070499289791656e-02 4.400001473178742628e-02
3.773571794909947874e-01 5.738605483841420218e-01 9.838700973698618624e-01 1.463580279420975960e-01 8.182840555861967680e-01 1.207602698749705439e-01 1.302815406848649160e-01 6.585401328226914153e-02 1.303153535231091342e-01 6.587397523159699286e-02 4.404107502340376401e-02
2.955761117024765516e-01 5.970844030469184549e-01 9.838417906642992206e-01 1.463626582006000709e-01 8.181526259753580943e-01 1.207422618976393552e-01 1.302041730370291361e-01 6.581055459150303433e-02 1.302950101046731202e-01 6.586417161908640627e-02 4.402677383254902099e-02
