9.347550052186348601e-01 2.512721598797795219e-01 9.838866889468120824e-01 1.463414238122355826e-01 8.191472980278282634e-01 1.208788962343326362e-01 1.304273256085073107e-01 6.592998138222432025e-02 1.304317603169589668e-01 6.593263655772664544e-02 4.411750767268339535e-02
9.134261868202598889e-01 2.565234222135435727e-01 9.838961042552375469e-01 1.463274545290305095e-01 8.185734765569143701e-01 1.208001324721716119e-01 1.303455371105854410e-01 6.588843045937486931e-02 1.303501656207066706e-01 6.589139727030460247e-02 4.406431824431996519e-02
6.679207749515220227e-01 3.225105637680120707e-01 9.838859925999727807e-01 1.463264877623828564e-01 8.185377624475121960e-01 1.207952287819855086e-01 1.302944253412934295e-01 6.585946950665148847e-02 1.303082976180774122e-01 6.586959730875539820e-02 4.405760045172187750e-02
6.579812011377217384e-01 3.254370856223754993e-01 9.838731788180162807e-01 1.463413368576486073e-01 8.191442229712793122e-01 1.208784770940142528e-01 1.303758513677157338e-01 6.590051881071670725e-02 1.303896590788694021e-01 6.591065647320118459e-02 4.411312972650541231e-02
6.419921145459999146e-01 3.455925941835175652e-01 9.838734441064630465e-01 1.463409534842823601e-01 8.191293124386236357e-01 1.208764649595003571e-01 1.303809843109610123e-01 6.590356955741430434e-02 1.303931852453866502e-01 6.591250674740474491e-02 4.411252406328662612e-02
5.351609794596247083e-01 4.888438669963828254e-01 9.838711390264294199e-01 1.463414636591455764e-01 8.191468850360441589e-01 1.208788507823188307e-01 1.304314071269696007e-01 6.593215915128407267e-02 1.304321494981190988e-01 6.593269811272080283e-02 4.411733884654269605e-02
5.153999855752092740e-01 5.154493968914793944e-01 9.838710909321332077e-01 1.463415721118702661e-01 8.191427533903591351e-01 1.208782703858292396e-01 1.304339232689131767e-01 6.593363050270285852e-02 1.304339308187194568e-01 6.593363474128408064e-02 4.411712388903328563e-02
4.538781301362697085e-01 5.494252260992540382e-01 9.838719470404425627e-01 1.463423847543728062e-01 8.190975797325391605e-01 1.208720620513665661e-01 1.304276672948405935e-01 6.593046106505690007e-02 1.304277764572858711e-01 6.593052556176655365e-02 4.411318615498189405e-02
4.271346612868422432e-01 5.670750263588417717e-01 9.838707565039971348e-01 1.463416953120965647e-01 8.191373042760460299e-01 1.208775227404606661e-01 1.304323438100501997e-01 6.593277125019240958e-02 1.304331634566491815e-01 6.593325465831993693e-02 4.411660728471460818e-02
4.281994337210253687e-01 5.903920097265749067e-01 9.838756644990023226e-01 1.463490502715478203e-01 8.187874420690364197e-01 1.208294613726621503e-01 1.303804929647787159e-01 6.590626015147500738e-02 1.303852801206195067e-01 6.590908577601282958e-02 4.408480415464457319e-02
