9.886502306825032393e-01 3.326075459454619909e-01 9.838710497174194547e-01 1.463414557805180205e-01 8.191486709533821742e-01 1.208790844346398358e-01 1.304347108669753896e-01 6.593402867418080016e-02 1.304347212612895490e-01 6.593403572325706730e-02 4.411764696451909301e-02
9.881318924727332531e-01 3.328820703633299516e-01 9.838710792669416172e-01 1.463414463167974078e-01 8.191483329491010545e-01 1.208790379754581396e-01 1.304345236645506612e-01 6.593392246745831409e-02 1.304341928463767786e-01 6.593372728754418044e-02 4.411757997472013498e-02
9.237569015395800109e-01 3.679932964755117664e-01 9.838917204768127256e-01 1.463070362080238773e-01 8.178973348092049012e-01 1.207072090571929684e-01 1.302477607259414638e-01 6.583815200986181670e-02 1.302088115160661141e-01 6.581523156153323839e-02 4.399817378637668752e-02
9.004219733072328369e-01 3.845166563762280054e-01 9.838750288642853503e-01 1.463253776922229243e-01 8.186415454483023657e-01 1.208093663577324700e-01 1.303447736741736585e-01 6.588675060934323646e-02 1.302874725561784519e-01 6.585293243309091327e-02 4.406495993912937226e-02
7.481471777290994440e-01 4.360352374068108827e-01 9.838749979617662511e-01 1.463293186805329216e-01 8.187715683436866954e-01 1.208272352554091988e-01 1.303710541542679457e-01 6.590077723663832765e-02 1.303389393367880289e-01 6.588183601772393261e-02 4.407960874798556167e-02
5.373116750776653072e-01 5.090660547716048256e-01 9.838709527436060309e-01 1.463414082000913663e-01 8.191466346652173103e-01 1.208788041954275555e-01 1.304342606743657540e-01 6.593378402439199759e-02 1.304336472838306671e-01 6.593342165701014668e-02 4.411741553294535462e-02
5.264997368190379445e-01 5.157174532359941610e-01 9.838709701404662056e-01 1.463414642129891585e-01 8.191488204313924770e-01 1.208791048075564395e-01 1.304347665065560269e-01 6.593405773401671277e-02 1.304347644784412952e-01 6.593405653251166454e-02 4.411764641652580338e-02
5.000854640071529245e-01 5.425461334706658256e-01 9.838710135975409221e-01 1.463415033073816596e-01 8.191466282724645387e-01 1.208788037837391499e-01 1.304344656712553285e-01 6.593390551826351642e-02 1.304344678374291244e-01 6.593390679940538956e-02 4.411745559113936649e-02
4.558685239268817635e-01 5.978875035364302759e-01 9.838710694585559580e-01 1.463415668201693554e-01 8.191435455157183299e-01 1.208783802281495900e-01 1.304340338059712390e-01 6.593368642837794946e-02 1.304340470752966552e-01 6.593369426630309171e-02 4.411717229713406352e-02
4.629728088508235917e-01 6.342895512211819131e-01 9.838710693338792446e-01 1.463415865361939183e-01 8.191431392011443435e-01 1.208783246140120032e-01 1.304339626548433051e-01 6.593364935303340502e-02 1.304339909302633660e-01 6.593366604326672542e-02 4.411711890743985620e-02
