9.891300303691117346e-01 3.333303614270079485e-01 9.838709723940917140e-01 1.463414548814299943e-01 8.191486863235795113e-01 1.208790865781990409e-01 1.304347488765001117e-01 6.593404887609953524e-02 1.304347483593739088e-01 6.593404857278696574e-02 4.411764701129150534e-02
9.888483981403111134e-01 3.336180583577347258e-01 9.838709413482308319e-01 1.463414557969859586e-01 8.191486720522747067e-01 1.208790845799602443e-01 1.304346782033660168e-01 6.593400660537455937e-02 1.304343121831513796e-01 6.593378923896336952e-02 4.411761179922739362e-02
9.505040811622292862e-01 3.727738020613103331e-01 9.838715133672143454e-01 1.463325978384443782e-01 8.188750429925560903e-01 1.208414615433836270e-01 1.303861663506817870e-01 6.590840000260289600e-02 1.303393985309294067e-01 6.588062543388867320e-02 4.408801660202388284e-02
9.320550104402568481e-01 3.905971835914332502e-01 9.838655358265753215e-01 1.463392786552170644e-01 8.190815806987818970e-01 1.208698596855747320e-01 1.304105521443404414e-01 6.592036739739003115e-02 1.303409622695615167e-01 6.587902207677645561e-02 4.410488100815253970e-02
8.610208273611528185e-01 4.112725303862702630e-01 9.838733483895529819e-01 1.463282860925004536e-01 8.187421012513617091e-01 1.208231814188518577e-01 1.303660570617922176e-01 6.589804236396082371e-02 1.303121808241401725e-01 6.586604952489451270e-02 4.407514631020392759e-02
5.651245358036055544e-01 4.996788658961801022e-01 9.838712291580273828e-01 1.463406088923709658e-01 8.191203718991701965e-01 1.208751928887410593e-01 1.304301679671955594e-01 6.593166356566494690e-02 1.304272799700760266e-01 6.592994871183352479e-02 4.411490483515100730e-02
5.336289976788476386e-01 5.209454064237964976e-01 9.838709778374115089e-01 1.463414654387175939e-01 8.191483772876221314e-01 1.208790440301178992e-01 1.304347035145143607e-01 6.593402558134538183e-02 1.304346903315606043e-01 6.593401775110381557e-02 4.411764000489072635e-02
5.265738051089197125e-01 5.789255711397383042e-01 9.838709743356571780e-01 1.463414652852615960e-01 8.191486161630723295e-01 1.208790772316644668e-01 1.304347389759144271e-01 6.593404363250307543e-02 1.304347390209786017e-01 6.593404365915227217e-02 4.411764031004846570e-02
5.011984316222097835e-01 6.331096111553016215e-01 9.838709704219722463e-01 1.463414645686526017e-01 8.191487928563659926e-01 1.208791013854486895e-01 1.304347629675798870e-01 6.593405595128210006e-02 1.304347630345484288e-01 6.593405599089313673e-02 4.411764194943947753e-02
4.896338061630661764e-01 6.473113214770145341e-01 9.838709684206881079e-01 1.463414639823171770e-01 8.191488962896386061e-01 1.208791155112017845e-01 1.304347771577905601e-01 6.593406317304913167e-02 1.304347772124118954e-01 6.593406320532424481e-02 4.411764466743514634e-02
