3.500151840987755780e-01 2.757534354976898805e-01 9.839413358798942966e-01 1.463416207647028344e-01 8.191464438274869142e-01 1.208787780076051588e-01 1.304845113123861144e-01 6.596487672723935769e-02 1.304422616182372152e-01 6.593891442737417896e-02 4.411748591079022591e-02
3.747622278490730929e-01 2.755208994487473029e-01 9.839171155834616211e-01 1.463456848694312251e-01 8.190822674924899127e-01 1.208699447320967790e-01 1.304546907323178018e-01 6.594740931186827970e-02 1.304384771078247462e-01 6.593753438482484464e-02 4.411341502139787957e-02
4.023216036698444298e-01 2.728943643640660555e-01 9.838927808391908503e-01 1.463495824265777789e-01 8.190203507044027109e-01 1.208614309697122746e-01 1.304255211140879778e-01 6.593034529086808093e-02 1.304356210074440470e-01 6.593679507398908513e-02 4.410981254081233066e-02
4.281844732912057361e-01 2.589789292717209479e-01 9.838839527952349950e-01 1.463455660988021989e-01 8.190782350600646078e-01 1.208694248988292919e-01 1.303936507029264669e-01 6.591130459214160353e-02 1.304162760857521253e-01 6.592591980441446509e-02 4.411308092256930463e-02
4.479558166375984807e-01 2.461926228175529141e-01 9.838774413363080562e-01 1.463415150104513118e-01 8.191403795813410049e-01 1.208779622410473403e-01 1.303662440344776907e-01 6.589483775423245204e-02 1.304010974455427074e-01 6.591725022070211992e-02 4.411720691155327639e-02
4.634856271876957590e-01 2.404367925740243661e-01 9.839093663550773083e-01 1.463414200880998606e-01 8.191419334374369088e-01 1.208781717660637467e-01 1.303982301683791201e-01 6.591402705622088909e-02 1.304115444752215747e-01 6.592228181570737588e-02 4.411972300070708675e-02
5.087800352639615387e-01 2.121714402936199229e-01 9.839551938445540991e-01 1.463415158570138819e-01 8.191472036309372928e-01 1.208788847567493357e-01 1.304945851709544968e-01 6.597050960147368692e-02 1.304377832175011853e-01 6.593601322421256683e-02 4.412058899213183727e-02
5.163167294157977594e-01 1.936933679273462605e-01 9.839516220015415149e-01 1.463415517206781979e-01 8.191464989335051072e-01 1.208787852319627015e-01 1.304978358396176319e-01 6.597252268177285217e-02 1.304385246929892772e-01 6.593650390283944951e-02 4.411810456025763716e-02
4.864100441187531598e-01 1.223329209990158817e-01 9.839681033354834572e-01 1.463435035832059139e-01 8.190937055519708077e-01 1.208715072912783101e-01 1.304218847859024422e-01 6.592751202112367981e-02 1.304283701238279913e-01 6.593108036586779741e-02 4.411268837308985474e-02
4.602935069565506909e-01 7.346367824381856704e-02 9.839745597618000383e-01 1.463438944656126339e-01 8.190833036539886258e-01 1.208700729709280969e-01 1.303667398386413323e-01 6.589446740221845122e-02 1.304254226666129723e-01 6.592937963653772160e-02 4.411164039202940257e-02
