3.450864240590956200e-01 3.031791321389679661e-01 9.838993965871974945e-01 1.463420466082118176e-01 8.191395052481990069e-01 1.208778634558696774e-01 1.304332548336870345e-01 6.593449537557646845e-02 1.304053665154457919e-01 6.591854772647111338e-02 4.411652990520873591e-02
3.592103011771484167e-01 3.055856383272567145e-01 9.838948549833615997e-01 1.463550372820897338e-01 8.189286807856598349e-01 1.208497734042366933e-01 1.304092183338333155e-01 6.592209015833462582e-02 1.304025578168266086e-01 6.591872328788693502e-02 4.409878878121333001e-02
3.930850624007055094e-01 2.867829389814011143e-01 9.839069168656401354e-01 1.463879194546692242e-01 8.183517998458447185e-01 1.207741652315470898e-01 1.303391596766732830e-01 6.588676640915513971e-02 1.303456037560581926e-01 6.589096606544828094e-02 4.405109343427775215e-02
4.292386193354599255e-01 2.658463360052746305e-01 9.839108978031505526e-01 1.463658308944401354e-01 8.184457478663188512e-01 1.207904472977617827e-01 1.303318518369826484e-01 6.588179692754779493e-02 1.303601327265291043e-01 6.589748894189804973e-02 4.407439107537523826e-02
4.515585496822880351e-01 2.497181509465731808e-01 9.839007004592981165e-01 1.463409990811720962e-01 8.187450391374150316e-01 1.208276615357701672e-01 1.303364033370631170e-01 6.588191372729815254e-02 1.303969689296516354e-01 6.591552652527807310e-02 4.411163969885834729e-02
4.859043159463538042e-01 2.343402742979858733e-01 9.839389344092160927e-01 1.463412190164918303e-01 8.189863822438453456e-01 1.208577964086445106e-01 1.304308230279991598e-01 6.593466976672608670e-02 1.304220811119757018e-01 6.592804991886301591e-02 4.411862624368090985e-02
5.085996056724524372e-01 2.204442524251900848e-01 9.839609680618984777e-01 1.463421278843665130e-01 8.191271860037511177e-01 1.208761502470945270e-01 1.304953775251891657e-01 6.597077867279266261e-02 1.304368133476875025e-01 6.593560861716259158e-02 4.412051457195746013e-02
5.196856769757167704e-01 2.026822934517522046e-01 9.839610001206346990e-01 1.463421611816010659e-01 8.191269995423977601e-01 1.208760982964538211e-01 1.304860580035733519e-01 6.596544220995291530e-02 1.304354128874624652e-01 6.593486400122169910e-02 4.411776940900587196e-02
5.115023218848633313e-01 1.354992511917135489e-01 9.839798080678333614e-01 1.463533650308716239e-01 8.188077807063747215e-01 1.208320925420795500e-01 1.303920470394377140e-01 6.591321267620305069e-02 1.303884120334636854e-01 6.591086392207098910e-02 4.408673799925669212e-02
4.712793559943440624e-01 7.914558334446462895e-02 9.839948336215774694e-01 1.463665461445561866e-01 8.184655430271310372e-01 1.207849086939815630e-01 1.302971896531510687e-01 6.586060148292970096e-02 1.303409623828715169e-01 6.588672277927948295e-02 4.405495699952793193e-02
