3.387797330457937850e-01 3.300664518954323778e-01 9.838657228632334828e-01 1.463416360082926970e-01 8.191444109739056678e-01 1.208788729757798996e-01 1.303873686884507443e-01 6.590701595620775122e-02 1.303827722598367156e-01 6.590592866366529190e-02 4.411698719361149129e-02
3.458821996537442267e-01 3.305940959700320314e-01 9.838751133861008968e-01 1.463466236293869405e-01 8.189997745820556396e-01 1.208692470325022084e-01 1.304052702464625624e-01 6.591797357891966691e-02 1.304099053904208827e-01 6.592189649575154464e-02 4.411110599424331730e-02
3.641793408733691173e-01 3.254871823073484660e-01 9.839387298634295620e-01 1.464152958295094065e-01 8.167168049432851351e-01 1.206513371391494810e-01 1.302117352354686397e-01 6.582185940321898243e-02 1.302167776008140432e-01 6.582530691941863854e-02 4.397533564925205224e-02
4.261559715063124587e-01 2.945322142261043163e-01 9.841246579506769399e-01 1.465793999367122347e-01 8.091877562451189609e-01 1.197953568964353344e-01 1.293613580608469205e-01 6.539215373414242194e-02 1.294713175234691038e-01 6.544761940603970041e-02 4.351001356349330773e-02
4.892054148030389737e-01 2.598249712016906798e-01 9.840227855352217112e-01 1.464087939925172444e-01 8.142773725844056898e-01 1.203406627440230525e-01 1.298885601695931868e-01 6.565771944225187728e-02 1.300983836265629523e-01 6.576424012006587549e-02 4.390729229516895926e-02
5.143733417280892395e-01 2.455407759784593302e-01 9.839327180283959917e-01 1.463556519631276087e-01 8.181843334113111377e-01 1.207661354697450867e-01 1.303289051617538830e-01 6.588150083490404429e-02 1.303695132938716417e-01 6.590123223648440554e-02 4.407576884156172436e-02
5.173347313844540718e-01 2.304589358668699128e-01 9.839559268697191108e-01 1.463685086236004851e-01 8.183822455361182691e-01 1.207744957250848489e-01 1.303738155703921264e-01 6.590730831369093212e-02 1.303376609423176624e-01 6.588533487681100254e-02 4.405324437353714401e-02
6.243891051057107733e-01 2.116385586865723312e-01 9.839561456275203177e-01 1.463588274847407444e-01 8.184941861275374375e-01 1.207889102597028974e-01 1.303722941861295004e-01 6.590551329855362517e-02 1.303479326362324831e-01 6.589049938875639334e-02 4.405951394490758427e-02
7.651137143549244790e-01 1.972776484308318423e-01 9.839366309876302896e-01 1.463487507856453540e-01 8.185274401180161474e-01 1.207934857158675102e-01 1.303422213968727372e-01 6.588758572258585078e-02 1.303492982812581025e-01 6.589103348397197524e-02 4.406071874896679702e-02
7.239055627755701661e-01 1.677336509901283523e-01 9.839612778598757492e-01 1.463724762249020428e-01 8.179039108309617001e-01 1.207075210765548023e-01 1.302488659645970603e-01 6.583933054453543210e-02 1.302612981264707481e-01 6.584646367989185900e-02 4.400332660818008501e-02
