3.280583917461910581e-01 3.499095766238703442e-01 9.838660023007144151e-01 1.463418008061552755e-01 8.191361826315841643e-01 1.208789425274276186e-01 1.303676702310400393e-01 6.589482882951701315e-02 1.304032085975858901e-01 6.591698669298375057e-02 4.411730420325492980e-02
3.400034418746524789e-01 3.423150513191971500e-01 9.838851402121111533e-01 1.463546231115492591e-01 8.186258252645663980e-01 1.208590647529908108e-01 1.303781627851609559e-01 6.590262146193878734e-02 1.304008695702190135e-01 6.591702687158641771e-02 4.410496399942039764e-02
3.749198812306165918e-01 3.345887952511664154e-01 9.840675348910847831e-01 1.465447391449232750e-01 8.112675292655313619e-01 1.201889766407187310e-01 1.297494289673130630e-01 6.558769578878322071e-02 1.297482985462151683e-01 6.558743025382328395e-02 4.368752853912368644e-02
4.378213279090099053e-01 3.225401420762144533e-01 9.844182562207302034e-01 1.469486329909226452e-01 7.953092017517885415e-01 1.183570440431038900e-01 1.279336436606350047e-01 6.466939339203474357e-02 1.279804986646009557e-01 6.469324229708041385e-02 4.256895685966369941e-02
5.110295949255250214e-01 2.643006049405793867e-01 9.840550579809698162e-01 1.464974391830131950e-01 8.124053392328552947e-01 1.202039312641991348e-01 1.297556721573963345e-01 6.559005377841674311e-02 1.298207862273204338e-01 6.562365675059222969e-02 4.372276812012106800e-02
5.232406321065473653e-01 2.516447201086826624e-01 9.839127185332282588e-01 1.463660804834013840e-01 8.182310097707427010e-01 1.207820933463787244e-01 1.303275806731459541e-01 6.587916024377396540e-02 1.303470432887115504e-01 6.588971460148820847e-02 4.405894215273544606e-02
5.372671958929119418e-01 2.477797291580284278e-01 9.839360870178170959e-01 1.464162161837078702e-01 8.170629684535607451e-01 1.205949118245363688e-01 1.301480933539073681e-01 6.578887491346907535e-02 1.301560986798137309e-01 6.579322052268887777e-02 4.392936376783806302e-02
7.915407069517598204e-01 2.148241813166457126e-01 9.839355417474502374e-01 1.463750362321710741e-01 8.177588103185930990e-01 1.206875857540436608e-01 1.302342509415637672e-01 6.583274412843419243e-02 1.302452337752266209e-01 6.583840722622261166e-02 4.399007282628072252e-02
8.367805978291762425e-01 2.061399488816988423e-01 9.839126313262800405e-01 1.463427952362394702e-01 8.187256331850127911e-01 1.208208029647424436e-01 1.303586540336253985e-01 6.589502379803202636e-02 1.303724239496811266e-01 6.590260526234026361e-02 4.407873890291732349e-02
8.563277418522435847e-01 1.892379272526675815e-01 9.839025111486030539e-01 1.463418546475186433e-01 8.185704252710489515e-01 1.207994182197863198e-01 1.303241881071165731e-01 6.587597337020734134e-02 1.303368958684133494e-01 6.588427894419543462e-02 4.406446749300804017e-02
