2.926012953226659885e-01 3.975768468362508301e-01 9.838626348107359920e-01 1.463426619439863741e-01 8.190928963870747204e-01 1.208733342460917293e-01 1.303570681580991930e-01 6.588853785906972904e-02 1.304123352942163083e-01 6.592195676491835465e-02 4.411397505060438151e-02
3.141434435348045562e-01 3.884601331874439900e-01 9.838889431268359465e-01 1.463632997991677620e-01 8.182335654995059882e-01 1.208171750398720351e-01 1.303177837161857699e-01 6.587017981206562400e-02 1.303596185561078369e-01 6.589558808084257369e-02 4.407843088644667479e-02
4.225392095764177181e-01 3.896231620812327656e-01 9.840110333180942526e-01 1.464895541860900818e-01 8.134061767600548887e-01 1.203573829735109096e-01 1.299140108620658318e-01 6.567053409187691149e-02 1.299127276667699504e-01 6.566993825313606481e-02 4.379217316956551115e-02
4.570791936304831049e-01 4.012250154484208742e-01 9.840363203865630792e-01 1.465282766750578280e-01 8.119276615614881010e-01 1.201201100101094155e-01 1.296818468856819617e-01 6.555330663771774535e-02 1.296839011313896117e-01 6.555440196263191688e-02 4.364342928593926974e-02
4.974405136251877080e-01 3.254688672752522050e-01 9.839747142446628736e-01 1.464345079083149703e-01 8.154760441762989309e-01 1.205156398609057433e-01 1.300684557512868378e-01 6.574843251118099585e-02 1.300798576455748645e-01 6.575464224426080806e-02 4.388962835090413905e-02
5.264909269542842329e-01 2.638681958409977990e-01 9.839083760546429858e-01 1.463635201919460671e-01 8.183880555254775535e-01 1.207996942174758559e-01 1.303435972742927051e-01 6.588714800252129522e-02 1.303561557349297018e-01 6.589430922739221430e-02 4.406589928775947462e-02
5.642831076874068597e-01 2.667539721487179882e-01 9.839155499118845682e-01 1.463906045840822623e-01 8.177374697879661314e-01 1.206875492202915401e-01 1.302252370236854917e-01 6.582684689286856516e-02 1.302372333720930864e-01 6.583413686389075203e-02 4.398939507729447002e-02
7.927802318048733365e-01 2.224434120102455059e-01 9.839212481104577801e-01 1.463633876742084228e-01 8.180180380250670069e-01 1.207233281041913547e-01 1.302588243722096750e-01 6.584417882777406084e-02 1.302722531623174695e-01 6.585191448182743656e-02 4.401338435468597765e-02
8.580395166552718944e-01 1.902512598069742156e-01 9.839017468723840754e-01 1.463417925083922710e-01 8.185791999830984711e-01 1.208006275867565121e-01 1.303254903133985454e-01 6.587664111525570743e-02 1.303381825400008187e-01 6.588493293753523716e-02 4.406526810575200903e-02
8.784495792456425978e-01 1.735810427715687998e-01 9.838875049031765574e-01 1.463406872667478431e-01 8.186222194943636454e-01 1.208065530615557298e-01 1.303182325131632679e-01 6.587136324846441793e-02 1.303296681724375738e-01 6.588025744243679316e-02 4.406922799422327564e-02
