2.499416605147377901e-01 5.842147320881373451e-01 9.838236535521169834e-01 1.463511663796954465e-01 8.186494076918079399e-01 1.208105655849269072e-01 1.302515637692621964e-01 6.583280443463690457e-02 1.303589986881481255e-01 6.589636445173910340e-02 4.407334998608175569e-02
2.749573811068301010e-01 5.699055339815192189e-01 9.838783234482917361e-01 1.463962746340570775e-01 8.163238338408135286e-01 1.204946052452066235e-01 1.299523973759295625e-01 6.568266332063361912e-02 1.300463388618005034e-01 6.573825004761015001e-02 4.386940344524697249e-02
4.449840165573951678e-01 4.512603073588938307e-01 9.838929120624217983e-01 1.463660900920014107e-01 8.179589359306828067e-01 1.207274049986333392e-01 1.302779049712402271e-01 6.585429561944432242e-02 1.302836482572234389e-01 6.585769769849195154e-02 4.402011865803419355e-02
4.623601926207928092e-01 4.318086979319781249e-01 9.838765749403192151e-01 1.463473955253161984e-01 8.189112413737540397e-01 1.208537723644638601e-01 1.304095680464911478e-01 6.592131067583252568e-02 1.304096233308499886e-01 6.592134342999127206e-02 4.410167692991919658e-02
4.862774651294651251e-01 4.148288271746344291e-01 9.838781747851940152e-01 1.463466158069438028e-01 8.189478060395455339e-01 1.208592259617976561e-01 1.304117372746339543e-01 6.592219898400734912e-02 1.304129908916035474e-01 6.592302576178096785e-02 4.410492292481581200e-02
6.169916970422592017e-01 3.335894389036490604e-01 9.838763809111719105e-01 1.463429728925695894e-01 8.190942028410571618e-01 1.208734118028895604e-01 1.303831080012213262e-01 6.590500139268810897e-02 1.303963131987254664e-01 6.591435239697102100e-02 4.411127052791673914e-02
6.498309655667326989e-01 3.230005392220330340e-01 9.838738755198669361e-01 1.463423355197736309e-01 8.191184063527129355e-01 1.208749576961949124e-01 1.303719453085526447e-01 6.589854968882698227e-02 1.303882566209368099e-01 6.591021738783790773e-02 4.411148607075628114e-02
6.708205603861765454e-01 3.132930771367334888e-01 9.838767352708286396e-01 1.463407979849281337e-01 8.190291561209231963e-01 1.208626498006433458e-01 1.303623959010896671e-01 6.589389329871342404e-02 1.303780302799787683e-01 6.590505350269154627e-02 4.410345281779226578e-02
8.839426364992053475e-01 2.058704974900504026e-01 9.838887413283504690e-01 1.463405509067419452e-01 8.188184301782371888e-01 1.208335976479525120e-01 1.303622770441126566e-01 6.589534320612965013e-02 1.303700741778385519e-01 6.590111678217173974e-02 4.408707282501227176e-02
9.011260354201033884e-01 1.982771340537222982e-01 9.838864689087115645e-01 1.463409596372495514e-01 8.188653033685678873e-01 1.208400436640194864e-01 1.303698638683006283e-01 6.589915470327047109e-02 1.303764962622742385e-01 6.590433789293548283e-02 4.409157510046458894e-02
