2.513476616804410368e-01 6.078239460658363402e-01 9.838176935875406759e-01 1.463508703693466029e-01 8.186698282428590545e-01 1.208132884249081967e-01 1.302474783029045347e-01 6.583035500754998159e-02 1.303634745116465654e-01 6.589888617139129379e-02 4.407494657039148084e-02
2.978267898635027500e-01 5.945804646364217794e-01 9.838786727812053323e-01 1.463942195501919119e-01 8.164371503426292032e-01 1.205065012074078984e-01 1.299740262787763279e-01 6.569444669927261560e-02 1.300606120429590173e-01 6.574558995616477941e-02 4.387652849345587830e-02
4.223124949213771240e-01 5.435513564277558718e-01 9.838912308148274333e-01 1.463644017375033690e-01 8.179694188820095802e-01 1.207170910337487663e-01 1.302671231030773091e-01 6.584881442774813409e-02 1.302736807920399364e-01 6.585268850654386885e-02 4.401282017729402779e-02
4.543450203094611117e-01 4.836901538170425563e-01 9.838726144284455355e-01 1.463431058055136569e-01 8.190653306846193971e-01 1.208677130917838738e-01 1.304232600133849451e-01 6.592822736026776598e-02 1.304234165265771572e-01 6.592831758427300515e-02 4.411031920651552196e-02
5.211230411991748523e-01 4.173624593534234761e-01 9.838716140770684682e-01 1.463416012016214296e-01 8.191412313103937359e-01 1.208781594006983623e-01 1.304235339251345327e-01 6.592772164631818810e-02 1.304263547357049635e-01 6.592972802118482467e-02 4.411660546483559681e-02
6.437040417347384968e-01 3.299908501498680091e-01 9.838728801612967034e-01 1.463413892519177528e-01 8.191450257689089076e-01 1.208785866716018120e-01 1.303782381942339419e-01 6.590190391528094604e-02 1.303937084065254770e-01 6.591298628160452422e-02 4.411407990535369528e-02
6.522359525287942938e-01 3.238671186398621726e-01 9.838729880484669010e-01 1.463412528086046327e-01 8.191401192461567060e-01 1.208779106122279262e-01 1.303728286449257201e-01 6.589887417433261396e-02 1.303901109962214144e-01 6.591121238339342492e-02 4.411345900775466566e-02
6.603407732207589032e-01 3.207396609643131669e-01 9.838766239155933846e-01 1.463373983101704245e-01 8.189814925784264510e-01 1.208561371627418779e-01 1.303536148046103016e-01 6.588932218938008123e-02 1.303697992901587666e-01 6.590091200758559087e-02 4.409885938990453641e-02
8.911907337191652401e-01 2.315428057094774950e-01 9.838886780351472350e-01 1.463381646282103932e-01 8.190031718106777214e-01 1.208591076135173414e-01 1.304016847913498367e-01 6.591665901180464304e-02 1.304061514658730048e-01 6.591970571286419334e-02 4.410389147551742328e-02
9.155620457729487516e-01 2.221589399760941497e-01 9.838866153799926684e-01 1.463414061734308602e-01 8.191385120753319482e-01 1.208776857561210671e-01 1.304253668378870523e-01 6.592895669705117756e-02 1.304279089874066933e-01 6.593074157940023716e-02 4.411669060044313972e-02
