3.139262974706502618e-01 6.177859256233461105e-01 9.838343243225216028e-01 1.463488114024876219e-01 8.187711612222239310e-01 1.208272103083272014e-01 1.302976627885061578e-01 6.585842747110139117e-02 1.303791109998420072e-01 6.590653331996065845e-02 4.408406347118794949e-02
3.856439675231067565e-01 5.828296932408211228e-01 9.838734517238987287e-01 1.463597480160311604e-01 8.182098116411470334e-01 1.207500747839607841e-01 1.302748729803372696e-01 6.585088457679824647e-02 1.303051948713594976e-01 6.586879403881770734e-02 4.403412461273974177e-02
4.266033214465022039e-01 5.616109286489350261e-01 9.838739746073403847e-01 1.463449207025905308e-01 8.189729810147904354e-01 1.208549434613258033e-01 1.304097347448857913e-01 6.592132753112618648e-02 1.304107414386649899e-01 6.592192234858644528e-02 4.410196047278341219e-02
4.421175339133197602e-01 5.498343532210097084e-01 9.838714114576848635e-01 1.463419096738675929e-01 8.191259354291889894e-01 1.208759583553890848e-01 1.304315883796490494e-01 6.593244743300126498e-02 1.304316312031499614e-01 6.593247215945267914e-02 4.411562240880527452e-02
5.170738694309586769e-01 4.823329487513761671e-01 9.838713554357162439e-01 1.463413246186197059e-01 8.191392688948448964e-01 1.208777781069280965e-01 1.304265938311517936e-01 6.592948629053209386e-02 1.304282141022124197e-01 6.593066947011885781e-02 4.411646465669526174e-02
6.458879937593722254e-01 3.408389860211422095e-01 9.838734653096410376e-01 1.463401450102999879e-01 8.190997624471464400e-01 1.208723637944694868e-01 1.303757614827416311e-01 6.590087555000757880e-02 1.303886096278686346e-01 6.591026127187056549e-02 4.410997633986261934e-02
6.583593572267150140e-01 3.254873590299346975e-01 9.838763694835289675e-01 1.463368018605427090e-01 8.189633377671802217e-01 1.208536411938287564e-01 1.303506282380402503e-01 6.588776151880060272e-02 1.303654773191629535e-01 6.589856519550969793e-02 4.409704095533054785e-02
6.723423869480272819e-01 3.222284394442445632e-01 9.839007545765856566e-01 1.463076212306834156e-01 8.177651447388644135e-01 1.206891764198437522e-01 1.301899036574162560e-01 6.580674654228106657e-02 1.302041186403089801e-01 6.581709118493045407e-02 4.398669236489863299e-02
9.125652926127050257e-01 2.616102447055357882e-01 9.838953364553073566e-01 1.463249640126158269e-01 8.184715410062066709e-01 1.207861404914338938e-01 1.303320229391512763e-01 6.588162054828597403e-02 1.303355804345731894e-01 6.588403165641273929e-02 4.405488722762455900e-02
9.349092679582102772e-01 2.516676812068116553e-01 9.838833067710084368e-01 1.463411043445620174e-01 8.191340301513629907e-01 1.208770748468173811e-01 1.304270170084891600e-01 6.592992299739010298e-02 1.304292338939900264e-01 6.593138303558697400e-02 4.411628580148026918e-02
