4.694952725087694345e-01 6.458898112783261203e-01 9.838693766269832608e-01 1.463417717371293392e-01 8.191330891466362951e-01 1.208769433984423491e-01 1.304289254039189272e-01 6.593083194754786880e-02 1.304324422194825805e-01 6.593290919059664745e-02 4.411623940777784081e-02
4.693131004474827561e-01 6.132865585234651418e-01 9.838711246504044938e-01 1.463426073753995582e-01 8.190900108753416120e-01 1.208710239144917820e-01 1.304247507174225995e-01 6.592884764372461404e-02 1.304266515541609439e-01 6.592997036953279766e-02 4.411241681901756362e-02
4.645252148232854594e-01 5.544446590009246556e-01 9.838712483922602559e-01 1.463417808699615796e-01 8.191325799324647994e-01 1.208768734003325129e-01 1.304324556674649194e-01 6.593288264438088020e-02 1.304325477303744096e-01 6.593293703142912021e-02 4.411620435934712064e-02
5.023570692776767599e-01 5.265670434291912505e-01 9.838709920142758580e-01 1.463414815493189747e-01 8.191476806377826492e-01 1.208789481995927312e-01 1.304346078915901708e-01 6.593397735079899180e-02 1.304346052610249052e-01 6.593397576598473975e-02 4.411756662027270515e-02
5.397206659917802574e-01 5.085150306811714316e-01 9.838711446778343195e-01 1.463410212971330004e-01 8.191337743634138358e-01 1.208770355843243882e-01 1.304322124585473308e-01 6.593272325026780512e-02 1.304311051028493040e-01 6.593207232562593723e-02 4.411623848754620686e-02
7.681721120118069068e-01 4.252560425519385512e-01 9.838758316051409158e-01 1.463277174914796863e-01 8.187184396152151766e-01 1.208199332574425994e-01 1.303608498698101414e-01 6.589538363962423040e-02 1.303282883367287426e-01 6.587626470325939898e-02 4.407461940642263404e-02
8.929073501476405550e-01 3.826204478424856670e-01 9.838814753207073549e-01 1.463163278543629375e-01 8.183291587407359735e-01 1.207664453636827923e-01 1.302998505771896798e-01 6.586386043763896303e-02 1.302486606200790320e-01 6.583378163120311155e-02 4.403677172969631959e-02
9.220522698827255947e-01 3.634085501512310246e-01 9.838908042804143106e-01 1.463094431587062538e-01 8.179716991021643846e-01 1.207174338421717480e-01 1.302577843430542948e-01 6.584323501015561242e-02 1.302251919519905876e-01 6.582414359592944630e-02 4.400561431954386898e-02
9.873658326595244894e-01 3.327517839988676229e-01 9.838719619743371281e-01 1.463403033599739445e-01 8.191031905316590311e-01 1.208728403144447849e-01 1.304282170375103966e-01 6.593072618447705369e-02 1.304279220737903089e-01 6.593055991120322368e-02 4.411343490008686613e-02
9.885113190351588752e-01 3.324256876571127783e-01 9.838711011193125300e-01 1.463414424767582045e-01 8.191481842251240320e-01 1.208790174379717336e-01 1.304346212114874393e-01 6.593398176184186998e-02 1.304346326413134971e-01 6.593399150709412793e-02 4.411762766835829880e-02
