4.949003806617063295e-01 6.472686376493695937e-01 9.838709598467957340e-01 1.463414649710713111e-01 8.191488228250878301e-01 1.208791054179274294e-01 1.304347477731850613e-01 6.593404687790811736e-02 1.304347663884136976e-01 6.593405787395058282e-02 4.411763998033030321e-02
5.078606526435325286e-01 6.302644267147474721e-01 9.838709715766599251e-01 1.463414709302598149e-01 8.191484083897749846e-01 1.208790484694854256e-01 1.304346974456050690e-01 6.593402189853371509e-02 1.304347099896051854e-01 6.593402930766741055e-02 4.411761311347647124e-02
5.225817894465746294e-01 5.437242791802943120e-01 9.838709741242721574e-01 1.463414673468465821e-01 8.191485998129932611e-01 1.208790747413055477e-01 1.304347356802406377e-01 6.593404210480552363e-02 1.304347365558414795e-01 6.593404262202913479e-02 4.411763341577069203e-02
5.281991837464344863e-01 5.145140619318591124e-01 9.838709758087472723e-01 1.463414635973017963e-01 8.191485058913582362e-01 1.208790616719751243e-01 1.304347223994074545e-01 6.593403533523994886e-02 1.304347166461862217e-01 6.593403192455421502e-02 4.411763760633812675e-02
5.500340584446877790e-01 5.048783926335098649e-01 9.838712219921742497e-01 1.463408157277545363e-01 8.191272565448336485e-01 1.208761397477928629e-01 1.304313740730665694e-01 6.593229860655208663e-02 1.304297963424384532e-01 6.593136333348260936e-02 4.411562683633738630e-02
8.360685762177031410e-01 4.185810343296565428e-01 9.838768415575716020e-01 1.463233853415433494e-01 8.185906782863630049e-01 1.208023609461964520e-01 1.303453473275155150e-01 6.588755149255909327e-02 1.302992401637729780e-01 6.586021961359786459e-02 4.406205970108369868e-02
9.316994140181383832e-01 3.905221221745366345e-01 9.838813851207727224e-01 1.463131451355189350e-01 8.182754500053419644e-01 1.207590180545348169e-01 1.302980010691963120e-01 6.586319416027010265e-02 1.302358999030408249e-01 6.582637942735769521e-02 4.403145134036397235e-02
9.520087577586622274e-01 3.710334353875382463e-01 9.838766475496089070e-01 1.463246968125350989e-01 8.186273390982953257e-01 1.208074064050585900e-01 1.303516781597163221e-01 6.589088426091871398e-02 1.303102596667832236e-01 6.586633296294652773e-02 4.406580670675780409e-02
9.887512346879366865e-01 3.336972034272919774e-01 9.838711180896022590e-01 1.463411498992596427e-01 8.191391672177295025e-01 1.208777776063985204e-01 1.304333360197630354e-01 6.593332369711603358e-02 1.304329278644491552e-01 6.593308193053219746e-02 4.411675831379983925e-02
9.891279091562876769e-01 3.333306974496585418e-01 9.838709787523919337e-01 1.463414476806578213e-01 8.191483921435317450e-01 1.208790459895347641e-01 1.304347080909580847e-01 6.593402820231070161e-02 1.304347070479354720e-01 6.593402763265925060e-02 4.411764485268391406e-02
