9.445695335641143275e-01 1.957102240963660145e-01 9.838975263292339957e-01 1.463393144051410022e-01 8.183509681535305891e-01 1.207692959315824349e-01 1.302780179218595846e-01 6.585205429190424398e-02 1.303032531370175162e-01 6.586733505850371484e-02 4.404778038179470168e-02
9.182190684658727564e-01 2.082235033787441791e-01 9.841834245059714048e-01 1.464243702286948667e-01 8.043158616248876625e-01 1.188380966138755934e-01 1.283716748293062537e-01 6.491458425567772639e-02 1.284449059017894190e-01 6.492824933283028455e-02 4.288053389996761972e-02
7.202177774547759981e-01 2.984311013617904629e-01 9.847168143045322841e-01 1.468337300717259541e-01 7.794570651052781241e-01 1.154183975983094218e-01 1.250144827199144715e-01 6.335772176999895922e-02 1.253493435940460643e-01 6.336451065310749753e-02 4.099957356335149489e-02
6.842503251406449882e-01 3.042537303920494485e-01 9.840855221437593281e-01 1.464559085449206044e-01 8.109068922025867154e-01 1.197452560555421625e-01 1.293009849326530181e-01 6.537322267084411109e-02 1.293354363824947006e-01 6.537933044868016186e-02 4.345002708010867881e-02
6.622043025261431515e-01 2.979337159543400948e-01 9.839462826247913352e-01 1.463449281410659497e-01 8.189050201681828955e-01 1.208455652456065094e-01 1.303928015595778866e-01 6.591342740206447559e-02 1.304013152024545708e-01 6.591732912907349862e-02 4.409759252190807027e-02
6.557432815100386891e-01 2.964154966948559511e-01 9.839561574901014573e-01 1.463414780215400723e-01 8.191479163066124336e-01 1.208789806814001278e-01 1.304265696305815236e-01 6.593093981512335167e-02 1.304346476106953701e-01 6.593400363493058525e-02 4.411756363254376589e-02
6.464486588591360494e-01 2.959753130360223139e-01 9.839579276997950652e-01 1.463426515323676957e-01 8.191248723127502185e-01 1.208758060080015184e-01 1.304247339113883686e-01 6.593012341475919247e-02 1.304321194011624774e-01 6.593278212474389111e-02 4.411552122656026143e-02
4.902701650841203573e-01 2.653037868717874059e-01 9.840097467016808430e-01 1.464747203684076404e-01 8.163326545575592119e-01 1.204911624654805835e-01 1.300819415601498497e-01 6.575927416591234587e-02 1.300644772063600796e-01 6.574817576269056940e-02 4.386316755724229549e-02
4.705062831278822855e-01 2.325159439986862475e-01 9.839708866662799647e-01 1.463632580361264868e-01 8.186561401659059323e-01 1.208112338938390762e-01 1.304260168184886159e-01 6.593588486276634464e-02 1.303883303859636189e-01 6.591278839872496964e-02 4.407711482814267306e-02
4.678329519530239899e-01 2.292527002834174876e-01 9.839496900940253310e-01 1.463425418872979777e-01 8.191242952377125741e-01 1.208757266306817735e-01 1.304977772314976914e-01 6.597309703464269981e-02 1.304578593427652977e-01 6.594853093280617085e-02 4.411682410149057876e-02
