9.580582436741469365e-01 2.556671632886444723e-01 9.838770945373312982e-01 1.463417671406948006e-01 8.190029364049595806e-01 1.208590287620592563e-01 1.303671111541236660e-01 6.589577978976156325e-02 1.303701238400424012e-01 6.589792741716472835e-02 4.410508840913851536e-02
9.202305223633726605e-01 2.615309228132561281e-01 9.839643641716632194e-01 1.463697380285883254e-01 8.151449689417906708e-01 1.203281978230806293e-01 1.298459778450884727e-01 6.563744067247899439e-02 1.298605838075994334e-01 6.564107980909870965e-02 4.378314882735556690e-02
7.087853229923894993e-01 3.054749031921023539e-01 9.841001767817998402e-01 1.464548577437911614e-01 8.103899017336273491e-01 1.196741203983053281e-01 1.292259442908384459e-01 6.532988909936457422e-02 1.292538361148650172e-01 6.533803400500508285e-02 4.339908542494926025e-02
6.888393768469496248e-01 3.064756162178682852e-01 9.839588585627554451e-01 1.463704447090682648e-01 8.171037909873318794e-01 1.205977644224156403e-01 1.301441873232087598e-01 6.578635278827806021e-02 1.301541399607995808e-01 6.579355041712783847e-02 4.394943719627229101e-02
6.724257610543050712e-01 3.021955645842245852e-01 9.839329525907796192e-01 1.463432153563633820e-01 8.190243524485398829e-01 1.208619820740519241e-01 1.304073345553395935e-01 6.592006405002463765e-02 1.304166193631330906e-01 6.592558361667549827e-02 4.410745774098066146e-02
6.487161333071360669e-01 2.980477660673576668e-01 9.839523043084161813e-01 1.463415475567858282e-01 8.191466679205859913e-01 1.208788086820024726e-01 1.304269744043318469e-01 6.593108168762815136e-02 1.304348902858819548e-01 6.593420741748594327e-02 4.411745280323654123e-02
5.544870563392376717e-01 3.000863515397696468e-01 9.839388843021097397e-01 1.463535385994580440e-01 8.189137428184363188e-01 1.208467228114895320e-01 1.304035540264558424e-01 6.591944631028802404e-02 1.304173302696003955e-01 6.592669615423556173e-02 4.409611885065627124e-02
4.311030590070178969e-01 2.962534674527717016e-01 9.839217869687620910e-01 1.463770631262314992e-01 8.184382811936617985e-01 1.207812264448226286e-01 1.303514166523456752e-01 6.589337488623196737e-02 1.303736903329669461e-01 6.590668407666315509e-02 4.405327533985394645e-02
4.469499338793090359e-01 2.609559782329013422e-01 9.839519108590395469e-01 1.463847141120753481e-01 8.182260958599919531e-01 1.207519940681811288e-01 1.303455564191252358e-01 6.589295297319337774e-02 1.303340790325406839e-01 6.588582861399998325e-02 4.403573999424658519e-02
4.546522647442429177e-01 2.372774302707963134e-01 9.839435067680647462e-01 1.463497213360478721e-01 8.189627224792195292e-01 1.208534684301507400e-01 1.304635848907852447e-01 6.595474375064695749e-02 1.304275702390018388e-01 6.593273596539210579e-02 4.410198525565142691e-02
