9.622159076294780622e-01 2.729340022520186371e-01 9.838719983674851788e-01 1.463414858325821633e-01 8.191470322793118486e-01 1.208788416022392731e-01 1.303885655042729685e-01 6.590641828855996198e-02 1.303853259860097424e-01 6.590485635640630502e-02 4.411749716966360119e-02
9.456749867486864414e-01 2.756243340591731927e-01 9.838770780350042378e-01 1.463425749044055812e-01 8.190387588670451358e-01 1.208639366939851384e-01 1.303746278361253286e-01 6.589950780650297157e-02 1.303721324785138413e-01 6.589833875767191207e-02 4.410865273608824411e-02
7.382686544523255900e-01 3.067574972702412639e-01 9.839274351038029831e-01 1.463479388871886389e-01 8.186058296282433533e-01 1.208043997385801621e-01 1.303417224140875907e-01 6.588711736512214978e-02 1.303550461311301922e-01 6.589372690197276006e-02 4.407527282480440400e-02
6.861122553842801119e-01 3.111669904092113637e-01 9.839224331094945653e-01 1.463437221967588964e-01 8.189769608200279105e-01 1.208554623671763001e-01 1.303949497506022015e-01 6.591291141972119294e-02 1.304062415972950806e-01 6.592062921037702972e-02 4.410406409201674677e-02
6.377162020858856417e-01 3.175614450251438847e-01 9.839121040933941353e-01 1.463416769520716476e-01 8.191335360023282997e-01 1.208770023165913338e-01 1.304192217615562366e-01 6.592524848451239428e-02 1.304276623516917311e-01 6.593118042360182618e-02 4.411640813024107072e-02
4.949488913328757289e-01 3.310708398315239664e-01 9.839000599357763388e-01 1.463426195997793167e-01 8.191247587357991522e-01 1.208757911751935227e-01 1.304309549373962041e-01 6.593250460177417505e-02 1.304336223099032410e-01 6.593407173346105266e-02 4.411518540724040233e-02
4.210609957339007670e-01 3.095881282253811762e-01 9.838936467973512512e-01 1.463443501324868390e-01 8.190926973978384096e-01 1.208713741780102768e-01 1.304343117784728390e-01 6.593462518798091920e-02 1.304626510296340580e-01 6.595187459751693237e-02 4.411241749189109829e-02
4.091364131414718108e-01 3.035140024781987078e-01 9.838845547399500679e-01 1.463422332155749073e-01 8.191338745956302514e-01 1.208770461107102068e-01 1.304389903540864037e-01 6.593678216919103552e-02 1.304828722612904335e-01 6.596341870156602338e-02 4.411649652479067429e-02
3.681709430495013202e-01 3.058462688074933267e-01 9.838717479735121785e-01 1.463440400538791042e-01 8.190971630456205244e-01 1.208719889918631329e-01 1.304014561611903378e-01 6.591573515258553062e-02 1.304186569715653776e-01 6.592713405032031571e-02 4.411309088783438304e-02
3.205810815188426255e-01 3.101382243263762772e-01 9.838540673349914778e-01 1.463416141049308505e-01 8.191455457318758127e-01 1.208786538276797884e-01 1.303700322189962901e-01 6.589739095317344308e-02 1.303582374093703866e-01 6.589235668477282093e-02 4.411733910217847943e-02
