9.706764961418536952e-01 2.921291960664590404e-01 9.838724423956695109e-01 1.463414244068341752e-01 8.191466810507499474e-01 1.208777951389802402e-01 1.304024338791798243e-01 6.591461663870412657e-02 1.303998208377209200e-01 6.591339874886140149e-02 4.411764364729466731e-02
9.543753892308869391e-01 2.947932144117416664e-01 9.838737120862265373e-01 1.463414095697901096e-01 8.191439189234281937e-01 1.208773215955660646e-01 1.304022224949741293e-01 6.591456681597540612e-02 1.304000112740392736e-01 6.591361456404720709e-02 4.411752733698021817e-02
6.229994281370629938e-01 3.521612052989245290e-01 9.838729144172295715e-01 1.463414310370934890e-01 8.191388658770681896e-01 1.208776390601678657e-01 1.303826551982001092e-01 6.590372536558836147e-02 1.303860601974290712e-01 6.590798178973217292e-02 4.411685297628613334e-02
5.667076642591830637e-01 3.651942345121566014e-01 9.838661178139925800e-01 1.463415220420966611e-01 8.191434608172595278e-01 1.208783667313343413e-01 1.303739027388887417e-01 6.589853849899778016e-02 1.303770409080421966e-01 6.590334508216662279e-02 4.411679995238226154e-02
5.331303637216007196e-01 3.673858223473371876e-01 9.838672853399400564e-01 1.463429796773548508e-01 8.190665284007385694e-01 1.208678377047596175e-01 1.303732390355528958e-01 6.589896799653018056e-02 1.303762006057653799e-01 6.590317077718234329e-02 4.410959950526843754e-02
4.099884028297335892e-01 3.634901787383794103e-01 9.838683284081807257e-01 1.463454825786831559e-01 8.189758867707280787e-01 1.208554480462230574e-01 1.303757548331001825e-01 6.590138633720495076e-02 1.303820332765531775e-01 6.590657384521719786e-02 4.409947099506436596e-02
3.855279648557584649e-01 3.497570158729573220e-01 9.838653023619021720e-01 1.463425113705176805e-01 8.191070392005986855e-01 1.208733775048331099e-01 1.303866275923110940e-01 6.590629239517789562e-02 1.304043551702721293e-01 6.591873844250556447e-02 4.411068737095785036e-02
3.902482452968945026e-01 3.224021670871485279e-01 9.838725624061184227e-01 1.463419185946664980e-01 8.191389988718806858e-01 1.208777537288563131e-01 1.304146925804200996e-01 6.592252358229312714e-02 1.304453528274536755e-01 6.594193369129272564e-02 4.411563973896787116e-02
3.270937013343665489e-01 3.118341672519010510e-01 9.838548260778748888e-01 1.463414953650076233e-01 8.191482050218407140e-01 1.208790201612603143e-01 1.303751411036154495e-01 6.590021302164926487e-02 1.303706376128944133e-01 6.589942259272374425e-02 4.411754257710635840e-02
3.151409213116289076e-01 3.123281285547909736e-01 9.838507356098084022e-01 1.463414672431601615e-01 8.191488256708371329e-01 1.208791056153432630e-01 1.303640734168043658e-01 6.589393673848741029e-02 1.303515675148221864e-01 6.588863454373268536e-02 4.411756259654006640e-02
