9.889927603876779161e-01 3.330435875276558932e-01 9.838711798027308664e-01 1.463414386191117245e-01 8.191480352080284799e-01 1.208786310775546297e-01 1.304346068467155950e-01 6.593394202316298081e-02 1.304345510556843002e-01 6.593392939106340611e-02 4.411764705851470292e-02
9.861945221783221527e-01 3.331796465021405473e-01 9.838713529520217715e-01 1.463414378619472267e-01 8.191476745164598672e-01 1.208783950022516845e-01 1.304341677978287650e-01 6.593366319576526857e-02 1.304340877672477972e-01 6.593367874174949073e-02 4.411764548196030200e-02
6.476697293692788016e-01 3.616150021176230966e-01 9.838644440878763220e-01 1.463415486198277049e-01 8.191426907281843528e-01 1.208781078739376291e-01 1.303830867026837537e-01 6.590389681434331848e-02 1.303852166555423131e-01 6.590765062372661021e-02 4.411679242356116026e-02
5.563565331987838647e-01 3.694465592582721891e-01 9.838629099639587539e-01 1.463421603794159698e-01 8.191156062124538284e-01 1.208745394223609271e-01 1.303654904662592817e-01 6.589391459105381488e-02 1.303680932932332615e-01 6.589860531848450165e-02 4.411425531764361085e-02
5.433156848077637102e-01 3.694720521038567518e-01 9.838884009284064591e-01 1.463690121239933084e-01 8.178485358880899225e-01 1.207021958436213793e-01 1.301971258494558081e-01 6.580899802123001130e-02 1.302002110247950650e-01 6.581385867208588980e-02 4.400502730527906803e-02
3.890924535439256871e-01 3.660198288441621761e-01 9.839180444624362476e-01 1.464090588213005362e-01 8.161404471933358939e-01 1.204728161846066736e-01 1.299757027414056021e-01 6.569743276393678888e-02 1.299859130931045048e-01 6.570581789638914316e-02 4.384845054262449804e-02
3.718372734424361115e-01 3.647898654984230160e-01 9.838662067696757330e-01 1.463532975252995472e-01 8.186534689187602298e-01 1.208113304851639036e-01 1.303052630542298196e-01 6.586348739875180769e-02 1.303215602518893179e-01 6.587572393748679367e-02 4.406771919316673780e-02
3.601572839958392946e-01 3.658961834645722000e-01 9.838596451193019066e-01 1.463425706038231355e-01 8.191009917535454488e-01 1.208726575151371913e-01 1.303789259609108575e-01 6.590182795402096949e-02 1.303889598498007008e-01 6.590976354397902470e-02 4.411010080717875370e-02
3.099240580477129470e-01 3.359537792947434598e-01 9.838567922068790494e-01 1.463414875244392344e-01 8.191480823591987814e-01 1.208790049330257660e-01 1.303853336217271619e-01 6.590591535414309921e-02 1.303784126123080089e-01 6.590331306133079270e-02 4.411735449699879380e-02
3.117767410043422727e-01 3.169546613997178408e-01 9.838520686388084746e-01 1.463414752619507930e-01 8.191485857831517503e-01 1.208790725974622227e-01 1.303693969582685186e-01 6.589692766134803981e-02 1.303578182503854210e-01 6.589201173500304487e-02 4.411757633399918110e-02
