9.891243231766755351e-01 3.333325325996127075e-01 9.838710420105072352e-01 1.463414461693412216e-01 8.191484601455429893e-01 1.208788958971544619e-01 1.304347797512415419e-01 6.593405955466209722e-02 1.304347684098606241e-01 6.593405819071711249e-02 4.411764705882349757e-02
9.885047323512787809e-01 3.334744574113617799e-01 9.838711057718853015e-01 1.463414397296805003e-01 8.191481444855505112e-01 1.208787017791325968e-01 1.304347280196251346e-01 6.593402219642148510e-02 1.304347093864133555e-01 6.593402722441102370e-02 4.411764704874982651e-02
8.327075327520624404e-01 3.484924129180359542e-01 9.838712147786681239e-01 1.463440669893898982e-01 8.189901366087133372e-01 1.208571042168297277e-01 1.303905678177421090e-01 6.590991775369672845e-02 1.303915333901401463e-01 6.591160185382274883e-02 4.410523576629201553e-02
5.570594394628093360e-01 3.703681318287780355e-01 9.839289715114559742e-01 1.463964575684936209e-01 8.158425957806121342e-01 1.204261555544992035e-01 1.299228590310582965e-01 6.567026879578409526e-02 1.299255017420262170e-01 6.567492820171416668e-02 4.386191418769681133e-02
5.310268326893622381e-01 3.696359068560403638e-01 9.846025251541233869e-01 1.469629368168732242e-01 7.824714122202114375e-01 1.159792995679050503e-01 1.255234010678478729e-01 6.344675245117033235e-02 1.255250575191558526e-01 6.345051846884437741e-02 4.127016093611719783e-02
3.911591230278543274e-01 3.768837305936761362e-01 9.848047956739731656e-01 1.471568395963116782e-01 7.723517435045418322e-01 1.148654866733722774e-01 1.244283916506669641e-01 6.289394686630278564e-02 1.244302277789370026e-01 6.289701880073152174e-02 4.053632662697716216e-02
3.642798436698965747e-01 3.717118764228899974e-01 9.839586455922830766e-01 1.464369457682420661e-01 8.142466449257705907e-01 1.202505059155220407e-01 1.297659982744176765e-01 6.559226524605997477e-02 1.297744638211682788e-01 6.559916145873516402e-02 4.372220382610396416e-02
3.190500690569125219e-01 3.841321993549353109e-01 9.838717602586322108e-01 1.463464831411577793e-01 8.188880690029741727e-01 1.208458773090620025e-01 1.303840520049032448e-01 6.590697050071067653e-02 1.303873318833523864e-01 6.590962753072135416e-02 4.409576399315049550e-02
2.645836987043497790e-01 3.939970761444972491e-01 9.838703486708095802e-01 1.463414923186462102e-01 8.191474522883910314e-01 1.208789308002796298e-01 1.304322536159470136e-01 6.593262714152717252e-02 1.304321163348067802e-01 6.593262300745256210e-02 4.411748440828000550e-02
2.522339498045955697e-01 3.933308445793198826e-01 9.838698828458700696e-01 1.463414642522894438e-01 8.191489035468868529e-01 1.208791164053316242e-01 1.304310226413385732e-01 6.593193036507931371e-02 1.304303528914837751e-01 6.593164526450941143e-02 4.411764244686833258e-02
