9.887756971681432860e-01 3.335574451960471309e-01 9.838711062613267888e-01 1.463414399028614421e-01 8.191481602513193128e-01 1.208787119768776619e-01 1.304347977132643277e-01 6.593406391907133401e-02 1.304347744795712749e-01 6.593406162136447590e-02 4.411764705882007670e-02
9.794227417271201830e-01 3.390287623645417137e-01 9.838710710735895093e-01 1.463414487398185804e-01 8.191483556584188142e-01 1.208788255529504863e-01 1.304347750170332110e-01 6.593405561259617353e-02 1.304347628924976965e-01 6.593405570214688760e-02 4.411764613038916816e-02
7.715768156919214915e-01 4.463839884732759833e-01 9.838946336446638963e-01 1.463621712808909625e-01 8.179609932920841597e-01 1.207156253780174854e-01 1.302702940529997799e-01 6.585069999510892447e-02 1.302704253145564040e-01 6.585090860230422005e-02 4.402479992406965748e-02
5.519582466242932695e-01 4.831779446670951272e-01 9.848340290290068522e-01 1.472111384890071872e-01 7.712485002640168119e-01 1.143214626051806404e-01 1.239225805434080868e-01 6.264064312761619124e-02 1.239239827887135270e-01 6.264231390842295299e-02 4.034601130599119873e-02
4.800746383897470104e-01 4.021135758884770706e-01 9.877204891527331387e-01 1.497242546041258060e-01 6.282286435235741040e-01 9.533974742918734091e-02 1.051158989400191451e-01 5.313310503781758232e-02 1.051107494318345159e-01 5.313110757639226411e-02 2.941923038883175606e-02
4.012515176030666542e-01 4.448490864868751005e-01 9.879633716773811303e-01 1.497394403849070244e-01 6.169116866887529582e-01 9.510391311276225612e-02 1.048883975224077780e-01 5.301886325969153158e-02 1.048624173623437933e-01 5.300415762739675574e-02 2.927332096248288357e-02
3.407795509954646418e-01 4.291000134803670263e-01 9.848319725613458031e-01 1.471156966998000415e-01 7.721710989355720089e-01 1.150430752930065165e-01 1.246518716191555159e-01 6.301072422931243422e-02 1.246387765037952483e-01 6.300326612103167301e-02 4.074071005500887188e-02
2.790294842036968870e-01 3.982640110425346713e-01 9.838866984504252011e-01 1.463538194996949482e-01 8.184460894666517605e-01 1.207932859719643010e-01 1.303497229844146066e-01 6.589108619248208731e-02 1.303487711976147601e-01 6.589056074469158697e-02 4.406680869044006521e-02
2.519017568239313998e-01 3.981820533311619115e-01 9.838709371176301843e-01 1.463414761231660310e-01 8.191483458928422445e-01 1.208790467936152885e-01 1.304343958041815354e-01 6.593385151317526782e-02 1.304341869654432329e-01 6.593373951344753958e-02 4.411759912987891358e-02
2.466693844031287441e-01 3.991104309692165009e-01 9.838708616911592264e-01 1.463414634676821757e-01 8.191489331344906644e-01 1.208791204914353157e-01 1.304342558721339751e-01 6.593376749150119120e-02 1.304339268382789796e-01 6.593359238297398506e-02 4.411764285562267546e-02
