8.810504901364992758e-01 4.122473275934155357e-01 9.838710949829290175e-01 1.463414607804270351e-01 8.191484988444837079e-01 1.208789168689534399e-01 1.304347559511076227e-01 6.593405110770209077e-02 1.304347598558512344e-01 6.593405438589117207e-02 4.411764696664990937e-02
7.182379256694945147e-01 5.090611853524422692e-01 9.838710767876184260e-01 1.463414934704730386e-01 8.191464858440711261e-01 1.208787169043240572e-01 1.304344608375605230e-01 6.593390279742539217e-02 1.304344637032972820e-01 6.593390468454815578e-02 4.411751029710474226e-02
5.801047345310328396e-01 5.687072094223568630e-01 9.838744472902415383e-01 1.463443200838006331e-01 8.189764244641117852e-01 1.208553885900823383e-01 1.304112626526586216e-01 6.592217461750159158e-02 1.304112632076290246e-01 6.592217583888436427e-02 4.410444066136517266e-02
5.519630183360472175e-01 5.725245236697293905e-01 9.839625041401113270e-01 1.464197610080610890e-01 8.146245315250740804e-01 1.202600104517798640e-01 1.298214903774941587e-01 6.562402664100344674e-02 1.298212887925607462e-01 6.562391893634181295e-02 4.376872957209781284e-02
5.051183854686195351e-01 5.496845739054321278e-01 9.848952834131640133e-01 1.473132213109661082e-01 7.692793172489922338e-01 1.142179953672319836e-01 1.238441268872156054e-01 6.260308539349998536e-02 1.238326356295042785e-01 6.259629675210737210e-02 4.027360735945776510e-02
4.201471915729191875e-01 5.938721513893825410e-01 9.847925120372867935e-01 1.472802994772655361e-01 7.780781546312498520e-01 1.156385019221416177e-01 1.252987223521142279e-01 6.334305023411021529e-02 1.252447629937189222e-01 6.331060969907097158e-02 4.102629516571204560e-02
4.076215296752468964e-01 6.074964535207056926e-01 9.840986947336320956e-01 1.465135072829966412e-01 8.130085812864716877e-01 1.201091948523770742e-01 1.297385036279172232e-01 6.558860794904154690e-02 1.296814303839992355e-01 6.555430959283226056e-02 4.364854673673674440e-02
3.410835103293691217e-01 5.209092872633822591e-01 9.839465219592163914e-01 1.463627618247456963e-01 8.182866327646006743e-01 1.207884966442337171e-01 1.303807260737620266e-01 6.591034270506933301e-02 1.303465200318605077e-01 6.588985740920155765e-02 4.406198313434361163e-02
2.357574186293999452e-01 4.310725675646956967e-01 9.838722267735326987e-01 1.463444329182914116e-01 8.190389872434340468e-01 1.208687047371417855e-01 1.304112289292299887e-01 6.592141686898728148e-02 1.303996821418127172e-01 6.591499972226998183e-02 4.411053560360731624e-02
2.259316816062295896e-01 4.372863420728348438e-01 9.838674065839266847e-01 1.463414905875313754e-01 8.191479791362895613e-01 1.208789995514278209e-01 1.304150532762802794e-01 6.592291257536103677e-02 1.304019818002649933e-01 6.591585915754906433e-02 4.411739474330175076e-02
