5.604394954014980668e-01 6.499282110586318550e-01 9.838709711468511809e-01 1.463414633965505474e-01 8.191488080104418756e-01 1.208791024446212864e-01 1.304347648805219972e-01 6.593405699108474682e-02 1.304347648918073310e-01 6.593405700264404201e-02 4.411764705634611816e-02
5.715557422978863045e-01 6.261297816421028672e-01 9.838709790266987332e-01 1.463414642615941674e-01 8.191484880194599416e-01 1.208790587520085502e-01 1.304347206635563805e-01 6.593403463308858403e-02 1.304347206688118710e-01 6.593403463766368822e-02 4.411764405892257962e-02
5.539232909569696828e-01 5.908806138022422161e-01 9.838710521981122170e-01 1.463415274112208619e-01 8.191449715055116876e-01 1.208785752061318219e-01 1.304342442578013683e-01 6.593379400202645235e-02 1.304342421191128920e-01 6.593379270302776596e-02 4.411736863267642916e-02
5.375329246879398948e-01 5.890856985510187771e-01 9.838723280282881678e-01 1.463423503264470737e-01 8.191074735691030728e-01 1.208734388515161490e-01 1.304294198451362852e-01 6.593138374316012684e-02 1.304291543989712088e-01 6.593122071841373000e-02 4.411440828890601795e-02
5.079933352609918851e-01 5.959938603728722750e-01 9.839186142132479995e-01 1.463803919121975661e-01 8.179531032752719311e-01 1.207181085864490189e-01 1.302877526272167019e-01 6.586104815215015895e-02 1.302757624654306556e-01 6.585372124270172378e-02 4.402055511914194225e-02
4.240926348664652012e-01 6.175670853267560823e-01 9.840076573793723469e-01 1.464136802526770087e-01 8.176819318873391751e-01 1.206827306493844232e-01 1.303036650085131753e-01 6.587422614943168331e-02 1.302471266516904147e-01 6.583996249844470405e-02 4.399140019849220873e-02
4.134300366405698757e-01 6.204077722463072764e-01 9.839883353204967875e-01 1.463522395839825518e-01 8.189600552953741897e-01 1.208535606720429340e-01 1.304811919264570463e-01 6.596471645454922428e-02 1.304190408570295445e-01 6.592722595203141800e-02 4.410081718991341881e-02
3.556925883210815265e-01 6.010991246601246063e-01 9.839561776613766630e-01 1.463454244005856220e-01 8.190328975876113304e-01 1.208667557700602441e-01 1.304682246106202703e-01 6.595588466139327977e-02 1.304047556485137815e-01 6.591776648242142489e-02 4.410946488734940329e-02
1.965893326176793576e-01 5.247523823810690269e-01 9.838713968776039431e-01 1.463434988527929081e-01 8.190758163149736149e-01 1.208711679122562999e-01 1.303893554093444318e-01 6.590911045870830043e-02 1.303357807281500524e-01 6.587801068686599537e-02 4.411211966558641756e-02
1.912898569040208663e-01 5.045152218003718936e-01 9.838621612027935726e-01 1.463414796613001501e-01 8.191485167473565587e-01 1.208790471781911458e-01 1.303846982429130164e-01 6.590575750452294657e-02 1.303467294896069606e-01 6.588494951400906963e-02 4.411720086405666180e-02
