5.516135063159790519e-01 6.572231235029843965e-01 9.838709682718038696e-01 1.463414634148125781e-01 8.191489151651173417e-01 1.208791179461243814e-01 1.304347798426732929e-01 6.593406453640288101e-02 1.304347798426675198e-01 6.593406453640471288e-02 4.411764705881920240e-02
5.553936570444750753e-01 6.418159867193051760e-01 9.838709708712232160e-01 1.463414634758108679e-01 8.191488119917914590e-01 1.208791037127072143e-01 1.304347657039401365e-01 6.593405739239106833e-02 1.304347657027226937e-01 6.593405739177085612e-02 4.411764703656871622e-02
5.404558000969819087e-01 5.973181964280483980e-01 9.838709727026553331e-01 1.463414649000439605e-01 8.191487811268112207e-01 1.208790994292664733e-01 1.304347627430013923e-01 6.593405599389497163e-02 1.304347617950218641e-01 6.593405541395970515e-02 4.411764462722988361e-02
5.342278755964814385e-01 5.953633055579892197e-01 9.838711547526084455e-01 1.463414732589762290e-01 8.191486392361604363e-01 1.208790800835522761e-01 1.304348334617667082e-01 6.593410158194099036e-02 1.304347425479603362e-01 6.593404570586269831e-02 4.411762796207482906e-02
5.197761353345722313e-01 5.979917538281046552e-01 9.838813064357009308e-01 1.463425720965802479e-01 8.191284611764267920e-01 1.208763202650675883e-01 1.304369492664847752e-01 6.593568254349410629e-02 1.304321448176204712e-01 6.593274765361807621e-02 4.411586298697917768e-02
4.386963275685568653e-01 6.144189447317293107e-01 9.839549522340367282e-01 1.463471745914698696e-01 8.190547187755286007e-01 1.208662431099097323e-01 1.304684634768951967e-01 6.595582727048752980e-02 1.304264598149410259e-01 6.593037070451535087e-02 4.410914727289544368e-02
4.104634960305595937e-01 6.183705727949314612e-01 9.839788128046436100e-01 1.463431178424536572e-01 8.191218487744482690e-01 1.208754451723411255e-01 1.304968109438875978e-01 6.597206567765767637e-02 1.304368654255936011e-01 6.593588209869495620e-02 4.411521129591589735e-02
2.685505911147264557e-01 5.804506795594766011e-01 9.839154391266218269e-01 1.463438178435967074e-01 8.190645347702758539e-01 1.208719913928162359e-01 1.304359265335507945e-01 6.593646370184044758e-02 1.303617002103803768e-01 6.589168682250937104e-02 4.411301893524897932e-02
1.914423752795476330e-01 5.511837155667552723e-01 9.838739407011064531e-01 1.463417631929788409e-01 8.191402502820012144e-01 1.208778731627737912e-01 1.304051208034570919e-01 6.591780583624055889e-02 1.303265911232378560e-01 6.587078612553734502e-02 4.411690954420076360e-02
1.899053053706124816e-01 5.263149988455830819e-01 9.838675969622026063e-01 1.463418724718130171e-01 8.191351928861891896e-01 1.208775736380373056e-01 1.303920710452152742e-01 6.591021516778666767e-02 1.303372123220445100e-01 6.587839233194338340e-02 4.411641083361243776e-02
