3.513906176232081680e-01 2.765770628435636480e-01 9.839384139919410410e-01 1.463422287369142705e-01 8.191361987024111668e-01 1.208775079245299755e-01 1.304797246370479336e-01 6.596212640627148460e-02 1.304391808364990524e-01 6.593727439776089772e-02 4.411671669386237060e-02
3.760937416020834201e-01 2.751185721024414499e-01 9.839173405318633048e-01 1.463493916932685490e-01 8.190170437324215680e-01 1.208623882316905152e-01 1.304461445554798149e-01 6.594300807009575993e-02 1.304299473742348003e-01 6.593318757218960546e-02 4.410840550897944523e-02
4.031504816082477349e-01 2.719754670328382584e-01 9.838961753409488642e-01 1.463560562850595437e-01 8.189044655334438705e-01 1.208480450885328350e-01 1.304115497553668401e-01 6.592330680692284894e-02 1.304205657399373497e-01 6.592909973857176420e-02 4.410070705593763934e-02
4.295468277106200827e-01 2.580264261932024850e-01 9.838874975195192052e-01 1.463485618656518994e-01 8.190173836197539581e-01 1.208624420359870888e-01 1.303865538584023098e-01 6.590788806116071319e-02 1.304091820811487112e-01 6.592232386465970984e-02 4.410922509062468327e-02
4.500468000153675097e-01 2.460375999010900039e-01 9.838822019976594113e-01 1.463418794223883823e-01 8.191283267711221283e-01 1.208764535549792241e-01 1.303715223416618829e-01 6.589824783359730931e-02 1.304021248425788482e-01 6.591789766140318529e-02 4.411725545389253572e-02
4.751291042854240421e-01 2.368853638957305607e-01 9.839133744907362367e-01 1.463418651062101949e-01 8.191269258406281839e-01 1.208761507529726720e-01 1.304219645261738558e-01 6.592775656580997234e-02 1.304160808071377631e-01 6.592499557607431337e-02 4.411876409326725285e-02
5.052133542199142013e-01 2.211822151245257106e-01 9.839555380937444751e-01 1.463422830503831595e-01 8.191269962473035626e-01 1.208761054746590596e-01 1.304937666404741847e-01 6.596983878683208846e-02 1.304352959165069326e-01 6.593488025442184597e-02 4.412009020903648326e-02
5.081060849658481926e-01 1.971249288999284976e-01 9.839584832535793746e-01 1.463425872668643046e-01 8.191196260431737874e-01 1.208750827469376732e-01 1.304901262735962963e-01 6.596792478477049582e-02 1.304350226333748919e-01 6.593472490060094116e-02 4.411747582312738197e-02
4.767634500985372670e-01 1.061566525616511880e-01 9.839752329008741860e-01 1.463464944521678801e-01 8.190132985142135613e-01 1.208604223361704200e-01 1.303948908018303376e-01 6.591225887627352731e-02 1.304169373619867289e-01 6.592523973590028175e-02 4.410549181374830846e-02
4.603176526009641889e-01 7.342860375205652324e-02 9.839774184024102643e-01 1.463481200803674609e-01 8.189693155378249267e-01 1.208543583557939588e-01 1.303515278795305266e-01 6.588681037975065158e-02 1.304099561681255348e-01 6.592156094989513881e-02 4.410116764725276889e-02
