3.460326850049030289e-01 2.990026826514358138e-01 9.839026022804782112e-01 1.463436039148834633e-01 8.191075349545767770e-01 1.208750406506819280e-01 1.304309616117040882e-01 6.593349851143313900e-02 1.303978202610135140e-01 6.591441836361477957e-02 4.411466051655086457e-02
3.654133528902840933e-01 2.918115027286080077e-01 9.839086096828368877e-01 1.463688854627254732e-01 8.186099384237753851e-01 1.208259460277284619e-01 1.303861716002020776e-01 6.591074798800240775e-02 1.303687702745446875e-01 6.590091074017243034e-02 4.408335419865135052e-02
4.012509952985959250e-01 2.770061235050905180e-01 9.839221656954877382e-01 1.464088589467559542e-01 8.177287058865163605e-01 1.207359902022240444e-01 1.302980164067821522e-01 6.586577065797040442e-02 1.303056459598659900e-01 6.587046930788993671e-02 4.402790335688835238e-02
4.356215975288540987e-01 2.612948697435126810e-01 9.839209490804744496e-01 1.463786957116879062e-01 8.180503238874334837e-01 1.207608411325360037e-01 1.302934197117049386e-01 6.586156346131460948e-02 1.303287846255375970e-01 6.588128507292967395e-02 4.405569434843699395e-02
4.671226726024870213e-01 2.487304186872463241e-01 9.839073725105224044e-01 1.463460327641466774e-01 8.187628495812399043e-01 1.208331271677589996e-01 1.303459111938732040e-01 6.588681699063959896e-02 1.303916006680137796e-01 6.591223690601565044e-02 4.410464882732674508e-02
4.982323836117303339e-01 2.417953702313815068e-01 9.839145754686052792e-01 1.463466241905357623e-01 8.189033223670521000e-01 1.208469594522718210e-01 1.303958745341000924e-01 6.591461099734961804e-02 1.304054123776218210e-01 6.591931734360088890e-02 4.410497587810173481e-02
5.131154989157258317e-01 2.185075871142742321e-01 9.839464707090820328e-01 1.463506993681618351e-01 8.189059936176278365e-01 1.208457922749446301e-01 1.304518325408281498e-01 6.594773846663018468e-02 1.304058939537065254e-01 6.591989650719104477e-02 4.409846965623383241e-02
5.161039885635623214e-01 1.970003991429867263e-01 9.839527574944518795e-01 1.463457319037262117e-01 8.190404751612980760e-01 1.208641824203006698e-01 1.304824192033593733e-01 6.596457132385796784e-02 1.304241802019695529e-01 6.592924612807109230e-02 4.410865380337487124e-02
4.977953149824480561e-01 1.454465754532750787e-01 9.839709257316513469e-01 1.463540061325072639e-01 8.188115251901810776e-01 1.208326074935436312e-01 1.304075114987494621e-01 6.592252033202948558e-02 1.303908426629190320e-01 6.591220838805331161e-02 4.408689366403715365e-02
4.693429845953940860e-01 8.312396607747071786e-02 9.839933482295384337e-01 1.463695369845178229e-01 8.183908955556296050e-01 1.207746169644181577e-01 1.302887807482828453e-01 6.585653829202524345e-02 1.303311651326879428e-01 6.588177899955162398e-02 4.404809299609012407e-02
