3.408619854857548592e-01 3.233570840305713956e-01 9.838670729192527942e-01 1.463425886884612004e-01 8.191178691523078870e-01 1.208775511688281595e-01 1.303908579224172526e-01 6.590944236885590279e-02 1.303702313205176155e-01 6.589904127405674106e-02 4.411600194228757627e-02
3.480512504135325202e-01 3.243765233538709603e-01 9.838843970812420903e-01 1.463602971215997306e-01 8.186004361311133293e-01 1.208461033881575719e-01 1.303782013806165097e-01 6.590422351837192660e-02 1.303693122813546490e-01 6.590032472899202964e-02 4.409610800595870767e-02
3.808778432453173157e-01 3.136059336991764424e-01 9.839788085202341161e-01 1.464647687700068313e-01 8.150597075918444290e-01 1.205224990608566443e-01 1.300790159886521802e-01 6.575440684947611580e-02 1.300862527924654122e-01 6.575856696682232105e-02 4.389803845820778455e-02
4.452465811169535881e-01 2.844307205022501006e-01 9.840726272179866063e-01 1.465275081346639197e-01 8.116552970380898069e-01 1.200944409547831382e-01 1.296506839274235434e-01 6.553764756331713348e-02 1.297287958003228436e-01 6.557741993613028231e-02 4.367251425811003590e-02
5.020432957984383160e-01 2.570284727458874707e-01 9.839721563452413777e-01 1.463990356528750703e-01 8.161019856368967318e-01 1.205438295860749159e-01 1.300877899041224806e-01 6.575799062581955123e-02 1.301824436040516231e-01 6.580639792436843161e-02 4.395845388198386244e-02
5.205265097400403329e-01 2.494795489651971399e-01 9.839138157749002245e-01 1.463618287988908973e-01 8.183020724636292931e-01 1.207759014425976996e-01 1.303228162197323237e-01 6.587699300461505314e-02 1.303532118467865264e-01 6.589281228671468871e-02 4.406385824055687739e-02
5.232575196865342226e-01 2.311873529490579282e-01 9.839359216237628658e-01 1.463740078757864160e-01 8.182628412992456468e-01 1.207589774185490183e-01 1.303327430127543818e-01 6.588447234368875749e-02 1.303211961860098744e-01 6.587683655250156645e-02 4.404064735478178949e-02
5.319259822895215928e-01 2.017289275433809259e-01 9.839584358011309595e-01 1.463574804813872754e-01 8.187382558065627869e-01 1.208226454144745721e-01 1.304252721606862786e-01 6.593420644571343359e-02 1.303820858526906490e-01 6.590784995363105359e-02 4.408055012305409776e-02
5.608282533002005854e-01 1.764981172026465484e-01 9.839626843035915726e-01 1.463553481851655180e-01 8.187584497698789932e-01 1.208253077800545972e-01 1.304103104719755990e-01 6.592497037910359514e-02 1.303814702682139781e-01 6.590742979170559346e-02 4.408209665103995228e-02
5.725967178511721656e-01 1.265449025491388324e-01 9.839830317579452146e-01 1.463741656117151790e-01 8.182123957830942373e-01 1.207500168365226584e-01 1.302954837556816459e-01 6.586286139404066986e-02 1.303008182510092261e-01 6.586637817503586401e-02 4.403196398014214141e-02
