3.389249850721864910e-01 3.364659357746707657e-01 9.838684635873867768e-01 1.463420899962287192e-01 8.191264231551892427e-01 1.208781707456018650e-01 1.303920272226278265e-01 6.590949112783038577e-02 1.304032631025550670e-01 6.591745404205269498e-02 4.411677564447761407e-02
3.485818561096293289e-01 3.344636150705452837e-01 9.838821351029684026e-01 1.463496684535452730e-01 8.188433680588258490e-01 1.208570270161755389e-01 1.303985413887458755e-01 6.591486793651429865e-02 1.304088346037267365e-01 6.592195191989302927e-02 4.410382621712098661e-02
3.730308832432336352e-01 3.347151754522719180e-01 9.839799677680677314e-01 1.464514371396215264e-01 8.149695146768249909e-01 1.204624924341931302e-01 1.300215659944756463e-01 6.572536501073752979e-02 1.300272836686558464e-01 6.572907189354107449e-02 4.385993025711102528e-02
4.361651311632733785e-01 3.199297907705960231e-01 9.842056603372785206e-01 1.466917567084827234e-01 8.052806832557425354e-01 1.193953332619567403e-01 1.289638611580923300e-01 6.519046895102136030e-02 1.290173380066857722e-01 6.521770185306947909e-02 4.322234104341161898e-02
5.048244117783667884e-01 2.764075154682589797e-01 9.840941467555270883e-01 1.465382649208833710e-01 8.106634967903838529e-01 1.199754008142633332e-01 1.295315942906844209e-01 6.547696440067479751e-02 1.296360862638641087e-01 6.553030040209763263e-02 4.360523574156058291e-02
5.333739864764085459e-01 2.600105215332568220e-01 9.839480238820859093e-01 1.464033509033023650e-01 8.166848643863334756e-01 1.205964033580708555e-01 1.301425020972555024e-01 6.578553189657339317e-02 1.301853675423034762e-01 6.580796367561789206e-02 4.395343826961406464e-02
5.687117745950310832e-01 2.589553578210740947e-01 9.839272847872099215e-01 1.463825100822944147e-01 8.178181051356442355e-01 1.207042385047062405e-01 1.302491975770862231e-01 6.583976562059504212e-02 1.302577027520223363e-01 6.584454466689047825e-02 4.400404341553831172e-02
6.766037725534120861e-01 2.250180036169059650e-01 9.839299610934043594e-01 1.463553479828255122e-01 8.186528714328230594e-01 1.208112989782276353e-01 1.303631815054417942e-01 6.589845317533044033e-02 1.303604956921177727e-01 6.589662000518992091e-02 4.407228323804004977e-02
8.002344712644886560e-01 1.960571022709612365e-01 9.839116879679978833e-01 1.463434457148350687e-01 8.188893678147263211e-01 1.208433705121552265e-01 1.303796023188032727e-01 6.590527692651027003e-02 1.303873639370205229e-01 6.590999795118701599e-02 4.409380419451207345e-02
8.393179677815185702e-01 1.766870715400757352e-01 9.839003177083902596e-01 1.463432765728280016e-01 8.187312882480379805e-01 1.208215759946158624e-01 1.303424502211105729e-01 6.588464878694967608e-02 1.303525398093719201e-01 6.589202189552591238e-02 4.407933335695567167e-02
