3.256184396858033403e-01 3.616426095750334135e-01 9.838687681137525676e-01 1.463418843815989523e-01 8.191334663382835446e-01 1.208782514067764519e-01 1.303707396268435348e-01 6.589627858421148732e-02 1.304251616038650252e-01 6.592920818515690673e-02 4.411713001749532209e-02
3.535755518519569374e-01 3.591298716223940146e-01 9.838782973689654821e-01 1.463470035294497096e-01 8.189368445711341371e-01 1.208604503998662316e-01 1.303876099809962719e-01 6.590783747586424768e-02 1.304170766726933106e-01 6.592593746160567425e-02 4.410608477032414848e-02
4.080944660162737492e-01 3.798181454520635492e-01 9.839282394599350168e-01 1.463993517821323143e-01 8.169357304787335794e-01 1.206483216081562226e-01 1.302027325395059554e-01 6.581655660769510086e-02 1.302087328021240553e-01 6.582038084026380076e-02 4.397430757125868339e-02
4.562284322557607630e-01 3.848987047496930658e-01 9.840357538846750129e-01 1.465203070025972720e-01 8.122010282944045478e-01 1.201341649844413634e-01 1.296956759270801451e-01 6.556034021808430923e-02 1.297083777992310283e-01 6.556694281205405206e-02 4.365895554063406458e-02
5.326303648501954369e-01 3.434053069981982120e-01 9.840215226134496618e-01 1.464875734047972056e-01 8.131839448419067029e-01 1.202492401481344841e-01 1.297952679663376407e-01 6.560973265009657773e-02 1.298312179553126611e-01 6.562887915804160865e-02 4.373558435601491989e-02
6.214579750454426454e-01 3.155606225631970019e-01 9.839090154098042440e-01 1.463679940171118965e-01 8.177484959437114620e-01 1.207174333419720053e-01 1.302288124989309515e-01 6.582701180938202445e-02 1.302511545828990702e-01 6.584099238398714860e-02 4.401415493295428999e-02
6.536663937432508620e-01 3.163321372162937739e-01 9.838845174798389603e-01 1.463407236368862441e-01 8.186978450518637151e-01 1.208186036196861879e-01 1.303197271854103223e-01 6.587243527401287491e-02 1.303358181886211109e-01 6.588373995541720041e-02 4.407427176622617099e-02
7.415823240760156532e-01 2.645069493081068090e-01 9.838967203446171705e-01 1.463394376529547347e-01 8.188091169205653497e-01 1.208324379457038078e-01 1.303506709104114147e-01 6.588950841068114128e-02 1.303655989058164211e-01 6.589898206182297213e-02 4.408472263557009635e-02
8.426432389991805882e-01 2.011639717410891037e-01 9.839042876993862041e-01 1.463414098308097600e-01 8.187538478254585694e-01 1.208246943125543121e-01 1.303541202263159005e-01 6.589182625427268680e-02 1.303678265733111408e-01 6.590009316070592760e-02 4.408122813990654476e-02
8.696320477316640263e-01 1.811002266484645906e-01 9.838931133679041929e-01 1.463408990116879249e-01 8.186440971150512613e-01 1.208095677868609163e-01 1.303267644770062794e-01 6.587636787563318219e-02 1.303389408671486727e-01 6.588511005028688250e-02 4.407123861087625105e-02
