3.224082627575275972e-01 3.985559985568245533e-01 9.838676920838642648e-01 1.463420802068123028e-01 8.191223606189207418e-01 1.208765443343660095e-01 1.303744229078767636e-01 6.589841099129431501e-02 1.304224657285371625e-01 6.592742271554724587e-02 4.411609825488424508e-02
3.898516653737795767e-01 4.225180908547219172e-01 9.838718070797896065e-01 1.463434735756750926e-01 8.190703999147763703e-01 1.208722812038428018e-01 1.304034774153249032e-01 6.591607007308143695e-02 1.304247197902447808e-01 6.592894574201096924e-02 4.411342420520292240e-02
4.508301993280035003e-01 4.329052520382092317e-01 9.838774119249138472e-01 1.463481972524178498e-01 8.188913567739173338e-01 1.208525931718329172e-01 1.304062397076784230e-01 6.591944469046386035e-02 1.304084408253673721e-01 6.592079797342187408e-02 4.410115171369701631e-02
4.783178274143087827e-01 4.327266038477491916e-01 9.838867523510446134e-01 1.463585993863476820e-01 8.184842040920462525e-01 1.208080622066244891e-01 1.303635581441498215e-01 6.589800220250056906e-02 1.303644182630424864e-01 6.589849523765681227e-02 4.407350261416456694e-02
5.498206141639994105e-01 4.071881248407316911e-01 9.838885122338429934e-01 1.463551810382490992e-01 8.184564206911499884e-01 1.208038456958658996e-01 1.303428452082665556e-01 6.588647971688527116e-02 1.303491121915204831e-01 6.589065211246106224e-02 4.406942295770902712e-02
6.420919422611809368e-01 3.336684973233889351e-01 9.838797344788376975e-01 1.463368245316898908e-01 8.188205023537984406e-01 1.208357491127999284e-01 1.303375517439969433e-01 6.588146722251139731e-02 1.303527366961740597e-01 6.589228346064039676e-02 4.408568989748430644e-02
6.536242141343936440e-01 3.232397731115725925e-01 9.838793692342265862e-01 1.463344595261817371e-01 8.188403129089465438e-01 1.208367922117260240e-01 1.303340095309339641e-01 6.587939238678250375e-02 1.303501357254969462e-01 6.589094052888368191e-02 4.408579494023837086e-02
6.979351119381457247e-01 2.967866812969583434e-01 9.838893568748303675e-01 1.463365794277650400e-01 8.186932253350031052e-01 1.208164550449876556e-01 1.303240177279623990e-01 6.587511890420164051e-02 1.303392468041511265e-01 6.588553961821014271e-02 4.407304893513856042e-02
8.454863577111324524e-01 2.156804173570934791e-01 9.839084324381447422e-01 1.463418573341891682e-01 8.184346059137902474e-01 1.207807220968451223e-01 1.303154311413121658e-01 6.587256476179954856e-02 1.303263307736385324e-01 6.587920457751109127e-02 4.405168905550480019e-02
8.868906753998064829e-01 2.010751194009651188e-01 9.838956252624933008e-01 1.463414902773400306e-01 8.186875646135811646e-01 1.208155581725019884e-01 1.303481547025032994e-01 6.588859375940463170e-02 1.303563738947112749e-01 6.589426378711808752e-02 4.407522817575595248e-02
