3.903221255448412474e-01 5.179540658669116171e-01 9.838744886406957102e-01 1.463470970503285840e-01 8.188520896881513744e-01 1.208385016923473193e-01 1.303784494753054135e-01 6.590415338009135426e-02 1.303907663903089709e-01 6.591161365008055273e-02 4.409161278591233746e-02
4.222249611669987024e-01 5.306238660966822174e-01 9.838718422034590239e-01 1.463428260981727569e-01 8.190786999104240351e-01 1.208696327354696898e-01 1.304216099751218938e-01 6.592706420853053362e-02 1.304243632731080516e-01 6.592874102989512708e-02 4.411155821539615440e-02
4.499661957536823520e-01 5.008971696719441979e-01 9.838714280739228046e-01 1.463420042878442462e-01 8.191252426504824768e-01 1.208763508521357999e-01 1.304314809922879626e-01 6.593234760970516362e-02 1.304319150045151754e-01 6.593261133799754870e-02 4.411590729003517924e-02
4.980601229109388184e-01 4.873088933271471079e-01 9.838715709202996429e-01 1.463420547133499894e-01 8.191236145830683713e-01 1.208763685061633730e-01 1.304317681265481921e-01 6.593252305786639900e-02 1.304318678738039528e-01 6.593258856006470325e-02 4.411594559624756190e-02
5.332910036202562765e-01 4.896880384329622138e-01 9.838717267539677236e-01 1.463412771715345007e-01 8.191200468376833577e-01 1.208754707633054037e-01 1.304273223535451220e-01 6.593005034250544460e-02 1.304283732929222284e-01 6.593080043862013795e-02 4.411507059728773245e-02
6.004022774151889230e-01 4.051812151232885295e-01 9.838752613571554173e-01 1.463377065601986216e-01 8.189866413926338851e-01 1.208569366982982785e-01 1.303804004300665731e-01 6.590451548595330222e-02 1.303890440045023247e-01 6.591073842229079605e-02 4.410089368728815212e-02
6.530423447333389975e-01 3.341775725931999674e-01 9.838786221064838022e-01 1.463346892392721199e-01 8.188595303934593783e-01 1.208393947196145096e-01 1.303404952831684060e-01 6.588290707601487939e-02 1.303543776324279924e-01 6.589298825477363231e-02 4.408769696611741090e-02
7.191322583522236078e-01 3.067617044387371816e-01 9.838865228774782423e-01 1.463354287452837965e-01 8.186828166509545479e-01 1.208150214770213893e-01 1.303256431650224312e-01 6.587602642681214538e-02 1.303344658357577790e-01 6.588264415792652318e-02 4.407188263121062516e-02
8.846070201715848791e-01 2.308495908935247476e-01 9.838974816621252062e-01 1.463410693616036540e-01 8.187056650885188303e-01 1.208180673129971433e-01 1.303609245843877218e-01 6.589606081267994353e-02 1.303650300321606281e-01 6.589870915913255411e-02 4.407651823273891351e-02
9.115479949555204131e-01 2.214022440799378599e-01 9.838905401254440797e-01 1.463415474740831779e-01 8.190187381078077866e-01 1.208611843463524710e-01 1.304075939506268711e-01 6.591990058627097970e-02 1.304114766391396008e-01 6.592240865321263854e-02 4.410567044269952247e-02
