4.016613864316920801e-01 5.659506004761344355e-01 9.838896366841802799e-01 1.463670046908441824e-01 8.178173559539334558e-01 1.206961393599400717e-01 1.302368876761015037e-01 6.583281732978908674e-02 1.302522342756572138e-01 6.584189405519023930e-02 4.399970745038900982e-02
4.229481639599835807e-01 5.620952343672790397e-01 9.838752163663977424e-01 1.463468769742773679e-01 8.188679809595016401e-01 1.208405139672060480e-01 1.303936497213202261e-01 6.591306375442355925e-02 1.303962979376979969e-01 6.591463028397433199e-02 4.409273346605988714e-02
4.436173651929665174e-01 5.550530104404972631e-01 9.838716441590568129e-01 1.463424157136915538e-01 8.190992605104847613e-01 1.208723002855318501e-01 1.304273633372972085e-01 6.593026712098595810e-02 1.304279750143140792e-01 6.593062885865487444e-02 4.411326239809485600e-02
5.091162155727229077e-01 5.264636799517363741e-01 9.838709999233270498e-01 1.463414985213057629e-01 8.191467948950077460e-01 1.208788322041000063e-01 1.304344509125186791e-01 6.593389512157281362e-02 1.304344788911535047e-01 6.593391215903507407e-02 4.411748391003982028e-02
5.284596061395754329e-01 5.137836381711984313e-01 9.838709973937971309e-01 1.463414431054510245e-01 8.191476305168812200e-01 1.208789422650382306e-01 1.304344407652473781e-01 6.593388249559697933e-02 1.304344676306257722e-01 6.593390370661809941e-02 4.411754655876053144e-02
5.531965888790805197e-01 4.961583673313701426e-01 9.838716046515380009e-01 1.463405170911454278e-01 8.191141282667032675e-01 1.208743404671965838e-01 1.304260148253523766e-01 6.592936252502967776e-02 1.304254565204050476e-01 6.592915318076614239e-02 4.411416863004623268e-02
7.385008593596585902e-01 4.071286550214306410e-01 9.838759904274413381e-01 1.463306564740694538e-01 8.187889223788336057e-01 1.208296368295253276e-01 1.303627146278434623e-01 6.589592414541724230e-02 1.303416449849739145e-01 6.588395842480899989e-02 4.408131203539374099e-02
8.943230640097554751e-01 3.667472848079657566e-01 9.838789020458826862e-01 1.463249033147568379e-01 8.185925665912354710e-01 1.208026187548171676e-01 1.303384644343685839e-01 6.588365303647029936e-02 1.302961421252421259e-01 6.585879134264056856e-02 4.406194047963814947e-02
9.376927399309943345e-01 3.032227549947120737e-01 9.838812214149508240e-01 1.463352710675988599e-01 8.188970257420007393e-01 1.208444687409810786e-01 1.303912049589649458e-01 6.591136198993621798e-02 1.303754079951692235e-01 6.590208065031308293e-02 4.409282621847065292e-02
9.434099791441865612e-01 2.677837921880089067e-01 9.838817545575078150e-01 1.463410263591243266e-01 8.191113229592579259e-01 1.208739428050190218e-01 1.304243620266402615e-01 6.592857247505828910e-02 1.304251906711156039e-01 6.592916599229710350e-02 4.411409021419943760e-02
