3.048087849350889500e-01 5.948310795666678086e-01 9.838702985842762150e-01 1.463830508826792498e-01 8.169888764138134585e-01 1.205822929955557704e-01 1.300545482331419700e-01 6.573553116824376596e-02 1.301360584882405025e-01 6.578367981930380304e-02 4.392612887679959999e-02
3.807914429531809031e-01 5.852344367422032123e-01 9.838705810429042575e-01 1.463585330378210925e-01 8.182626103703266596e-01 1.207573252452252693e-01 1.302785463873912808e-01 6.585247671859149887e-02 1.303121973199874994e-01 6.587235451161679856e-02 4.403905685114406499e-02
4.522093160666075251e-01 6.026102027726782939e-01 9.838707444561429760e-01 1.463436315415172495e-01 8.190360991677021474e-01 1.208636152217076876e-01 1.304145553491304621e-01 6.592348360480684843e-02 1.304191598884093251e-01 6.592620352412921492e-02 4.410765283912336521e-02
5.009499447958730700e-01 5.937679992311463151e-01 9.838709612027762841e-01 1.463415197365113551e-01 8.191458647918554714e-01 1.208786989024644015e-01 1.304342298769355091e-01 6.593377663801051891e-02 1.304343547191517683e-01 6.593385041029393989e-02 4.411738762004853431e-02
5.248250700889049991e-01 5.501362333575960939e-01 9.838709864017639584e-01 1.463414376969446318e-01 8.191475192034458619e-01 1.208789261031245482e-01 1.304345475529067877e-01 6.593394360156068501e-02 1.304344716104889057e-01 6.593389911613030396e-02 4.411754749894922917e-02
5.760486135739179003e-01 5.161966347495972052e-01 9.838716185607204734e-01 1.463394393672471649e-01 8.190845936470734223e-01 1.208702742518044798e-01 1.304240169075328581e-01 6.592844084739085675e-02 1.304184824609170290e-01 6.592517196326441731e-02 4.411129026147052323e-02
8.531312906308503585e-01 4.146301802168033124e-01 9.838759875826831314e-01 1.463247037234088332e-01 8.186303703970666534e-01 1.208078192752288366e-01 1.303497489344168925e-01 6.588970226098517236e-02 1.303030723465680163e-01 6.586205465503408574e-02 4.406560023596454295e-02
9.394896121029139291e-01 3.814411398498789851e-01 9.838764028719418908e-01 1.463230348189864527e-01 8.185804010830516342e-01 1.208009477999521797e-01 1.303421060922592689e-01 6.588573532369554342e-02 1.302901793938384678e-01 6.585495344866337808e-02 4.406053205360869335e-02
9.767953516276436376e-01 3.441559525621291082e-01 9.838724814152259857e-01 1.463368370987595535e-01 8.190060886033894150e-01 1.208594793465573580e-01 1.304114461595647367e-01 6.592189534976786169e-02 1.303984355238541337e-01 6.591418361479163546e-02 4.410333375615365509e-02
9.880263654554041208e-01 3.326598840671656232e-01 9.838711867202138972e-01 1.463412963595543403e-01 8.191437040314832885e-01 1.208784013684573999e-01 1.304338632708590962e-01 6.593358567594499731e-02 1.304334553971530919e-01 6.593334544617887594e-02 4.411717240796983464e-02
