2.552076526280564472e-01 6.079904273393343939e-01 9.838215725619049445e-01 1.463535296430700794e-01 8.185236550298039537e-01 1.207931976971456239e-01 1.302294981694682163e-01 6.582141900187381267e-02 1.303436067586439817e-01 6.588882025608550075e-02 4.406218004745596911e-02
3.210240986969727928e-01 6.164201157134647779e-01 9.838383431433541659e-01 1.463502362262894263e-01 8.186940397066100328e-01 1.208166110231364970e-01 1.302918411733022253e-01 6.585582540767685733e-02 1.303687720608159573e-01 6.590126712257214636e-02 4.407730094432368156e-02
4.610529409602744932e-01 6.423199947119652142e-01 9.838678901640107721e-01 1.463423624003149515e-01 8.191023437098582383e-01 1.208727184244055425e-01 1.304206531824887438e-01 6.592634848044653939e-02 1.304280468265340831e-01 6.593071576892595154e-02 4.411351487989897263e-02
4.941615037834179436e-01 6.426697259482337943e-01 9.838709082307349751e-01 1.463414827327950973e-01 8.191478864468836329e-01 1.208789767318940583e-01 1.304344835512396272e-01 6.593390321675199339e-02 1.304346313043422967e-01 6.593399049072318219e-02 4.411755761831507444e-02
5.135020838987477410e-01 6.222902506335237227e-01 9.838709787170613064e-01 1.463414345259793636e-01 8.191476364445052782e-01 1.208789422666542851e-01 1.304345689875848202e-01 6.593395461134256286e-02 1.304344880781655447e-01 6.593390666230053432e-02 4.411754176277482564e-02
5.810172509354042392e-01 5.668001850920301177e-01 9.838717223554077629e-01 1.463389683117918005e-01 8.190710857058610683e-01 1.208684166108734276e-01 1.304220940916984151e-01 6.592745027787703938e-02 1.304151404292801519e-01 6.592332955437955888e-02 4.410989909920814273e-02
8.625350023477478256e-01 4.197920058356574002e-01 9.838753918365965578e-01 1.463265353962951432e-01 8.186883267236659822e-01 1.208157875703004258e-01 1.303598474788457973e-01 6.589499900024826939e-02 1.303182521687210882e-01 6.587034177891913644e-02 4.407144195235556533e-02
9.583049938805583423e-01 3.636974257296328172e-01 9.838742443123128512e-01 1.463301851311641644e-01 8.188013136632779077e-01 1.208313230683169676e-01 1.303781450541080245e-01 6.590452928099591046e-02 1.303462409174929171e-01 6.588561467061269938e-02 4.408273503157416479e-02
9.867597802275818175e-01 3.357503012169816836e-01 9.838712315326716418e-01 1.463405389352268604e-01 8.191203948177329108e-01 1.208751963815307279e-01 1.304301197524011802e-01 6.593163313702493644e-02 1.304274635166129959e-01 6.593005844397183124e-02 4.411482044789467177e-02
9.890816999834671774e-01 3.333782286433958353e-01 9.838709828072680352e-01 1.463414313948087908e-01 8.191478962833040889e-01 1.208789778016320093e-01 1.304346252596849942e-01 6.593398484573632923e-02 1.304345718383271013e-01 6.593395319000408539e-02 4.411759434175435701e-02
