3.511871737778367586e-01 2.772650893752532930e-01 9.839379311421463381e-01 1.463421830184978567e-01 8.191366229549967848e-01 1.208776034624336748e-01 1.304796113377247047e-01 6.596203797179499284e-02 1.304396220448122146e-01 6.593752465016280984e-02 4.411677016257832540e-02
3.750919518494763572e-01 2.770462708699796828e-01 9.839163368471941506e-01 1.463493472824690667e-01 8.190153695917443688e-01 1.208624450313224435e-01 1.304454578142814625e-01 6.594257021261283602e-02 1.304301666160599671e-01 6.593331217260085808e-02 4.410837174069456162e-02
4.023657433325966148e-01 2.731221850630668468e-01 9.838964485271167737e-01 1.463566559671803935e-01 8.188842532520940187e-01 1.208463757554402024e-01 1.304097132256709923e-01 6.592234171648338192e-02 1.304188381406014563e-01 6.592820031000640180e-02 4.409952426745666204e-02
4.296384041491140837e-01 2.586035487224997986e-01 9.838888188325409789e-01 1.463493143777556404e-01 8.189800803585085553e-01 1.208596078381180966e-01 1.303841092172158822e-01 6.590666603902074761e-02 1.304066395542604340e-01 6.592101528059819693e-02 4.410740492256619294e-02
4.502142178223108027e-01 2.463639491255954217e-01 9.838829226186885935e-01 1.463420053849820157e-01 8.191148664395703216e-01 1.208752434390927555e-01 1.303707286473786142e-01 6.589786852385379201e-02 1.304016551256577117e-01 6.591765555562330292e-02 4.411680084823380726e-02
4.753607028638653920e-01 2.370545230601315279e-01 9.839138495549105690e-01 1.463418043545413050e-01 8.191259540021426089e-01 1.208761151907338238e-01 1.304224341047211799e-01 6.592802439499993727e-02 1.304164166792871338e-01 6.592516318990283841e-02 4.411888374476682917e-02
5.053731468093575208e-01 2.213095020510707223e-01 9.839557807899859121e-01 1.463421898979937741e-01 8.191294602789260804e-01 1.208764451088055469e-01 1.304945770351297329e-01 6.597028182351091785e-02 1.304357527502853220e-01 6.593511130066588566e-02 4.412035216014845856e-02
5.083433004416886281e-01 1.982446797042215492e-01 9.839580322041291405e-01 1.463424752625581415e-01 8.191225258419080335e-01 1.208754818690266908e-01 1.304912950726208887e-01 6.596858418398268697e-02 1.304355134392756466e-01 6.593497927985096652e-02 4.411778011904941843e-02
4.763656796786886471e-01 1.061982044029514127e-01 9.839747646667994507e-01 1.463466512079768522e-01 8.190090430288208267e-01 1.208598355394094881e-01 1.303938622720477725e-01 6.591169875009388057e-02 1.304164499273573474e-01 6.592499674632386342e-02 4.410509357607224346e-02
4.600296118557133940e-01 7.321116560038662402e-02 9.839772479524919735e-01 1.463481735562602859e-01 8.189678749968039018e-01 1.208541597304528120e-01 1.303507708179174607e-01 6.588637565654072159e-02 1.304097903116999690e-01 6.592147613237824000e-02 4.410103146688936632e-02
