3.459767859060058348e-01 3.047021328348625824e-01 9.838986586741650386e-01 1.463431976640596210e-01 8.191144254319712159e-01 1.208758331561503307e-01 1.304304530294901343e-01 6.593295132417127669e-02 1.304052947831595421e-01 6.591863682547308145e-02 4.411523435012635469e-02
3.605825302605071281e-01 3.060987364980274905e-01 9.839002744612578288e-01 1.463616547721790784e-01 8.187412710057601073e-01 1.208400348788384870e-01 1.303990910561299288e-01 6.591693762846108362e-02 1.303916605017558517e-01 6.591311894589252374e-02 4.409234054442186246e-02
3.923868537890748409e-01 2.903722618263859245e-01 9.839226568535298645e-01 1.464017903043998425e-01 8.177608394999843489e-01 1.207478192702243908e-01 1.303104079367622403e-01 6.587204444407823711e-02 1.303163899401231229e-01 6.587587280151607771e-02 4.403419557874945628e-02
4.325873629351635330e-01 2.666528453875667837e-01 9.839331798961630238e-01 1.463855315328695395e-01 8.176024339124042806e-01 1.207312118010107627e-01 1.302687969017821412e-01 6.584949379845243811e-02 1.303022082685225957e-01 6.586780027177924213e-02 4.403668096640122459e-02
4.669918357359771344e-01 2.505369767957838500e-01 9.839131869823077858e-01 1.463477170938147498e-01 8.185430006911886824e-01 1.208129700775594922e-01 1.303284884573280566e-01 6.587817928616590546e-02 1.303827967772452356e-01 6.590779742150824905e-02 4.409784951907082251e-02
4.987705760399352983e-01 2.428210361562362085e-01 9.839147362240052708e-01 1.463460166525548112e-01 8.188717681355024425e-01 1.208434409095800466e-01 1.303920838498140999e-01 6.591263045171549817e-02 1.304063168008903761e-01 6.591976399343690840e-02 4.410533982479837578e-02
5.133519656054515989e-01 2.188194312231854233e-01 9.839458317310632030e-01 1.463504894497479059e-01 8.189091696632812001e-01 1.208462372816669766e-01 1.304517012514558871e-01 6.594761314698513455e-02 1.304065219979182455e-01 6.592020676123992728e-02 4.409887060505860573e-02
5.162490860292002770e-01 1.972454146030612476e-01 9.839523291576467434e-01 1.463456352421357576e-01 8.190427724496147643e-01 1.208644980211023012e-01 1.304829070289397486e-01 6.596484013745698705e-02 1.304245303622591778e-01 6.592942609973159729e-02 4.410882887180875983e-02
4.976500285605388041e-01 1.459180253107603686e-01 9.839705684921092876e-01 1.463544882014975179e-01 8.187976746181224730e-01 1.208306977244017200e-01 1.304058933372722884e-01 6.592173512990552597e-02 1.303890738196676058e-01 6.591132006806246779e-02 4.408559026151730176e-02
4.686025963391913796e-01 8.261362801791384547e-02 9.839941341292001153e-01 1.463707185140180056e-01 8.183588570260129647e-01 1.207702000831355899e-01 1.302840541636964000e-01 6.585411399407686828e-02 1.303268508263598635e-01 6.587959723533416689e-02 4.404514669041115910e-02
