3.395576852474289642e-01 3.301939743695869178e-01 9.838677912360644928e-01 1.463421825703430101e-01 8.191289704788673465e-01 1.208781624926542342e-01 1.303902588010426855e-01 6.590874253854116238e-02 1.303865142495653218e-01 6.590807533708049892e-02 4.411656919665968984e-02
3.484914165521258989e-01 3.309055812171400879e-01 9.838819336255526515e-01 1.463526166287079100e-01 8.188194504056298673e-01 1.208607578299044083e-01 1.303978182681308218e-01 6.591429607019444470e-02 1.304011083860559805e-01 6.591737885227977323e-02 4.410560083199931147e-02
3.754187618537952464e-01 3.272991072375587285e-01 9.839566941708651759e-01 1.464298048593170587e-01 8.161148744608558436e-01 1.206293611651167025e-01 1.301864857573505341e-01 6.580877512125130058e-02 1.301923779685653371e-01 6.581245728214241142e-02 4.396195116538878511e-02
4.401690908957670567e-01 2.963669254472579007e-01 9.840814855712352038e-01 1.465336618986407824e-01 8.110928379649935405e-01 1.200703594121507456e-01 1.296287571281144468e-01 6.552672577048791747e-02 1.297080018182134031e-01 6.556688602436312741e-02 4.365641966508351096e-02
5.033694426455805893e-01 2.583509776486203613e-01 9.839784229426870032e-01 1.464004754352162818e-01 8.157305040241604743e-01 1.205100947275570544e-01 1.300547197876514571e-01 6.574130184629557727e-02 1.301700597418550265e-01 6.580014345125913267e-02 4.394963562758005815e-02
5.209837797327535602e-01 2.499641341995118005e-01 9.839134108646554466e-01 1.463602918661132402e-01 8.182776111865878166e-01 1.207728801904355276e-01 1.303195252467979348e-01 6.587528883361838672e-02 1.303566090903248154e-01 6.589452831199128779e-02 4.406605383265575077e-02
5.235642210611094471e-01 2.316797587433156447e-01 9.839345044507536997e-01 1.463736635147410148e-01 8.182676003795849029e-01 1.207596104704347501e-01 1.303319665935831206e-01 6.588394594478939881e-02 1.303222747897689604e-01 6.587736840241506520e-02 4.404129159314477265e-02
5.331681139996611307e-01 2.013333156962043846e-01 9.839593614454743564e-01 1.463575582839226896e-01 8.187208820348959026e-01 1.208202385091504405e-01 1.304229210120837479e-01 6.593303729790707390e-02 1.303799059629234813e-01 6.590674726243377080e-02 4.407883882134010917e-02
5.584294127492588355e-01 1.778534857278475378e-01 9.839667195129466748e-01 1.463562753085731749e-01 8.186782698993823049e-01 1.208142560323055142e-01 1.304016038820771939e-01 6.592082398223773898e-02 1.303723923584115818e-01 6.590288538300871635e-02 4.407465213035866025e-02
5.485701245079374067e-01 1.255793826328082674e-01 9.839955883065502062e-01 1.463790698422618441e-01 8.180435872697525701e-01 1.207267486099016379e-01 1.302773997090773406e-01 6.585424103619724745e-02 1.302825773056832115e-01 6.585728046130519264e-02 4.401647477719442675e-02
