3.300172131544016896e-01 3.491742199104915789e-01 9.838665982403106414e-01 1.463418906178012013e-01 8.191339180875948367e-01 1.208783644409046065e-01 1.303730636490252337e-01 6.589809701640245154e-02 1.304022405955100050e-01 6.591652571366850288e-02 4.411693208336896904e-02
3.544768913131080001e-01 3.530253233110493549e-01 9.838796756556865697e-01 1.463507864203516529e-01 8.188074699466539874e-01 1.208530677300550388e-01 1.303768781688726397e-01 6.590235209979093678e-02 1.303955865025174521e-01 6.591432480121960091e-02 4.410134910213193288e-02
4.127985642555084822e-01 3.754603818785560154e-01 9.839633306114766720e-01 1.464436718030198425e-01 8.153476987319864255e-01 1.204826789871386861e-01 1.300373638269237964e-01 6.573285020180348603e-02 1.300440242857409945e-01 6.573691830575091599e-02 4.387335420900181221e-02
4.617806763693590444e-01 3.564071918215213075e-01 9.841498958167244071e-01 1.466505538024045208e-01 8.072003677012327127e-01 1.195509033663934573e-01 1.291165680767460411e-01 6.526747935673152257e-02 1.291600921374224942e-01 6.528974333827972099e-02 4.331673240596006086e-02
5.248020309368153224e-01 2.860872336714355701e-01 9.840735481560316522e-01 1.465296556502455050e-01 8.113207302634251050e-01 1.200332512055606315e-01 1.295833170810150592e-01 6.550274168868037983e-02 1.296694843594285718e-01 6.554715220991323699e-02 4.363013517333038521e-02
5.433353854590888821e-01 2.641771813609134489e-01 9.839433701500978069e-01 1.464039058976416841e-01 8.167978274606479960e-01 1.206100447824651478e-01 1.301511612391449413e-01 6.578958042176748233e-02 1.301882265310922993e-01 6.580937832335141680e-02 4.395705441360814314e-02
5.651459040546328305e-01 2.505049414623651827e-01 9.839340482988924164e-01 1.463911457206283906e-01 8.176423164652601994e-01 1.206813610053581870e-01 1.302304632567070630e-01 6.583056599318708180e-02 1.302396531643097155e-01 6.583544770222557463e-02 4.398949297663305030e-02
7.000380913700607888e-01 2.129150392075007669e-01 9.839415621132253653e-01 1.463580601158819272e-01 8.183937284387593492e-01 1.207755395031029216e-01 1.303345548761983830e-01 6.588456818613867838e-02 1.303321162136774902e-01 6.588236634987174045e-02 4.404878474010620604e-02
7.909679925285886259e-01 2.053171315150102427e-01 9.839275672302372211e-01 1.463447622210039822e-01 8.185721768060622017e-01 1.207996662945697297e-01 1.303467628267583611e-01 6.588982037097942945e-02 1.303545182344382491e-01 6.589364662213219315e-02 4.406468299235553193e-02
7.988591249412273498e-01 1.922326516621522263e-01 9.839258070610661377e-01 1.463464856062504649e-01 8.185108508509856273e-01 1.207912043818323428e-01 1.303316317262563362e-01 6.588135891027371849e-02 1.303404537117806017e-01 6.588638578118768963e-02 4.405913413495643471e-02
