3.067905130854417517e-01 4.052323314686908096e-01 9.838616032231504160e-01 1.463437730106319778e-01 8.190381389615131180e-01 1.208648316963140956e-01 1.303519232330575262e-01 6.588641356454094655e-02 1.304035732523689817e-01 6.591766422220649013e-02 4.410845313921590155e-02
3.840548652811492936e-01 4.128435689029069100e-01 9.838750353668782589e-01 1.463510352500596856e-01 8.187522083580619503e-01 1.208324567000654826e-01 1.303571101752708516e-01 6.589217795134819089e-02 1.303814634593362387e-01 6.590695323690178020e-02 4.408829606713684374e-02
4.543115716128490744e-01 4.223985043622613400e-01 9.839021514185645190e-01 1.463791894890490997e-01 8.177526363449483249e-01 1.207158152321077121e-01 1.302699357382043344e-01 6.585046814430269013e-02 1.302728553152560642e-01 6.585223138746576499e-02 4.401684621790249302e-02
4.929605318624044608e-01 4.015707127310219615e-01 9.839701309718617006e-01 1.464588576529428365e-01 8.147917047010209135e-01 1.203758317727870869e-01 1.299291564675822686e-01 6.567795388673297596e-02 1.299361599204656159e-01 6.568196653176258670e-02 4.380779423822542262e-02
6.119022508624981649e-01 3.329106686005171012e-01 9.839377038135848075e-01 1.464112057672473377e-01 8.165052740404618037e-01 1.205935643964117648e-01 1.301078621428389537e-01 6.576595445271098128e-02 1.301273689761642538e-01 6.577840565087464397e-02 4.393857807424462331e-02
6.434866994814099073e-01 3.200903494990783305e-01 9.838886340779934292e-01 1.463584629544902871e-01 8.185337509257072375e-01 1.208100742620642348e-01 1.303108877785447428e-01 6.586787572744837171e-02 1.303281283144294422e-01 6.587982046632537281e-02 4.406995257131265942e-02
6.610147917668901529e-01 3.072098713603781395e-01 9.838883924880057474e-01 1.463517986977577179e-01 8.186739484207904427e-01 1.208172523493678818e-01 1.303225982225801882e-01 6.587418833344596547e-02 1.303384159067864090e-01 6.588507802000498348e-02 4.407391495323747382e-02
8.080317710810841492e-01 2.214858909742028203e-01 9.839161131838284335e-01 1.463438618225685883e-01 8.185395675376397895e-01 1.207953328686489497e-01 1.303322523082475204e-01 6.588166405226782152e-02 1.303457586241049126e-01 6.588915246804469272e-02 4.406138621048436704e-02
8.401023093540199715e-01 2.052575079465653873e-01 9.839144956035854594e-01 1.463423628675184496e-01 8.185537941893993308e-01 1.207971313455784568e-01 1.303343262805203850e-01 6.588259803170327944e-02 1.303478560868732428e-01 6.589016452992974004e-02 4.406293290083591191e-02
8.595117021201402752e-01 1.916379866811452615e-01 9.839024299145759933e-01 1.463415784129840080e-01 8.185705012438976302e-01 1.207994301384251179e-01 1.303258077715621355e-01 6.587693139831789224e-02 1.303380303347503044e-01 6.588488999804896495e-02 4.406447667574162758e-02
