2.585790542121150781e-01 5.741208051918453847e-01 9.838292321192833034e-01 1.463530760687374033e-01 8.185489014953142295e-01 1.207967205065389599e-01 1.302429257325791456e-01 6.582878834664797341e-02 1.303452713056831302e-01 6.588936461972626224e-02 4.406446460421926947e-02
3.284071965562136985e-01 5.309859073048321942e-01 9.838682716805804418e-01 1.463721887073913264e-01 8.175612991902687643e-01 1.206618825276989521e-01 1.301475648688814046e-01 6.578348345390748475e-02 1.302142147063578836e-01 6.582293832874354378e-02 4.397787276501563536e-02
4.469054037416004266e-01 4.597684839730372675e-01 9.838877060281432385e-01 1.463639426524225573e-01 8.180939789791069616e-01 1.207397744840413983e-01 1.302850171606281526e-01 6.585749599941251309e-02 1.302953958816818192e-01 6.586365965513366061e-02 4.402901074201100162e-02
5.301305350606656530e-01 4.074264726575348439e-01 9.838881895223251517e-01 1.463611288640528085e-01 8.183876452348756159e-01 1.207885539351767484e-01 1.303276405796057469e-01 6.587877698657733372e-02 1.303331628568617506e-01 6.588258871394869765e-02 4.406048411441880475e-02
6.414136370809025989e-01 3.312317975234309042e-01 9.838765148079282596e-01 1.463450747161987864e-01 8.189916579116922613e-01 1.208617703133506027e-01 1.303628706685606709e-01 6.589421708673377787e-02 1.303778796366286685e-01 6.590496838535309099e-02 4.410345888112231216e-02
6.520325882446841304e-01 3.239209211357868545e-01 9.838743491891682735e-01 1.463407581869647922e-01 8.190799416652762011e-01 1.208701238189146404e-01 1.303667109149090064e-01 6.589587911678196352e-02 1.303828159972287848e-01 6.590743907986389150e-02 4.410816089166589432e-02
6.565528764785311111e-01 3.211082646104054250e-01 9.838800141554293610e-01 1.463350307918412641e-01 8.188321751599849652e-01 1.208358092508191733e-01 1.303335111453010342e-01 6.587918142612068928e-02 1.303496668937919878e-01 6.589071410553115626e-02 4.408518094441088442e-02
7.943174263934530410e-01 2.387603083545541682e-01 9.839063140473850444e-01 1.463345688768281916e-01 8.184378946361021701e-01 1.207813624626793703e-01 1.303070643308296417e-01 6.586786234036552667e-02 1.303206650619170570e-01 6.587631313586930770e-02 4.405124257659647630e-02
8.693968900544429834e-01 1.973132338801887598e-01 9.838998671539797014e-01 1.463412766966850354e-01 8.186567046876334075e-01 1.208113118645493811e-01 1.303410547254957308e-01 6.588491595801763967e-02 1.303519151998934478e-01 6.589198022339398664e-02 4.407238679305762463e-02
8.881392521384021688e-01 1.891523338321298153e-01 9.838895045405224860e-01 1.463409466856372687e-01 8.187251596871342185e-01 1.208207359424560007e-01 1.303438590934900831e-01 6.588543462456608601e-02 1.303531078541508015e-01 6.589238049924629748e-02 4.407869158204831550e-02
