2.551262560714833705e-01 6.068865745403803080e-01 9.838217257006365291e-01 1.463534808368808504e-01 8.185260165387143738e-01 1.207935223871071523e-01 1.302300635711705623e-01 6.582171587363747078e-02 1.303438688664333434e-01 6.588894386761058597e-02 4.406239540721167830e-02
3.090959350234773195e-01 5.902685070524904543e-01 9.838707886121905721e-01 1.463821347634830794e-01 8.170327361582330195e-01 1.205883298922670183e-01 1.300630697808730363e-01 6.574002009770281429e-02 1.301421074639788900e-01 6.578671244607098290e-02 4.393012751376212249e-02
4.161434264886720302e-01 5.538762812442570294e-01 9.838879454370067501e-01 1.463635558057060082e-01 8.179968663253978090e-01 1.207209238030173826e-01 1.302653971631122509e-01 6.584753125362807769e-02 1.302770816898657646e-01 6.585444014347893726e-02 4.401578517107741784e-02
4.759794919003559888e-01 5.034793422651248074e-01 9.838754337788870874e-01 1.463458730255788320e-01 8.189185527327379477e-01 1.208480790099896451e-01 1.303943304778307777e-01 6.591299077876834611e-02 1.303976722000760036e-01 6.591525830401122332e-02 4.409734630337878297e-02
6.244173287350220924e-01 3.532313343468480027e-01 9.838742304324373800e-01 1.463404700127292624e-01 8.190684201854278035e-01 1.208684651298783802e-01 1.303742719430833752e-01 6.590029064092237099e-02 1.303878759898675910e-01 6.591005312525190230e-02 4.410766999763825191e-02
6.514653453099796820e-01 3.252134314287290495e-01 9.838787417429827320e-01 1.463344125204606994e-01 8.188551804123479494e-01 1.208388525799570096e-01 1.303359589031490573e-01 6.588036628461182986e-02 1.303519983504154989e-01 6.589188016920485835e-02 4.408714740356842188e-02
6.577121771212176560e-01 3.223847920532869615e-01 9.838973167543344500e-01 1.463124247290806812e-01 8.179449050498421858e-01 1.207138856223650275e-01 1.302122862128793079e-01 6.581792563553223729e-02 1.302282570251584448e-01 6.582937989863271722e-02 4.400323969391337076e-02
8.087114088272415735e-01 2.514013004735616286e-01 9.839090476669083429e-01 1.463143497576397667e-01 8.178454215734137778e-01 1.207001147730121515e-01 1.302241918194357029e-01 6.582558460581870718e-02 1.302344993282447683e-01 6.583269060808988327e-02 4.399626887735823971e-02
9.029609478349313045e-01 2.094738193321652731e-01 9.838895310931856653e-01 1.463403569560614292e-01 8.189198069340191122e-01 1.208475719477226373e-01 1.303846756191450185e-01 6.590742278010930377e-02 1.303906873433502700e-01 6.591169852369690996e-02 4.409656600057798581e-02
9.076018131702272562e-01 2.093831733073131529e-01 9.838872879907818447e-01 1.463411905725230389e-01 8.189906515019114153e-01 1.208573135675863747e-01 1.303948558856128370e-01 6.591257326295198171e-02 1.304002924461039881e-01 6.591655489565469150e-02 4.410309923013957384e-02
