3.221992717557639052e-01 6.166741934525884483e-01 9.838384173055647608e-01 1.463501148510353567e-01 8.187004416849623656e-01 1.208174908227955674e-01 1.302930949076941125e-01 6.585648605166982694e-02 1.303696674779568354e-01 6.590171709765152430e-02 4.407786638776204496e-02
3.837397355559799550e-01 5.853236256720460995e-01 9.838707611795511898e-01 1.463581793359727545e-01 8.182790831752740912e-01 1.207595880560243529e-01 1.302817816428481212e-01 6.585418465088752060e-02 1.303144962065413692e-01 6.587350968995185629e-02 4.404056404099083999e-02
4.271195712488176088e-01 5.619225807465261235e-01 9.838749822724093264e-01 1.463464221417241640e-01 8.188911107211420681e-01 1.208436914927254746e-01 1.303973157503074687e-01 6.591495721984173828e-02 1.303995138572706936e-01 6.591625603768024033e-02 4.409479691986249728e-02
4.475999996138053660e-01 5.502167025743842643e-01 9.838719284920307562e-01 1.463424196026210933e-01 8.190965278943375116e-01 1.208719219326508526e-01 1.304268726265052913e-01 6.593001647193727499e-02 1.304272209049779085e-01 6.593024073535495855e-02 4.411300161793968444e-02
5.342358455046076759e-01 4.802851800192937670e-01 9.838730589255072490e-01 1.463396173690764412e-01 8.190600673689102385e-01 1.208669477120949548e-01 1.304085443386665544e-01 6.591989124261271593e-02 1.304113186704924099e-01 6.592200660376107413e-02 4.410866112832968755e-02
6.624937201355849403e-01 3.778857746805268647e-01 9.838851001540919183e-01 1.463238083595653216e-01 8.184518936604697759e-01 1.207834503746168103e-01 1.303003145420447706e-01 6.586351373617055360e-02 1.303017793600143304e-01 6.586564571246315836e-02 4.405047957017461241e-02
7.675159820434459546e-01 3.526852133050423221e-01 9.839042273998865884e-01 1.462979457388041693e-01 8.174350502568330512e-01 1.206438253016597767e-01 1.301624961004018421e-01 6.579381031860576101e-02 1.301494176144906978e-01 6.578716422913068185e-02 4.395578015064643268e-02
9.117782845431019467e-01 3.046397076625901312e-01 9.838943349677123917e-01 1.463177742195712061e-01 8.181829675069315355e-01 1.207464809997761263e-01 1.302880908036502250e-01 6.585888986556170943e-02 1.302794829520667330e-01 6.585417111224677045e-02 4.402710243867384576e-02
9.441419702470423836e-01 2.670927141536870164e-01 9.838813630461911153e-01 1.463404471182978006e-01 8.190759464708325943e-01 1.208690832570267493e-01 1.304178693488847740e-01 6.592511928073682692e-02 1.304198798602872467e-01 6.592653177646606855e-02 4.411090669227472894e-02
9.410774068725866748e-01 2.604508221910078469e-01 9.838815775852671752e-01 1.463413958983004470e-01 8.191197560200217387e-01 1.208751009443933822e-01 1.304238724405347161e-01 6.592817798277469943e-02 1.304263663041792809e-01 6.592987179664437647e-02 4.411498386769875657e-02
