4.649578838846202822e-01 6.428508499101226459e-01 9.838681664062067789e-01 1.463422524202504516e-01 8.191080442201801315e-01 1.208735017642220411e-01 1.304221869419640301e-01 6.592717961318174391e-02 1.304288620726875569e-01 6.593112256494421120e-02 4.411402128864455596e-02
4.648534944597657592e-01 6.096648860878389753e-01 9.838707873899585898e-01 1.463433040500063120e-01 8.190527725440027718e-01 1.208659062404723733e-01 1.304175633397311740e-01 6.592505829811676210e-02 1.304214700133152771e-01 6.592736601836522714e-02 4.410914019601081676e-02
4.674687117720245366e-01 5.539473488856516692e-01 9.838714738860524500e-01 1.463421312093811377e-01 8.191139220286616229e-01 1.208743092800824565e-01 1.304296188960250291e-01 6.593142708738308766e-02 1.304299888110640182e-01 6.593164564182431298e-02 4.411456113335076451e-02
5.010989209944575196e-01 5.274626600780619734e-01 9.838710461798929607e-01 1.463415241359077579e-01 8.191444930345346265e-01 1.208785102225662100e-01 1.304341411796082761e-01 6.593373896993107164e-02 1.304341265148207252e-01 6.593373060420085197e-02 4.411728223747381911e-02
5.455261345421907881e-01 5.077902213044482860e-01 9.838713696893772731e-01 1.463404289584905593e-01 8.191138783508665755e-01 1.208743015278893052e-01 1.304289490287911246e-01 6.593102344071768983e-02 1.304263529707787028e-01 6.592949386482831187e-02 4.411425037704561763e-02
7.723525877948017593e-01 4.347782419141515975e-01 9.838760029323735390e-01 1.463271625900845196e-01 8.186916278309639416e-01 1.208162564136165684e-01 1.303606350479713794e-01 6.589547618586941158e-02 1.303249791601890084e-01 6.587438484931658345e-02 4.407221396280385645e-02
9.199079785875959869e-01 3.910555876587613056e-01 9.838787762450114105e-01 1.463188210497735064e-01 8.184288895114094631e-01 1.207801362787326166e-01 1.303192901357243805e-01 6.587401228890103766e-02 1.302619718447175223e-01 6.584005497489719971e-02 4.404603072122494078e-02
9.618483456359908645e-01 3.577490769806830340e-01 9.838749623483978857e-01 1.463304064284492445e-01 8.187971512254184070e-01 1.208307608042303860e-01 1.303783808079489459e-01 6.590473978064745331e-02 1.303502299256442953e-01 6.588805906143070656e-02 4.408267921993321709e-02
9.876937028562932097e-01 3.324345871986554846e-01 9.838712622338244840e-01 1.463412302550418653e-01 8.191414273389346912e-01 1.208780884449881798e-01 1.304334871029331766e-01 6.593339051307570142e-02 1.304329674455614319e-01 6.593308509965804809e-02 4.411695179409432649e-02
9.884055413791010825e-01 3.322393982146401026e-01 9.838711443715002503e-01 1.463414472730193150e-01 8.191483328333897251e-01 1.208790378172526353e-01 1.304346177686554198e-01 6.593397923396156213e-02 1.304346495181060162e-01 6.593399991838354290e-02 4.411763944437666063e-02
