4.944361784195225318e-01 6.460443924700046692e-01 9.838709134833405479e-01 1.463414802720001129e-01 8.191480242646677068e-01 1.208789956571888757e-01 1.304345178846165465e-01 6.593392172259389394e-02 1.304346514940020185e-01 6.593400064471262312e-02 4.411756969221895114e-02
5.050436835187942508e-01 6.251633513009829946e-01 9.838709575924877715e-01 1.463415162423273852e-01 8.191460352235641063e-01 1.208787223375078906e-01 1.304342540213779544e-01 6.593378888472486987e-02 1.304343805631662523e-01 6.593386363403277994e-02 4.411740243021427393e-02
5.197963487879081468e-01 5.426267960961030923e-01 9.838709875770408342e-01 1.463414881710812798e-01 8.191474595705454664e-01 1.208789180092823545e-01 1.304345618985676136e-01 6.593395289073147869e-02 1.304345788662667760e-01 6.593396291275414878e-02 4.411753441593747882e-02
5.278430525322893585e-01 5.148841124508100053e-01 9.838709793006754634e-01 1.463414568046637332e-01 8.191481759818441954e-01 1.208790163442509252e-01 1.304346696480814249e-01 6.593400791126599603e-02 1.304346385984704593e-01 6.593398950508405632e-02 4.411760792809886478e-02
5.571113929227139439e-01 5.032224333192594212e-01 9.838713162255069422e-01 1.463403656404594633e-01 8.191136183786787983e-01 1.208742645975827562e-01 1.304290642088102858e-01 6.593108676357246900e-02 1.304259516805577890e-01 6.592924158984689309e-02 4.411421221803760867e-02
8.242409396993477522e-01 4.223157014924195374e-01 9.838756679819112838e-01 1.463255761263814181e-01 8.186580524615381105e-01 1.208116250794822460e-01 1.303549812046427836e-01 6.589246405357622460e-02 1.303105700808844247e-01 6.586613560705920078e-02 4.406843776685561570e-02
9.298665956808548350e-01 3.906216312484233066e-01 9.838774540020589487e-01 1.463196061873564269e-01 8.184750266095458526e-01 1.207864592101339091e-01 1.303253325912613336e-01 6.587701611485338726e-02 1.302646182295171817e-01 6.584102169883720990e-02 4.405002926452609990e-02
9.599360395200673413e-01 3.630896220253766460e-01 9.838744420872957974e-01 1.463297340357129772e-01 8.187872926440986632e-01 1.208293953362320067e-01 1.303760251137707216e-01 6.590343726897850141e-02 1.303433678793949335e-01 6.588407650093201784e-02 4.408137493637367954e-02
9.887350554999098096e-01 3.337290170328061079e-01 9.838710263731815786e-01 1.463412890379085507e-01 8.191435084530833688e-01 1.208783744825553674e-01 1.304339148201799359e-01 6.593361473284396757e-02 1.304334728658199105e-01 6.593335273023068210e-02 4.411715498088607940e-02
9.891282979686972787e-01 3.333304829695490357e-01 9.838709787400020668e-01 1.463414479235971843e-01 8.191484053950934818e-01 1.208790478150947589e-01 1.304347098430048424e-01 6.593402909771826914e-02 1.304347087236418512e-01 6.593402844369605775e-02 4.411764579742324249e-02
