4.595219475885445326e-01 7.231774791838008198e-02 9.839764104539351353e-01 1.463452103737883092e-01 8.190478236271495627e-01 1.208651815460940193e-01 1.303598458211042699e-01 6.589078412820918718e-02 1.304206752482090781e-01 6.592696856477651968e-02 4.410837615955916918e-02
4.650574522773628927e-01 7.789588053049187333e-02 9.839747353072351155e-01 1.463462960331826379e-01 8.190182495350042391e-01 1.208611049879398658e-01 1.303663267700798378e-01 6.589508427884649411e-02 1.304162259616310215e-01 6.592475477832679398e-02 4.410571867642042176e-02
5.730590091012995879e-01 1.179329737978847409e-01 9.839586900954174764e-01 1.463492817991445538e-01 8.188102486744285313e-01 1.208324454744592602e-01 1.303694972093287496e-01 6.589964255568336871e-02 1.303790578205815121e-01 6.590583432073558734e-02 4.408707357672411037e-02
8.636451620383799321e-01 1.659696920525995378e-01 9.838928360164594933e-01 1.463417335426760724e-01 8.184639817035160858e-01 1.207847526056717857e-01 1.302954344297403422e-01 6.585961003598159169e-02 1.303054866105083365e-01 6.586796926863242030e-02 4.405476354485658025e-02
8.772979909265493648e-01 1.736619350702700848e-01 9.838932438580977324e-01 1.463405487304355879e-01 8.183556518888026599e-01 1.207698269550117193e-01 1.302815824239807185e-01 6.585277697647516637e-02 1.302934346098632290e-01 6.586194742156628590e-02 4.404472470961011410e-02
8.789310627272031162e-01 2.023751557848164351e-01 9.838981770532276849e-01 1.463413217834391988e-01 8.187312450579052880e-01 1.208215752841629853e-01 1.303548903793685654e-01 6.589219773184992746e-02 1.303644890161272385e-01 6.589840853427253453e-02 4.407925026300656829e-02
9.067047954580703673e-01 2.210851528844445801e-01 9.838912498816465568e-01 1.463415061013567942e-01 8.190892323466700820e-01 1.208708964920872236e-01 1.304171579514729062e-01 6.592483188971558217e-02 1.304222891912558968e-01 6.592790330309217239e-02 4.411216021857639058e-02
9.339291347632557860e-01 2.516439166405383676e-01 9.838842599269558287e-01 1.463411471036183686e-01 8.191261796808654294e-01 1.208759928153949476e-01 1.304255911656370115e-01 6.592920074706054567e-02 1.304284001074948740e-01 6.593096153237937296e-02 4.411556447632315747e-02
9.886030710869190274e-01 3.325408147704632111e-01 9.838711030493930698e-01 1.463414458148220021e-01 8.191483060223846424e-01 1.208790342076112717e-01 1.304346357816407176e-01 6.593398966367682024e-02 1.304346654210419842e-01 6.593400779960419122e-02 4.411763299001274924e-02
9.891288043265450414e-01 3.333313608108135484e-01 9.838709760209832789e-01 1.463414520874104507e-01 8.191485337591281057e-01 1.208790655012317999e-01 1.304347273343575975e-01 6.593403795848364057e-02 1.304347265207750906e-01 6.593403751546529634e-02 4.411764667862537459e-02
