4.758814982259387816e-01 9.748824264079052060e-02 9.839951405139493179e-01 1.463669895379353103e-01 8.184601524388380733e-01 1.207841645734514524e-01 1.303171693506863238e-01 6.587265229503355690e-02 1.303411743705324422e-01 6.588692286539959975e-02 4.405444028726281797e-02
4.984230337478895989e-01 1.458424213904858380e-01 9.839684168716351653e-01 1.463535193372212939e-01 8.188242613988984120e-01 1.208343623384484922e-01 1.304128086974488676e-01 6.592554977999050270e-02 1.303924712089821192e-01 6.591305290581341014e-02 4.408795460235782199e-02
5.305725453746540365e-01 1.778974774787305813e-01 9.839629301653233240e-01 1.463560394814650834e-01 8.187527954502739069e-01 1.208245441576982493e-01 1.304239136102646746e-01 6.593313605926710841e-02 1.303816562838956694e-01 6.590759880622160116e-02 4.408194577572466244e-02
7.794697370501944000e-01 1.802653956181374251e-01 9.839384823099736055e-01 1.463732181448395564e-01 8.178773784993421669e-01 1.207039473533394885e-01 1.302376134464939272e-01 6.583253647682238419e-02 1.302384571771358357e-01 6.583440659298672726e-02 4.400104906872247951e-02
8.507855881779928797e-01 1.909095256449368783e-01 9.839110286424631591e-01 1.463485026092910812e-01 8.183028189101659855e-01 1.207625519789374685e-01 1.302890844590980646e-01 6.585833547712126312e-02 1.303013116543021432e-01 6.586631266788600669e-02 4.403986340120527587e-02
8.449627926132822209e-01 2.100307321575505815e-01 9.839105859622465644e-01 1.463423457435759634e-01 8.187110020335269800e-01 1.208187887350740120e-01 1.303576159735453655e-01 6.589451401572336831e-02 1.303703266688643336e-01 6.590156229111568398e-02 4.407734684831639271e-02
8.660331658614873751e-01 2.227020350716113761e-01 9.839022143816262833e-01 1.463406212960225161e-01 8.188325921101673455e-01 1.208355682301629347e-01 1.303780555527595253e-01 6.590500465145171516e-02 1.303870090647067659e-01 6.591005870719922333e-02 4.408837589415216113e-02
9.069784923867604265e-01 2.572289150720410977e-01 9.838963123424182555e-01 1.463280966201208344e-01 8.185417860448002125e-01 1.207957553815841717e-01 1.303414152999462505e-01 6.588641273020164058e-02 1.303458807382373019e-01 6.588923741467402062e-02 4.406141232436051880e-02
9.877094267839739983e-01 3.327657909503982658e-01 9.838719166639232627e-01 1.463403874956361872e-01 8.191065159620309899e-01 1.208732967678812636e-01 1.304287354702987067e-01 6.593099246153395765e-02 1.304284504705251202e-01 6.593082814066239528e-02 4.411374537988910910e-02
9.888410065261616921e-01 3.336240136859447425e-01 9.838710360693950774e-01 1.463412965375229802e-01 8.191437080094633449e-01 1.208784019843336249e-01 1.304339761395244823e-01 6.593364907533674768e-02 1.304336540683052603e-01 6.593345819687922160e-02 4.411718038950594029e-02
