5.125769348438132811e-01 1.772795943646148786e-01 9.839661050906739481e-01 1.463592452543007461e-01 8.186691283060567592e-01 1.208129742942328916e-01 1.304243127195904295e-01 6.593449295939672605e-02 1.303727003764555692e-01 6.590321245908015158e-02 4.407372324833681160e-02
5.164120695160738794e-01 1.954006677626899946e-01 9.839485284277597055e-01 1.463441155156371409e-01 8.190788163033632108e-01 1.208694565012110034e-01 1.304900685352747558e-01 6.596871639855345082e-02 1.304294414549770353e-01 6.593193412290641875e-02 4.411191273973597005e-02
5.143751076065565808e-01 2.095419525739884159e-01 9.839661449352714584e-01 1.463591117216034299e-01 8.187064451010529487e-01 1.208181705124538735e-01 1.304385114889481112e-01 6.594226714355924668e-02 1.303791307763689511e-01 6.590646665218122258e-02 4.407962951976809873e-02
5.419623535266662184e-01 2.167461852418468005e-01 9.840190445772939443e-01 1.464274047240997079e-01 8.169215989552897073e-01 1.205723186083046961e-01 1.301701525458621167e-01 6.580406925348215863e-02 1.301338725028596821e-01 6.578224900593626634e-02 4.391555048014500473e-02
7.486930792434731696e-01 2.193127721104332351e-01 9.839640073592180736e-01 1.464038656562242635e-01 8.170368016732151295e-01 1.205880758486919113e-01 1.301339083132880547e-01 6.578166432219131887e-02 1.301410625583262481e-01 6.578562335171891928e-02 4.392350440580921472e-02
7.546176471285438447e-01 2.597513852810335866e-01 9.839026097617203925e-01 1.463465732800159902e-01 8.186541193576121200e-01 1.208109436536358716e-01 1.303339757029705892e-01 6.588143285411726668e-02 1.303485062307660758e-01 6.589037737165051589e-02 4.407065962326557618e-02
6.850694592916611869e-01 3.049428954526124391e-01 9.838828472714863382e-01 1.463386162768972876e-01 8.189316394020649259e-01 1.208492499028885891e-01 1.303544901076136020e-01 6.589037897194027771e-02 1.303693789393249869e-01 6.590069632754688711e-02 4.409472388906918866e-02
6.762774642727841234e-01 3.194004138791631253e-01 9.839007930447839501e-01 1.463092524325887434e-01 8.178125494961543396e-01 1.206956741407461259e-01 1.301978050723894276e-01 6.581085222624225017e-02 1.302116862605643688e-01 6.582090042680766029e-02 4.399114141638600650e-02
9.223487120390874150e-01 3.634311714682482153e-01 9.838905793369009389e-01 1.463096977405793919e-01 8.179841207223552679e-01 1.207191369742239145e-01 1.302595718730595042e-01 6.584414483425622688e-02 1.302267765372489283e-01 6.582492534645507931e-02 4.400675907053583358e-02
9.521642749426848518e-01 3.709107522157591985e-01 9.838775865217582739e-01 1.463232236240685213e-01 8.185820476156695502e-01 1.208011787437539425e-01 1.303455505770470257e-01 6.588779220962580341e-02 1.303042536708928500e-01 6.586331120709033871e-02 4.406166981395702453e-02
