5.023830366606528708e-01 2.078083197637644597e-01 9.839374355154125729e-01 1.463438124687049258e-01 8.190826588209154657e-01 1.208699914915980778e-01 1.304656122224086279e-01 6.595436201149067201e-02 1.304226233104077981e-01 6.592859007824097839e-02 4.411265593386522188e-02
5.099224285687256053e-01 2.121577089159660534e-01 9.839527403012844342e-01 1.463419482535186500e-01 8.191288779640202300e-01 1.208763988012223622e-01 1.304939912954940495e-01 6.597025893243148309e-02 1.304364571438721421e-01 6.593542959821910299e-02 4.411932092724075299e-02
5.095575304939866657e-01 2.247416825748863589e-01 9.839565485365099340e-01 1.463468716048785812e-01 8.189988910431800218e-01 1.208588440261103569e-01 1.304733857411240483e-01 6.595916040252154666e-02 1.304204210084632942e-01 6.592727770215722760e-02 4.410925299817338580e-02
5.174342743650515164e-01 2.366187203995179233e-01 9.839451446394953393e-01 1.463676081125847295e-01 8.184396034787854157e-01 1.207831133685115937e-01 1.303664815167598079e-01 6.590217517163132754e-02 1.303432482711609774e-01 6.588805054871842148e-02 4.405659372796055795e-02
5.576645561029217602e-01 2.598372385588698097e-01 9.839485095654357805e-01 1.464237291444304145e-01 8.167578860041778688e-01 1.205519092667285685e-01 1.301006140176765025e-01 6.576459592646424768e-02 1.301056549652271632e-01 6.576767748934435331e-02 4.389962195948129975e-02
6.533213558761205020e-01 3.197559411718752798e-01 9.838798048917450911e-01 1.463499557969958065e-01 8.188780525106323926e-01 1.208418053871061770e-01 1.303420378057848494e-01 6.588362731089042468e-02 1.303571873822142735e-01 6.589445580922592693e-02 4.408946450323836252e-02
6.527373770684967713e-01 3.235577559747226939e-01 9.838735605773305526e-01 1.463413885051186303e-01 8.191355252804048970e-01 1.208772770067313984e-01 1.303759838977053831e-01 6.590069910403609232e-02 1.303903025921196723e-01 6.591109198918274070e-02 4.411287209862985170e-02
6.581526444295336953e-01 3.254280364354316668e-01 9.838768251844255408e-01 1.463364523100670611e-01 8.189485703823939922e-01 1.208516137997341922e-01 1.303499479323465271e-01 6.588750457355022072e-02 1.303637871293097383e-01 6.589764263082609208e-02 4.409563596452770878e-02
8.925802548341854603e-01 3.825627073644137233e-01 9.838836507410758658e-01 1.463133574711454055e-01 8.182219758141877630e-01 1.207517227252342951e-01 1.302852681654320943e-01 6.585649711340869905e-02 1.302340801912161561e-01 6.582641695762468659e-02 4.402691248446251315e-02
9.316190633490553097e-01 3.905425522320539189e-01 9.838822485515293925e-01 1.463117906617391051e-01 8.182336482832421876e-01 1.207532703815202418e-01 1.302921588847605339e-01 6.586022602902104339e-02 1.302302542393611040e-01 6.582352713361050434e-02 4.402772531776164705e-02
