4.513364234666959462e-01 2.445061332467381721e-01 9.838830024596438850e-01 1.463413666140604696e-01 8.191398124817245163e-01 1.208778807797273730e-01 1.303726342623011958e-01 6.589881544550385550e-02 1.304017097749938237e-01 6.591782872056274611e-02 4.411763312662801695e-02
4.762026190714411245e-01 2.388534290607486621e-01 9.839336186954327212e-01 1.463398645980473478e-01 8.189495042503958100e-01 1.208530684604201405e-01 1.303996634003689314e-01 6.591710397618273654e-02 1.304182137434640454e-01 6.592582312132368172e-02 4.411999722796045020e-02
5.110549980240036705e-01 2.399108745729744141e-01 9.839400395331492355e-01 1.463444180574789699e-01 8.186553824043193428e-01 1.208238691768005191e-01 1.304026301409642041e-01 6.592029361893284034e-02 1.304156121414840885e-01 6.592454649676524059e-02 4.410704635603561463e-02
5.214699938770731569e-01 2.489651982096272032e-01 9.839128801118727230e-01 1.463538483172247551e-01 8.185971664172051465e-01 1.208256757947031718e-01 1.303789071477320927e-01 6.590583398895578926e-02 1.303911557170125135e-01 6.591207002685892102e-02 4.408888403787152716e-02
5.267747834172215038e-01 2.619347208107487002e-01 9.839101025345714513e-01 1.463660736188251155e-01 8.183101112174829828e-01 1.207856092518926339e-01 1.303316621218917337e-01 6.588125832125975301e-02 1.303424660911039201e-01 6.588739734354918942e-02 4.405653170468375179e-02
6.155392091143229161e-01 3.302296526885417083e-01 9.838800554665372289e-01 1.463490753486445806e-01 8.189102805637591409e-01 1.208479062212535204e-01 1.303594499204375201e-01 6.589313454653156210e-02 1.303720859534115151e-01 6.590209046480648147e-02 4.409433892149292739e-02
6.425647352102744625e-01 3.308502753830694365e-01 9.838731127753764794e-01 1.463414913020808228e-01 8.191380621726017663e-01 1.208776257840941393e-01 1.303792544953961130e-01 6.590254402835442338e-02 1.303935036012951187e-01 6.591281551035346742e-02 4.411343469204104251e-02
6.453098728091881675e-01 3.414073028198513771e-01 9.838753152229867682e-01 1.463379060806094534e-01 8.190076360243246922e-01 1.208597180450768915e-01 1.303638274185263124e-01 6.589488911333100940e-02 1.303763400435374309e-01 6.590405012046039734e-02 4.410149417217584800e-02
7.678244982011205311e-01 4.248806657920139451e-01 9.838780525603749716e-01 1.463249800095950404e-01 8.186081842918268014e-01 1.208047980249922632e-01 1.303456938544287347e-01 6.588772240617461751e-02 1.303132443437194643e-01 6.586867511163532751e-02 4.406445730219109291e-02
8.360155918852548718e-01 4.185890315461102684e-01 9.838778420196114816e-01 1.463218048730106913e-01 8.185414803476215306e-01 1.207955967308634304e-01 1.303386436002250404e-01 6.588416456274377719e-02 1.302925177863402117e-01 6.585681993461495187e-02 4.405754839805608308e-02
