4.477382972363135316e-01 2.460136553888758182e-01 9.838763904393461601e-01 1.463416880015431243e-01 8.191352705398756706e-01 1.208772524332417247e-01 1.303645436140713487e-01 6.589393848782459928e-02 1.304000219870873334e-01 6.591673463568983871e-02 4.411691900478287992e-02
4.518952748713379042e-01 2.494114445318714735e-01 9.839077189557824399e-01 1.463409645830710537e-01 8.187281752390292988e-01 1.208247398153055180e-01 1.303290936999680072e-01 6.587816677752179884e-02 1.303973348955835554e-01 6.591524202100171315e-02 4.411251369065355421e-02
4.891818303771440779e-01 2.590439798406248273e-01 9.840182658284490902e-01 1.463983591387431893e-01 8.148065388374978735e-01 1.203960023186148726e-01 1.299459486592109692e-01 6.568709612729536906e-02 1.301446531997473011e-01 6.578737633630497850e-02 4.393688813396325749e-02
5.114299479385224778e-01 2.634857549280145705e-01 9.840370995289235978e-01 1.464784854787670454e-01 8.132829789487452388e-01 1.202845014875331131e-01 1.298371850182408471e-01 6.563141112074134809e-02 1.298993471406067468e-01 6.566339103192797566e-02 4.377441850593278422e-02
4.987326861641893094e-01 3.223384357658247157e-01 9.839683503632238315e-01 1.464277110486157940e-01 8.157554615369108086e-01 1.205421220144176769e-01 1.300950998848658668e-01 6.576193436950118765e-02 1.301062790555813087e-01 6.576800243734771956e-02 4.390675174171301820e-02
4.867153957203584347e-01 4.127248067670155063e-01 9.838782322721024709e-01 1.463466959507877252e-01 8.189485403502839711e-01 1.208587903398773977e-01 1.304113646193019449e-01 6.592201334970823612e-02 1.304126093563942046e-01 6.592283214412414383e-02 4.410461291468362882e-02
5.209809059811794096e-01 4.175235748897607735e-01 9.838717650935149273e-01 1.463415066817131960e-01 8.191340968485139040e-01 1.208771770019528846e-01 1.304228325091027485e-01 6.592738500543665614e-02 1.304255569630304312e-01 6.592932391338988951e-02 4.411596265233441727e-02
5.170955863385724438e-01 4.815379968716345105e-01 9.838719677569457422e-01 1.463405824640741926e-01 8.191086133416424220e-01 1.208735712200221801e-01 1.304224367020958841e-01 6.592738804036168965e-02 1.304240582096308776e-01 6.592857125508549965e-02 4.411364138474192786e-02
5.394306776467910902e-01 5.085665126910056122e-01 9.838712097921894495e-01 1.463409371311485963e-01 8.191306117501484518e-01 1.208766013206312301e-01 1.304317839562262049e-01 6.593250714825477088e-02 1.304306883679567652e-01 6.593186319245884774e-02 4.411594582062153269e-02
5.497512955621518538e-01 5.049865931242952799e-01 9.838712548108408118e-01 1.463407654382459788e-01 8.191257309560656674e-01 1.208759300016906818e-01 1.304311689209636527e-01 6.593219520261107969e-02 1.304296080556086035e-01 6.593126988495945362e-02 4.411548684539577658e-02
