4.281499583505133932e-01 2.583666843234243560e-01 9.838846152606083306e-01 1.463494271763881860e-01 8.190168087924809548e-01 1.208609510612954629e-01 1.303834459827788173e-01 6.590602872287415481e-02 1.304073882286565789e-01 6.592137456460392397e-02 4.410757542048109742e-02
4.291618807822899506e-01 2.646742696132987627e-01 9.839158648582263522e-01 1.463765039251476163e-01 8.182659856444264301e-01 1.207648217007065289e-01 1.303033823177975614e-01 6.586728838821641341e-02 1.303370276734621691e-01 6.588559136685150086e-02 4.405939022311195635e-02
4.317081348839169053e-01 2.908610619015000731e-01 9.841070330475489847e-01 1.465539927963315503e-01 8.102634344896694207e-01 1.199065586581982007e-01 1.294724773909007309e-01 6.544843318059845316e-02 1.295794578700834032e-01 6.550212632752203112e-02 4.357819389849676428e-02
4.402614781530638233e-01 3.179858202508868414e-01 9.843828420882205776e-01 1.469043833664644971e-01 7.970830560602498727e-01 1.185406571152784611e-01 1.281171212034654949e-01 6.476231952258393321e-02 1.281639541185700393e-01 6.478601149336880860e-02 4.268653600265765596e-02
4.577681910085328321e-01 4.013135211814092274e-01 9.840260527967802373e-01 1.465167722033842990e-01 8.124093025035759030e-01 1.201681727341709777e-01 1.297297040909766996e-01 6.557752720720759487e-02 1.297317776287982005e-01 6.557860922666675085e-02 4.367459446229923076e-02
4.625130988605600235e-01 4.316944094206911497e-01 9.838756516790322371e-01 1.463464625173649114e-01 8.189549684239737504e-01 1.208577754678783894e-01 1.304135505026346453e-01 6.592332511385577687e-02 1.304136040017818132e-01 6.592335607111925178e-02 4.410429004363401045e-02
4.553211626935150802e-01 4.820773012433534066e-01 9.838724854659709473e-01 1.463429482397273218e-01 8.190721365681442601e-01 1.208686395738349656e-01 1.304241939309971898e-01 6.592870037348790013e-02 1.304243381685391001e-01 6.592878298655967251e-02 4.411095032970629992e-02
4.431780861240579017e-01 5.488197114348410954e-01 9.838713879595910594e-01 1.463418749396358243e-01 8.191271848476960882e-01 1.208761294860050406e-01 1.304317618128121026e-01 6.593253532534047723e-02 1.304318014945848592e-01 6.593255800263438104e-02 4.411574714872660424e-02
5.023251519324221093e-01 5.265757724796220618e-01 9.838709922068971103e-01 1.463414805842133681e-01 8.191476773508511444e-01 1.208789477563972509e-01 1.304346074402448208e-01 6.593397713002800697e-02 1.304346047905341754e-01 6.593397552248109195e-02 4.411756731503551493e-02
5.278739866475594678e-01 5.147638354831509666e-01 9.838709753096190891e-01 1.463414636950648162e-01 8.191485341619554328e-01 1.208790656321020729e-01 1.304347262257179174e-01 6.593403727087926436e-02 1.304347207539980902e-01 6.593403402684047676e-02 4.411763844275439633e-02
