4.021590437235140203e-01 2.729043248043064862e-01 9.838960827453132607e-01 1.463609588662051209e-01 8.188408791258386943e-01 1.208367006721544207e-01 1.304009503998583563e-01 6.591790845664897980e-02 1.304112239299834997e-01 6.592446286246379794e-02 4.409326066358476570e-02
3.922491913366554228e-01 2.867564959804951297e-01 9.839148493247019678e-01 1.464148047191578261e-01 8.179366112606205608e-01 1.207158916068346993e-01 1.302814322814109804e-01 6.585755987125117838e-02 1.302881518601329836e-01 6.586189539693393380e-02 4.401222251700201427e-02
3.668146474900025877e-01 3.239270055391831327e-01 9.839374454892941824e-01 1.464187886546855777e-01 8.168601713214292959e-01 1.206495104956827880e-01 1.302100377076125526e-01 6.582098911823626441e-02 1.302151894575742652e-01 6.582444222616250229e-02 4.397384074424861428e-02
3.775676290357166676e-01 3.332438209190372036e-01 9.840563135715741927e-01 1.465297620794762667e-01 8.119181807871258538e-01 1.202410895092983073e-01 1.298008576069050179e-01 6.561364678654924010e-02 1.298003405754412087e-01 6.561370608068319010e-02 4.372114505494851394e-02
4.211129136440153187e-01 3.870486001058726644e-01 9.840105397719881575e-01 1.464867706360495070e-01 8.135097331416157873e-01 1.203778719735360409e-01 1.299344643114315190e-01 6.568089557714242022e-02 1.299327816888828924e-01 6.568006651992409906e-02 4.380521248988664823e-02
4.453452612317920223e-01 4.506131368464545983e-01 9.838915613357290813e-01 1.463644796852513752e-01 8.180331339980629890e-01 1.207376573102687256e-01 1.302882370569025672e-01 6.585952907838719950e-02 1.302938173618249929e-01 6.586283567275540152e-02 4.402687295692673392e-02
4.227274924575581960e-01 5.421732606471066918e-01 9.838907742329821016e-01 1.463634810462917657e-01 8.179937778554277061e-01 1.207204220205324308e-01 1.302704952808637906e-01 6.585052087860372716e-02 1.302770023982877667e-01 6.585436601156545444e-02 4.401554639298411314e-02
4.269179169953956632e-01 5.613597364607378903e-01 9.838741181351421394e-01 1.463449346163100684e-01 8.189652001238266754e-01 1.208538708436596165e-01 1.304086454099849524e-01 6.592077427981014870e-02 1.304096807257230095e-01 6.592138619540399702e-02 4.410144248612140466e-02
4.650915304417151952e-01 5.542228358163324708e-01 9.838712543469260163e-01 1.463417768921425610e-01 8.191322918984031975e-01 1.208768336058636400e-01 1.304324163529521630e-01 6.593286272801886228e-02 1.304325084738087726e-01 6.593291716626388521e-02 4.411619145962181188e-02
5.227330129573214412e-01 5.437370733402616674e-01 9.838709741025234434e-01 1.463414671934186173e-01 8.191486027861578645e-01 1.208790751571742622e-01 1.304347360606352701e-01 6.593404228463080330e-02 1.304347369251407651e-01 6.593404279545152236e-02 4.411763383335710192e-02
