3.749209917160986061e-01 2.756238033563345735e-01 9.839180189858652836e-01 1.463497958436274782e-01 8.190174048930181083e-01 1.208610086279114371e-01 1.304457198975835508e-01 6.594285657426289526e-02 1.304296506881680862e-01 6.593307662571061545e-02 4.410744121223090369e-02
3.590771666045770583e-01 3.062451435054788229e-01 9.838974276273637631e-01 1.463649363202813858e-01 8.187741691991138326e-01 1.208281816853570556e-01 1.303873689650019985e-01 6.591099965372325398e-02 1.303807305993127941e-01 6.590767140366687871e-02 4.408432475438443798e-02
3.461335803514272724e-01 3.303043669341461097e-01 9.838757200553265303e-01 1.463496299927800337e-01 8.189850504564233358e-01 1.208615088780421731e-01 1.303976579672447844e-01 6.591415877842209115e-02 1.304013202856844911e-01 6.591752239990586459e-02 4.410590332164954219e-02
3.402711942818357760e-01 3.421494815855107841e-01 9.838829693642887619e-01 1.463516706772970133e-01 8.187586031523909069e-01 1.208617661332475057e-01 1.303815167008063602e-01 6.590438455799266237e-02 1.304035550014109313e-01 6.591839708384054919e-02 4.410672126486866323e-02
3.137253319981007649e-01 3.875659930623663318e-01 9.838899556340376940e-01 1.463635092241849789e-01 8.182261984903487217e-01 1.208200065774227006e-01 1.303211733205431599e-01 6.587194253071936012e-02 1.303622653901266304e-01 6.589691495405344823e-02 4.408025749306714036e-02
2.746927180050359185e-01 5.694487871506028753e-01 9.838756597384092917e-01 1.463932851193532891e-01 8.164683034175891363e-01 1.205148959280187976e-01 1.299727856231728262e-01 6.569297787273810363e-02 1.300663992381907441e-01 6.574837925135047778e-02 4.388278179203415619e-02
2.967850731039949341e-01 5.947687916079389403e-01 9.838770200548648814e-01 1.463915332624529109e-01 8.165154825706816277e-01 1.205172342449315759e-01 1.299843981883053723e-01 6.569964610151679540e-02 1.300712535715922991e-01 6.575096366045607432e-02 4.388495950672138823e-02
3.845853341224632072e-01 5.831569441163010348e-01 9.838732403533541060e-01 1.463593686650588310e-01 8.182060817302361233e-01 1.207495509449712789e-01 1.302737493767369414e-01 6.585026368094942795e-02 1.303046503949418788e-01 6.586852076005852985e-02 4.403436326850725113e-02
4.698549794714506067e-01 6.133217178963678018e-01 9.838710981955465229e-01 1.463425631238359226e-01 8.190910482862292508e-01 1.208711658558370566e-01 1.304248780267623087e-01 6.592891053636522336e-02 1.304267918971957485e-01 6.593004126668058906e-02 4.411253970807998276e-02
5.085439047093706089e-01 6.298709241219173638e-01 9.838709715903043440e-01 1.463414705788516623e-01 8.191484130443894562e-01 1.208790490562130643e-01 1.304346981228478031e-01 6.593402223613960278e-02 1.304347106292343683e-01 6.593402962532493583e-02 4.411761415886668314e-02
