3.499587204859563871e-01 2.758424071970020375e-01 9.839412468705897030e-01 1.463418512668299976e-01 8.191428065435139017e-01 1.208782769140814145e-01 1.304839299992209267e-01 6.596457968776044123e-02 1.304416897236432560e-01 6.593862555123271296e-02 4.411714861878637123e-02
3.450046090205395877e-01 3.039690655794299312e-01 9.838984150257908956e-01 1.463425808959668284e-01 8.191311403748626763e-01 1.208766973801841532e-01 1.304306585248660444e-01 6.593307390350645891e-02 1.304029676955044126e-01 6.591728660123874484e-02 4.411572645584940083e-02
3.389918258180029675e-01 3.295874928557699368e-01 9.838658842363825485e-01 1.463417952421761925e-01 8.191429448992083584e-01 1.208784483858495740e-01 1.303870324417421844e-01 6.590692585009311211e-02 1.303807050134178913e-01 6.590481961803114352e-02 4.411665972516096851e-02
3.280046896806105283e-01 3.495034425495063268e-01 9.838663608512006054e-01 1.463416851699739230e-01 8.191411817364990799e-01 1.208789436923004418e-01 1.303685702683584635e-01 6.589541592014393212e-02 1.304022094565533696e-01 6.591644790350949246e-02 4.411728034065193205e-02
2.916254606302398633e-01 3.981150268546321258e-01 9.838627397267765140e-01 1.463425823860320107e-01 8.190964082428778825e-01 1.208737223929231136e-01 1.303582025241822318e-01 6.588917257798637683e-02 1.304125486519513710e-01 6.592204239993414150e-02 4.411423720608754345e-02
2.498297021992549050e-01 5.833080869086186837e-01 9.838236125157531209e-01 1.463504134381320154e-01 8.186803486127846030e-01 1.208148058380354301e-01 1.302566105631851323e-01 6.583539396433624180e-02 1.303630776073991249e-01 6.589840163292820518e-02 4.407628824583329635e-02
2.511744411116871856e-01 6.077943208424657628e-01 9.838169291433066510e-01 1.463497606758423220e-01 8.187093842084289808e-01 1.208187152434070377e-01 1.302527173961573470e-01 6.583296069097033243e-02 1.303688690587602728e-01 6.590160720936188987e-02 4.407889280249198405e-02
3.129479576129321483e-01 6.176937098707683260e-01 9.838339658921947395e-01 1.463483736504849475e-01 8.187851937771613020e-01 1.208291344146490143e-01 1.302992813197241528e-01 6.585920714068985160e-02 1.303809858386285325e-01 6.590747817874233194e-02 4.408551938816245713e-02
4.697054293536497283e-01 6.458925308212515315e-01 9.838693561906270979e-01 1.463417630366317390e-01 8.191330869517958746e-01 1.208769428624671266e-01 1.304288793402769708e-01 6.593080454916364075e-02 1.304324391255191617e-01 6.593290777019578108e-02 4.411625031863124213e-02
4.952342301942280756e-01 6.471567686607903047e-01 9.838709599830955943e-01 1.463414649606459561e-01 8.191488180039663280e-01 1.208791046937538888e-01 1.304347471778392054e-01 6.593404657203132124e-02 1.304347657978829067e-01 6.593405757442334647e-02 4.411763983571000830e-02
