3.513886579710851499e-01 2.765765775357979517e-01 9.839383941091890406e-01 1.463422305334981799e-01 8.191367540576576234e-01 1.208774535093735808e-01 1.304796742313066860e-01 6.596210130524238213e-02 1.304391267171658431e-01 6.593724714807490395e-02 4.411667960866018368e-02
3.760942214102463432e-01 2.751152890716551669e-01 9.839172115670470342e-01 1.463493929065270427e-01 8.190230593946425941e-01 1.208618620311987940e-01 1.304456400559444451e-01 6.594275443188804542e-02 1.304294271639266922e-01 6.593292446678211682e-02 4.410804963270999884e-02
4.031681879680004132e-01 2.719643864083682860e-01 9.838959736922237020e-01 1.463561127041275167e-01 8.189143665994847998e-01 1.208469779001261624e-01 1.304105084675377391e-01 6.592278202400182752e-02 1.304195068837143978e-01 6.592856417857556606e-02 4.409998951659305222e-02
4.296053403392749992e-01 2.579951376250252948e-01 9.838874269245256876e-01 1.463485796886657697e-01 8.190222344482613881e-01 1.208619089607731040e-01 1.303859697997405698e-01 6.590759061072908043e-02 1.304086236420993750e-01 6.592203828488593653e-02 4.410888410446112823e-02
4.500700340104959452e-01 2.460325653358179376e-01 9.838822681072606491e-01 1.463418820680496002e-01 8.191283243190231600e-01 1.208763740208367993e-01 1.303714412454126392e-01 6.589820927662977390e-02 1.304020649967174428e-01 6.591786185452847002e-02 4.411723665459526406e-02
4.751252883415321704e-01 2.368926352559049264e-01 9.839133836185850468e-01 1.463418770777907274e-01 8.191265381044039451e-01 1.208760946821448024e-01 1.304218693789972738e-01 6.592770733736526279e-02 1.304160195660541699e-01 6.592496261451440132e-02 4.411873971683830803e-02
5.052295477896517895e-01 2.211529177746347496e-01 9.839555238516151103e-01 1.463423157968427868e-01 8.191261827948311813e-01 1.208759935847354139e-01 1.304936164172344204e-01 6.596976031972671961e-02 1.304351769404710204e-01 6.593481961136143932e-02 4.412001119130488924e-02
5.081889915859544304e-01 1.970005812884171037e-01 9.839585160891958227e-01 1.463426079583976525e-01 8.191190937767692803e-01 1.208750094302881301e-01 1.304899858781145006e-01 6.596784842654544734e-02 1.304349263113150081e-01 6.593467516167050846e-02 4.411741812027843157e-02
4.770318049472976329e-01 1.062953325323664627e-01 9.839753720840811457e-01 1.463465765315340450e-01 8.190110805344840150e-01 1.208601165913313069e-01 1.303948559466753809e-01 6.591226620747096809e-02 1.304166031710829454e-01 6.592507015005523441e-02 4.410529032009110478e-02
4.603997324092689025e-01 7.348103326756939835e-02 9.839775558423761170e-01 1.463483190369501419e-01 8.189639463786054785e-01 1.208536181624293160e-01 1.303509015580480712e-01 6.588650363482718986e-02 1.304092185574600438e-01 6.592118803462893029e-02 4.410067541183769479e-02
