3.460251778801571865e-01 2.989948004987476038e-01 9.839024204588801004e-01 1.463434249822205824e-01 8.191163505934598854e-01 1.208749089845823216e-01 1.304308259249250257e-01 6.593342980277025478e-02 1.303976745927852288e-01 6.591434424156095151e-02 4.411457045707345426e-02
3.653916934802610705e-01 2.917537371115460076e-01 9.839062740171041765e-01 1.463663798591219034e-01 8.187276869756986430e-01 1.208245565264628729e-01 1.303848897737963919e-01 6.591010736440146289e-02 1.303674831068960538e-01 6.590026345914022643e-02 4.408242427812815445e-02
4.013330997163537806e-01 2.768384930008925826e-01 9.839168382150764725e-01 1.464030698687031895e-01 8.179984675805617167e-01 1.207326739339777827e-01 1.302949680256654252e-01 6.586424682751787496e-02 1.303026590532390672e-01 6.586897362103816267e-02 4.402570134964282900e-02
4.357452032098042549e-01 2.611844030299377284e-01 9.839187452938111811e-01 1.463761929628679681e-01 8.181650420244067634e-01 1.207588457955451472e-01 1.302915032631203895e-01 6.586060032989131396e-02 1.303270153992386049e-01 6.588039365702826056e-02 4.405447047580475506e-02
4.671696759295658197e-01 2.487080103139554799e-01 9.839073941759354236e-01 1.463458510007867031e-01 8.187669087944444701e-01 1.208324909036716660e-01 1.303453246520877851e-01 6.588652652641323326e-02 1.303913722581851176e-01 6.591211863662106707e-02 4.410451331244958501e-02
4.982575959182579117e-01 2.417749158925029396e-01 9.839147507668258852e-01 1.463467285758600911e-01 8.188991300660710682e-01 1.208463470102718873e-01 1.303953672883548798e-01 6.591436397870206743e-02 1.304050060062988681e-01 6.591911094942032312e-02 4.410470165118944574e-02
5.131206422445185877e-01 2.184866187338649901e-01 9.839467503200756138e-01 1.463510707813248934e-01 8.188966464367087861e-01 1.208445037127082733e-01 1.304505918330822745e-01 6.594711399637213922e-02 1.304046364419590431e-01 6.591926038205110638e-02 4.409762430608933637e-02
5.161543953728802148e-01 1.968332146168935426e-01 9.839531066272021453e-01 1.463458991489958450e-01 8.190362839085543190e-01 1.208636050606562429e-01 1.304817716586036125e-01 6.596423562152024800e-02 1.304235790578291143e-01 6.592894070548005470e-02 4.410827160189831342e-02
4.981450027975780070e-01 1.453932450660780085e-01 9.839714037452793605e-01 1.463541176899871565e-01 8.188085787991497000e-01 1.208322013498422387e-01 1.304073151200163261e-01 6.592243760873653380e-02 1.303903735139345932e-01 6.591196914232624882e-02 4.408663043381450680e-02
4.694966462934853646e-01 8.320087652603430639e-02 9.839936674826673668e-01 1.463700239521068258e-01 8.183778942615627106e-01 1.207728245735369410e-01 1.302871151740555566e-01 6.585570554521745501e-02 1.303293915211068965e-01 6.588088273205716661e-02 4.404689905055730881e-02
