3.408704976227420747e-01 3.233493296150539154e-01 9.838668803264414287e-01 1.463423818650202990e-01 8.191269395881722870e-01 1.208774894828534285e-01 1.303907637036527678e-01 6.590939240728854731e-02 1.303701311594909762e-01 6.589899013010844242e-02 4.411595848264785596e-02
3.480152206915292923e-01 3.243603110423826652e-01 9.838815841756417546e-01 1.463570501745830310e-01 8.187402371325241957e-01 1.208451821438133178e-01 1.303773613969654022e-01 6.590380413975011065e-02 1.303685008372195697e-01 6.589991969493398660e-02 4.409550365099520336e-02
3.808788621402173780e-01 3.135119447040005669e-01 9.839701783512204702e-01 1.464545775358182811e-01 8.154950446647645235e-01 1.205166607711042892e-01 1.300735675913198830e-01 6.575167628621102212e-02 1.300808704602726407e-01 6.575586751734019408e-02 4.389423980269459985e-02
4.454026099817587903e-01 2.843032810770497187e-01 9.840694268015585111e-01 1.465235510298316113e-01 8.118212782232051561e-01 1.200879904468750980e-01 1.296444583695301467e-01 6.553451215978527145e-02 1.297223960931162268e-01 6.557419372908296351e-02 4.366819881741654252e-02
5.020916028321705804e-01 2.569534992766934756e-01 9.839721635068158223e-01 1.463987224545730548e-01 8.160987777542677568e-01 1.205417353202029723e-01 1.300857386868671528e-01 6.575695660683987531e-02 1.301815182850810937e-01 6.580593011164084793e-02 4.395788105042830463e-02
5.205196442968049730e-01 2.494508636595351159e-01 9.839139367725580065e-01 1.463619351265159629e-01 8.182948410198962463e-01 1.207747223272291476e-01 1.303217014665018769e-01 6.587643537096148083e-02 1.303527026945649758e-01 6.589255506713170840e-02 4.406352043833857562e-02
5.232224645865439783e-01 2.311970395643158094e-01 9.839365515072124868e-01 1.463746569735299152e-01 8.182468310156569835e-01 1.207567730419806806e-01 1.303307200164207647e-01 6.588346294506959577e-02 1.303190659110349814e-01 6.587576005674494750e-02 4.403921565848136627e-02
5.322064568191601230e-01 2.016802999509615391e-01 9.839591859050925704e-01 1.463577423452367965e-01 8.187321108633544009e-01 1.208218007670277400e-01 1.304245056472511932e-01 6.593382465682645632e-02 1.303812274022647100e-01 6.590741498909219453e-02 4.407999613757333790e-02
5.637300339880072508e-01 1.767961697755627004e-01 9.839622980217056503e-01 1.463554190274781452e-01 8.187601812250183686e-01 1.208255461113450085e-01 1.304101092064916534e-01 6.592483273650640019e-02 1.303815551017402097e-01 6.590746754941230467e-02 4.408225542911873435e-02
5.795305975674123200e-01 1.278259657914332381e-01 9.839803468583629975e-01 1.463743993764528573e-01 8.182150621562024329e-01 1.207503835093314548e-01 1.302946177810330730e-01 6.586231835042920257e-02 1.303007113168080378e-01 6.586631140213980440e-02 4.403219296360628282e-02
