3.390124001844064816e-01 3.364096762380659467e-01 9.838687015999295626e-01 1.463423690675246802e-01 8.191151041731312699e-01 1.208781425516662067e-01 1.303920292954779403e-01 6.590949522768303759e-02 1.304032431818472892e-01 6.591744537643715041e-02 4.411675634280064900e-02
3.486431461818210176e-01 3.344135361524850358e-01 9.838844721983469599e-01 1.463525293415074424e-01 8.187263541390034094e-01 1.208568135730131304e-01 1.303982949665490887e-01 6.591474213956724504e-02 1.304085248506318684e-01 6.592179080603567665e-02 4.410369035489627998e-02
3.730258017153758043e-01 3.346057828179208049e-01 9.839880420967509478e-01 1.464613165320886035e-01 8.145595192563496179e-01 1.204607022596290711e-01 1.300195170541750822e-01 6.572431087613508915e-02 1.300251126295458859e-01 6.572795659156112358e-02 4.385876609972554074e-02
4.359445795607072571e-01 3.199272060215642699e-01 9.842112106179375930e-01 1.466982889948743041e-01 8.049999172421404836e-01 1.193911446756416306e-01 1.289595385119254034e-01 6.518827211353243889e-02 1.290126314861943235e-01 6.521531245288203493e-02 4.321933377121827541e-02
5.047539085864938269e-01 2.763685832924199781e-01 9.840954397060457381e-01 1.465396165066128464e-01 8.105963057326153187e-01 1.199713924233589551e-01 1.295276085483928752e-01 6.547494874533277276e-02 1.296324918853080377e-01 6.552848208091244242e-02 4.360289506080402416e-02
5.333492690891639132e-01 2.599478581510414887e-01 9.839479878920651679e-01 1.464031786099347920e-01 8.166853833887758318e-01 1.205966713860477241e-01 1.301428064640008098e-01 6.578568972223647338e-02 1.301860808307760131e-01 6.580832400862603182e-02 4.395393003555253530e-02
5.691741299436650081e-01 2.588715900720468532e-01 9.839276098292898398e-01 1.463827586383486812e-01 8.178145583175339128e-01 1.207038461167666415e-01 1.302488909522819260e-01 6.583961716013314591e-02 1.302572687628402170e-01 6.584432396146711053e-02 4.400373490551545003e-02
6.803214007342324177e-01 2.246418963231149868e-01 9.839299272971370192e-01 1.463554305707503722e-01 8.186579467642098873e-01 1.208119908024562900e-01 1.303634843651266528e-01 6.589857567287359108e-02 1.303611480656688970e-01 6.589694538042546734e-02 4.407273349101554355e-02
8.035279659013716547e-01 1.960801705376022663e-01 9.839106407030573376e-01 1.463434201143696267e-01 8.189111497643349891e-01 1.208463698117835244e-01 1.303820222424720288e-01 6.590645394612447416e-02 1.303901871878191954e-01 6.591142016401077552e-02 4.409580314065402601e-02
8.429846796477541426e-01 1.771112537934163011e-01 9.838982175111664619e-01 1.463432568116552479e-01 8.187710121946381037e-01 1.208270488796968772e-01 1.303471588597385766e-01 6.588696773429504605e-02 1.303576389879734787e-01 6.589459197640314125e-02 4.408297741493841931e-02
