3.258021373971780599e-01 3.614812877937782498e-01 9.838689987454626307e-01 1.463421477808021509e-01 8.191226795773700609e-01 1.208782390032297066e-01 1.303707739161026058e-01 6.589630152207108515e-02 1.304251500860174884e-01 6.592920392321971468e-02 4.411712114172405830e-02
3.535833296578239637e-01 3.588860855358671498e-01 9.838806969859267282e-01 1.463499142982962187e-01 8.188175555322403376e-01 1.208601823581635787e-01 1.303873140896150695e-01 6.590768798823574970e-02 1.304167110824784592e-01 6.592575026775195079e-02 4.410591496055980137e-02
4.078636725950188779e-01 3.794449063719748660e-01 9.839349466554698775e-01 1.464074748477750820e-01 8.165998550917765719e-01 1.206466668582329843e-01 1.302008710778532474e-01 6.581560155972954185e-02 1.302067798288758793e-01 6.581938224803439430e-02 4.397323771785936058e-02
4.559437918923686661e-01 3.847444987095691160e-01 9.840397975708353728e-01 1.465249838558603801e-01 8.119992914290218300e-01 1.201331390836247043e-01 1.296945198674858690e-01 6.555974672652166435e-02 1.297070887904349934e-01 6.556628385543020188e-02 4.365813262832607400e-02
5.323029631133320283e-01 3.433749535211834680e-01 9.840224859214909969e-01 1.464886539914913854e-01 8.131401284434960353e-01 1.202482988611970338e-01 1.297943605760809305e-01 6.560927461808141459e-02 1.298300361920153578e-01 6.562827972520073050e-02 4.373467652193296917e-02
6.214226322588696227e-01 3.155208017514848362e-01 9.839090645769343890e-01 1.463681692444559201e-01 8.177469985701236732e-01 1.207176133826512454e-01 1.302290275171090472e-01 6.582712137104686223e-02 1.302514258003110437e-01 6.584112595614187435e-02 4.401434119248388843e-02
6.536770418990418552e-01 3.163219954673567869e-01 9.838843579694364072e-01 1.463408651253945147e-01 8.187065966380625559e-01 1.208198132580021872e-01 1.303209617057550229e-01 6.587306015142417592e-02 1.303370458434368606e-01 6.588435860665273203e-02 4.407508870729514444e-02
7.417370035911394766e-01 2.644692632609312866e-01 9.838965893175484201e-01 1.463395346767980831e-01 8.188165376320954980e-01 1.208334590219330013e-01 1.303516906889879978e-01 6.589002332768327530e-02 1.303666088214784913e-01 6.589949048915784424e-02 4.408540310696446030e-02
8.428037552296125945e-01 2.010933608696680308e-01 9.839039785176516562e-01 1.463414111317345723e-01 8.187656823574255283e-01 1.208263245447580153e-01 1.303556761716970769e-01 6.589260656070770883e-02 1.303693779053849422e-01 6.590087589052182060e-02 4.408231605862080599e-02
8.698091185573640916e-01 1.810536059559682276e-01 9.838928369251118689e-01 1.463409032201094528e-01 8.186532987534532735e-01 1.208108354976648174e-01 1.303279707981536140e-01 6.587697264965367006e-02 1.303401408667117511e-01 6.588571572136017740e-02 4.407208433049489976e-02
