3.218998172901235133e-01 3.984442345863161705e-01 9.838676944774682465e-01 1.463421237779818640e-01 8.191205534073622285e-01 1.208765712235999878e-01 1.303744131945904494e-01 6.589840121982554200e-02 1.304224464675070028e-01 6.592740894907735127e-02 4.411611534096415016e-02
3.893099134980456677e-01 4.223206520834597577e-01 9.838721440156026343e-01 1.463439011900731224e-01 8.190526615461765081e-01 1.208722668933260719e-01 1.304033289153145869e-01 6.591598280667999854e-02 1.304246540058739690e-01 6.592891018106343537e-02 4.411341195313093350e-02
4.506628318234875974e-01 4.328482768296173511e-01 9.838780949351673133e-01 1.463490107675603502e-01 8.188574831624010342e-01 1.208522684217980675e-01 1.304058719622387952e-01 6.591925524066273578e-02 1.304080851832047916e-01 6.592061727710102348e-02 4.410094019219040068e-02
4.781791633813123887e-01 4.327311702674990213e-01 9.838871942308901053e-01 1.463590952597070560e-01 8.184624762614847171e-01 1.208077611206383462e-01 1.303632452173946465e-01 6.589784299190470929e-02 1.303641001876908179e-01 6.589833372248311838e-02 4.407329323513647229e-02
5.495491326330333992e-01 4.072639336635084373e-01 9.838886601335224968e-01 1.463553927526013987e-01 8.184500427948465662e-01 1.208036852616767159e-01 1.303427249558380963e-01 6.588642061158793417e-02 1.303489587032993224e-01 6.589057304306371321e-02 4.406929540294060588e-02
6.420427944631714734e-01 3.337093097254824059e-01 9.838795912240773101e-01 1.463370029762484370e-01 8.188278429010059645e-01 1.208367777201793947e-01 1.303386185176396983e-01 6.588200792139092821e-02 1.303537923036875157e-01 6.589281530461572889e-02 4.408638797995222125e-02
6.536016043231602790e-01 3.232542034311211565e-01 9.838791308944826453e-01 1.463347003567851412e-01 8.188512124587280505e-01 1.208382881975381268e-01 1.303355319961269909e-01 6.588016465999928239e-02 1.303516586786910014e-01 6.589171426732857995e-02 4.408679639844563514e-02
6.977904231394904677e-01 2.968846951333496409e-01 9.838890804748187113e-01 1.463367359092475339e-01 8.187061134528486050e-01 1.208182271803542041e-01 1.303257593442291862e-01 6.587599685203440747e-02 1.303409789943535679e-01 6.588641393602337470e-02 4.407422896764544989e-02
8.455329682738014219e-01 2.157632920308994451e-01 9.839081791543032862e-01 1.463418324341717314e-01 8.184463605846548084e-01 1.207823411124635676e-01 1.303170244410968015e-01 6.587336847940668261e-02 1.303279124473559480e-01 6.588000296659800303e-02 4.405276784937685319e-02
8.870289738222728593e-01 2.011720874378954138e-01 9.838956411596110341e-01 1.463414616127114154e-01 8.186861314684216184e-01 1.208153606432546961e-01 1.303479972009451426e-01 6.588851537884773957e-02 1.303561938553462196e-01 6.589417220266134689e-02 4.407509638568190419e-02
