3.891631023720757421e-01 5.172158345915378597e-01 9.838744651062143465e-01 1.463471239657838097e-01 8.188506777099775480e-01 1.208383183530806204e-01 1.303780496400698263e-01 6.590392869887971850e-02 1.303904730712032722e-01 6.591145683215195172e-02 4.409149722564326135e-02
4.219290158149440750e-01 5.305199465363220623e-01 9.838718547411718918e-01 1.463428519539743122e-01 8.190773825341771675e-01 1.208695069622209156e-01 1.304214216572922580e-01 6.592696269911110796e-02 1.304242104651764933e-01 6.592866178895789853e-02 4.411147885377041111e-02
4.499131892717921910e-01 5.010034119506868722e-01 9.838714511410633357e-01 1.463420326849337871e-01 8.191239685052473796e-01 1.208763074407551152e-01 1.304314246353206752e-01 6.593231783196989992e-02 1.304318657087485123e-01 6.593258602408744173e-02 4.411587879550528390e-02
4.980211293774839953e-01 4.873577855266516545e-01 9.838715868386977981e-01 1.463420729743112603e-01 8.191228414841633665e-01 1.208763479182692890e-01 1.304317474153344480e-01 6.593251252566194320e-02 1.304318467193055497e-01 6.593257781603455159e-02 4.411593098335227225e-02
5.332320626565687505e-01 4.897025377221439491e-01 9.838717233041895938e-01 1.463412939023635839e-01 8.191202933925946228e-01 1.208755204678943485e-01 1.304273873515698623e-01 6.593008399781261075e-02 1.304284314370365849e-01 6.593082947622022627e-02 4.411510435942587322e-02
6.002932343320320774e-01 4.053202886382050174e-01 9.838751888356518371e-01 1.463378035721833448e-01 8.189905448126622023e-01 1.208574753471588631e-01 1.303810295194272051e-01 6.590483831049043228e-02 1.303896346095378134e-01 6.591103523819809296e-02 4.410125709574282127e-02
6.529230327323851668e-01 3.342881728883629888e-01 9.838784803330541395e-01 1.463348516073225691e-01 8.188664186669992739e-01 1.208403403082470851e-01 1.303414869137685117e-01 6.588341001846403922e-02 1.303553417426275007e-01 6.589347406511529559e-02 4.408832873698454585e-02
7.184998773338265865e-01 3.073434080713416394e-01 9.838864417110945171e-01 1.463354232032425817e-01 8.186805962891799959e-01 1.208147149987573027e-01 1.303252492012917096e-01 6.587581729631848682e-02 1.303340161135811415e-01 6.588241030709134083e-02 4.407165940997814085e-02
8.847800539725790836e-01 2.311953531767079739e-01 9.838975907765463713e-01 1.463410236369792061e-01 8.186968517281896229e-01 1.208168531951972768e-01 1.303598046658865084e-01 6.589549929347580937e-02 1.303638361550260860e-01 6.589810469830810480e-02 4.407570282154274488e-02
9.116639297489276261e-01 2.215066682169267165e-01 9.838905858884970934e-01 1.463415264120103698e-01 8.190144174510187725e-01 1.208605890495001306e-01 1.304070795831700214e-01 6.591964526640650690e-02 1.304109093881927472e-01 6.592212240125717992e-02 4.410527316429909556e-02
