4.014605914201415660e-01 5.658669671691635150e-01 9.838898562759891275e-01 1.463672120939214227e-01 8.178050971130780278e-01 1.206944541144052557e-01 1.302351446374508392e-01 6.583192999001516443e-02 1.302505475043092831e-01 6.584104067488602552e-02 4.399865688926881541e-02
4.229406321030163007e-01 5.620921327043525428e-01 9.838753051654354209e-01 1.463469482781491748e-01 8.188634449382619085e-01 1.208398904391072837e-01 1.303930239371091093e-01 6.591274672723392014e-02 1.303956784745497477e-01 6.591431710455318560e-02 4.409235166074199769e-02
4.436695920023600581e-01 5.550556733008518151e-01 9.838716539238802072e-01 1.463424235650082061e-01 8.190987806246003977e-01 1.208722351608160911e-01 1.304272981105450424e-01 6.593023405690717764e-02 1.304279098385595081e-01 6.593059585976598913e-02 4.411322220387010884e-02
5.090695900569516263e-01 5.264666966543514182e-01 9.838710005348082488e-01 1.463414991204659843e-01 8.191467676804400355e-01 1.208788290962646977e-01 1.304344479443885485e-01 6.593389362587541436e-02 1.304344758165175977e-01 6.593391060063411024e-02 4.411748191993311585e-02
5.284276417108441093e-01 5.137689082575938038e-01 9.838709970318902931e-01 1.463414436075866909e-01 8.191476530139495393e-01 1.208789454054718243e-01 1.304344446436631610e-01 6.593388449585677047e-02 1.304344713250077670e-01 6.593390556389956692e-02 4.411754862766724405e-02
5.531308103519895214e-01 4.961465597187914023e-01 9.838716105882207019e-01 1.463405076343561317e-01 8.191139419745082639e-01 1.208743147717611932e-01 1.304260055641945637e-01 6.592935877392576416e-02 1.304254508176767025e-01 6.592915104845500918e-02 4.411415305911366852e-02
7.380993581520205460e-01 4.073533961607999632e-01 9.838760993023354384e-01 1.463304554233023358e-01 8.187829933537615901e-01 1.208288213491292284e-01 1.303619297745814698e-01 6.589552826461586577e-02 1.303408912957967902e-01 6.588358140595898527e-02 4.408076971269347943e-02
8.943208638453282733e-01 3.671099623407226842e-01 9.838791191080866749e-01 1.463244488760036821e-01 8.185781056834134928e-01 1.208006301875829691e-01 1.303364999451432360e-01 6.588265874017297519e-02 1.302941225680282200e-01 6.585776684061603325e-02 4.406060323917467686e-02
9.379579953030202644e-01 3.034515851041733048e-01 9.838813415185653222e-01 1.463350695592501582e-01 8.188888410721130162e-01 1.208433427853654596e-01 1.303901604000266834e-01 6.591083855543715397e-02 1.303743560342126018e-01 6.590155282667899128e-02 4.409207429675691264e-02
9.434640170896129163e-01 2.678169359692270102e-01 9.838817978662061092e-01 1.463410028581582367e-01 8.191087149212225027e-01 1.208735836516139500e-01 1.304240414077581789e-01 6.592841292342593862e-02 1.304248561098841630e-01 6.592899816873618035e-02 4.411385075608147133e-02
