3.047824922674825521e-01 5.948416433510166357e-01 9.838707406372846354e-01 1.463834214616119567e-01 8.169656423849621651e-01 1.205790983306281733e-01 1.300513233046941275e-01 6.573389574807814162e-02 1.301328981861865908e-01 6.578208338864317828e-02 4.392416559541933302e-02
3.808699457585281722e-01 5.852795562516112104e-01 9.838707626410398976e-01 1.463586638085268843e-01 8.182539830248687363e-01 1.207561388194942492e-01 1.302773826946618252e-01 6.585188895060668790e-02 1.303110268302462571e-01 6.587176308983390405e-02 4.403833646073130464e-02
4.522873036869181629e-01 6.026450454405996027e-01 9.838707686802006247e-01 1.463436433644269286e-01 8.190353303782217376e-01 1.208635095064464343e-01 1.304144670140574835e-01 6.592344010862480341e-02 1.304190562287462773e-01 6.592615101460723437e-02 4.410758846083423501e-02
5.009073540937323266e-01 5.937689620972004256e-01 9.838709622275237932e-01 1.463415203715858204e-01 8.191458272961058551e-01 1.208786937534148398e-01 1.304342252547709136e-01 6.593377433554582778e-02 1.304343496447066819e-01 6.593384784211592242e-02 4.411738432471423721e-02
5.247237193918934395e-01 5.501531167533670885e-01 9.838709871957155295e-01 1.463414363157633791e-01 8.191474829186110584e-01 1.208789211146664294e-01 1.304345427093867027e-01 6.593394116289193196e-02 1.304344672424987417e-01 6.593389695921995919e-02 4.411754365438581155e-02
5.758857339792103902e-01 5.162782111323671597e-01 9.838716536258501622e-01 1.463393828564785448e-01 8.190828808973894537e-01 1.208700387320848224e-01 1.304237837466191707e-01 6.592832302730837479e-02 1.304182546785744023e-01 6.592505736247405990e-02 4.411113220516855310e-02
8.531640885630592530e-01 4.146777691799602428e-01 9.838762586130733734e-01 1.463242624462571251e-01 8.186168107461129217e-01 1.208059548120956339e-01 1.303478953494978110e-01 6.588876494556440699e-02 1.303012158883054550e-01 6.586111595545333930e-02 4.406435182967620434e-02
9.395339898350797414e-01 3.814143597652235318e-01 9.838769776746173479e-01 1.463221190591029730e-01 8.185521740696692916e-01 1.207970666028315709e-01 1.303382709976814435e-01 6.588379850838967100e-02 1.302863813959986572e-01 6.585303932961707185e-02 4.405793556832880709e-02
9.767831738885801585e-01 3.441500477848256079e-01 9.838727290470188347e-01 1.463364414687594039e-01 8.189938974613698575e-01 1.208578030738580306e-01 1.304097854343632956e-01 6.592105630087564949e-02 1.303967646799437941e-01 6.591333876420338300e-02 4.410221064862338003e-02
9.880125930369834109e-01 3.326403319968713190e-01 9.838712051391661495e-01 1.463412681673498250e-01 8.191428368144161309e-01 1.208782821269697716e-01 1.304337446424419789e-01 6.593352573650329562e-02 1.304333345982572889e-01 6.593328433733661176e-02 4.411709277761753645e-02
