2.552364979752131391e-01 6.079934447191129854e-01 9.838217767963791660e-01 1.463537147451905718e-01 8.185121122703191698e-01 1.207916105987230926e-01 1.302278544554556772e-01 6.582058049611161366e-02 1.303420502359825817e-01 6.588803544830859615e-02 4.406120334717068820e-02
3.212592467770452598e-01 6.164719966854989019e-01 9.838384690188738402e-01 1.463502930951242897e-01 8.186902436018319573e-01 1.208160889681795108e-01 1.302914147400202616e-01 6.585561559928651554e-02 1.303682689117048876e-01 6.590101279763174724e-02 4.407698477924257285e-02
4.611501336747486079e-01 6.423381226803934752e-01 9.838679165245496350e-01 1.463423669065933852e-01 8.191020354006292026e-01 1.208726760228420183e-01 1.304206496209442123e-01 6.592634941834195350e-02 1.304280075611233547e-01 6.593069569458448465e-02 4.411348934222895229e-02
4.941583784626956688e-01 6.426939653855112677e-01 9.838709088859125540e-01 1.463414829345213164e-01 8.191478738739634835e-01 1.208789750040402677e-01 1.304344825925878859e-01 6.593390278531222060e-02 1.304346296443962272e-01 6.593398964695444675e-02 4.411755650850333887e-02
5.134361747950262345e-01 6.223759546705902590e-01 9.838709794084843363e-01 1.463414333975236736e-01 8.191476041655759710e-01 1.208789378277412840e-01 1.304345646558592586e-01 6.593395243005664708e-02 1.304344841318638704e-01 6.593390471021588761e-02 4.411753846941154911e-02
5.805436151499971942e-01 5.671806567595932824e-01 9.838717381917214677e-01 1.463389549044972759e-01 8.190706903961064711e-01 1.208683622482939479e-01 1.304220591520908468e-01 6.592743448715597532e-02 1.304151707867117482e-01 6.592335244444713638e-02 4.410986936041901701e-02
8.618038423817089289e-01 4.202664056533810810e-01 9.838755208834641941e-01 1.463263379086270355e-01 8.186822511838465211e-01 1.208149521820548744e-01 1.303590341934640628e-01 6.589458952768968703e-02 1.303174964582584361e-01 6.586996629104072132e-02 4.407089258445445051e-02
9.583551273287950201e-01 3.636522047678896752e-01 9.838745066596568112e-01 1.463297753421362590e-01 8.187886846702717714e-01 1.208295865902139082e-01 1.303764397590949919e-01 6.590366908925361644e-02 1.303446029981616405e-01 6.588479486339322844e-02 4.408157666284389514e-02
9.867573718077818912e-01 3.357525672441287190e-01 9.838713466386814765e-01 1.463403543303433696e-01 8.191147046161834089e-01 1.208744139831924580e-01 1.304293444212191733e-01 6.593124140453626714e-02 1.304266813615460874e-01 6.592966265532715364e-02 4.411429749422550450e-02
9.890816125637625911e-01 3.333782148853167149e-01 9.838709899649021873e-01 1.463414200426049749e-01 8.191475433583893517e-01 1.208789292746090538e-01 1.304345771361940520e-01 6.593396053129051138e-02 1.304345234777350704e-01 6.593392873885368932e-02 4.411756206598522329e-02
