3.501379002170973975e-01 2.757926788245167460e-01 9.839411928086438941e-01 1.463416916118703837e-01 8.191453252861886636e-01 1.208786238885354719e-01 1.304842205928020971e-01 6.596471429514037810e-02 1.304420958874219216e-01 6.593882837328211843e-02 4.411738446088320220e-02
3.752086087753141452e-01 2.755930225598677841e-01 9.839171136761859504e-01 1.463470400826398510e-01 8.190608860205607078e-01 1.208669986679886121e-01 1.304514365553476607e-01 6.594572748852828292e-02 1.304355035230015114e-01 6.593602758370943617e-02 4.411142986984105396e-02
4.022793057103817294e-01 2.728624940924169184e-01 9.838935191537717673e-01 1.463521926758949154e-01 8.189792573472335357e-01 1.208557668106406829e-01 1.304199165151361806e-01 6.592752128928980326e-02 1.304299412471531527e-01 6.593393164225552772e-02 4.410595160251169766e-02
4.285965884998459985e-01 2.581958883883513356e-01 9.838835028204555577e-01 1.463467112074330889e-01 8.190617716856744002e-01 1.208671516501224480e-01 1.303894566789211285e-01 6.590906380797893760e-02 1.304128106127840636e-01 6.592414211612508679e-02 4.411150238339698465e-02
4.483495634854368639e-01 2.456770729969187106e-01 9.838760052064843276e-01 1.463415748507218839e-01 8.191423797337737955e-01 1.208782356427039600e-01 1.303666441002097887e-01 6.589503300405166741e-02 1.304005030304712376e-01 6.591699455305712052e-02 4.411718783209685885e-02
4.732628391550999791e-01 2.365296695432852758e-01 9.839145408867019382e-01 1.463414315495651097e-01 8.191454115457449392e-01 1.208786440434419795e-01 1.304238402657582341e-01 6.592858528253447981e-02 1.304170299398890176e-01 6.592538709622107473e-02 4.411994974952677256e-02
5.056763154770774760e-01 2.219915625907066814e-01 9.839591287383430140e-01 1.463418199986670776e-01 8.191391701644072931e-01 1.208777752908192088e-01 1.304996086060504767e-01 6.597311348883318216e-02 1.304377809785532694e-01 6.593612240921871426e-02 4.412162085717678817e-02
5.090723807758670283e-01 2.017573107470421179e-01 9.839644761613396406e-01 1.463517119713712011e-01 8.188724047651996241e-01 1.208409979222478808e-01 1.304619321029016621e-01 6.595415315687480629e-02 1.304017745594619193e-01 6.591793473646874457e-02 4.409499990278496068e-02
4.733906423393343665e-01 9.947390429923287647e-02 9.839918324461908172e-01 1.463700234922111765e-01 8.183783307681861130e-01 1.207728841408339387e-01 1.303032946784025981e-01 6.586540997165633848e-02 1.303306229778882219e-01 6.588159321655996659e-02 4.404703345308334794e-02
4.588157369524297202e-01 7.191872725309934877e-02 9.839764094462851718e-01 1.463466753546011911e-01 8.190083060285399119e-01 1.208597335742270240e-01 1.303531015982399288e-01 6.588724381902501259e-02 1.304154034389642669e-01 6.592430044115546450e-02 4.410473555437759152e-02
