3.452195596723453552e-01 3.034593489267568556e-01 9.838991940542957115e-01 1.463422606565542849e-01 8.191361527605577342e-01 1.208773955939191902e-01 1.304328840184909855e-01 6.593429503853719120e-02 1.304054130755505081e-01 6.591858840294027855e-02 4.411622234021603250e-02
3.593406075861378390e-01 3.059504716897092913e-01 9.838959105594549115e-01 1.463588218036454003e-01 8.188696411399936093e-01 1.208414963761245686e-01 1.304012179581880426e-01 6.591804654141708575e-02 1.303948655615523589e-01 6.591486074580980847e-02 4.409324815288691995e-02
3.924963447549015272e-01 2.867392033217693870e-01 9.839104930488651313e-01 1.464002811138347404e-01 8.181599640276082663e-01 1.207473186830892026e-01 1.303125310205433818e-01 6.587329918677238549e-02 1.303189764701847275e-01 6.587750384614154964e-02 4.403311060400467991e-02
4.298919115512109812e-01 2.642688502710210940e-01 9.839127704630674653e-01 1.463717559342401497e-01 8.183771996328360609e-01 1.207807562465859491e-01 1.303191483317412414e-01 6.587529515195861274e-02 1.303465480030793211e-01 6.589055006830404904e-02 4.406646547189318336e-02
4.515213645644712281e-01 2.491976669269024558e-01 9.839025350244846591e-01 1.463421103811527457e-01 8.188183890597934278e-01 1.208374937372387603e-01 1.303429102495141934e-01 6.588525022297291034e-02 1.303961460413786966e-01 6.591498803125547812e-02 4.411228893163404718e-02
4.761032771852827250e-01 2.387580329225317266e-01 9.839314620220543928e-01 1.463409991695916734e-01 8.189549042791881561e-01 1.208538732243543135e-01 1.304002532397885439e-01 6.591735017933690599e-02 1.304149694003845783e-01 6.592422812949601252e-02 4.411800875194920452e-02
5.106253197581643866e-01 2.120361642396944579e-01 9.839556430255863573e-01 1.463428572110972714e-01 8.191048401667418988e-01 1.208730898111824575e-01 1.304921029949576983e-01 6.596940620286112500e-02 1.304332954347645068e-01 6.593380020476123649e-02 4.411699233232098394e-02
5.167811084882509842e-01 1.963741939612040077e-01 9.839514820806369855e-01 1.463443397308401284e-01 8.190710479557631318e-01 1.208683835928192757e-01 1.304903020678975512e-01 6.596896761734902248e-02 1.304285260324594409e-01 6.593146647189654375e-02 4.411119068775726931e-02
4.977318579646901608e-01 1.467565607863344501e-01 9.839695764202049943e-01 1.463543765459713597e-01 8.188003182009779835e-01 1.208310602729415623e-01 1.304093824049423200e-01 6.592382561584658740e-02 1.303895238223537756e-01 6.591156390919349073e-02 4.408573200709705459e-02
4.658334887904139188e-01 7.822522276817066300e-02 9.839786508685502975e-01 1.463477137627096358e-01 8.189801198207624644e-01 1.208558484025973462e-01 1.303637414779399151e-01 6.589399419872873920e-02 1.304110080732483190e-01 6.592212218390848533e-02 4.410222364479209067e-02
