3.392992618885778411e-01 3.295122088876139554e-01 9.838659171323248520e-01 1.463416788233369847e-01 8.191438872769645219e-01 1.208787651614984110e-01 1.303896284095906188e-01 6.590833452517046165e-02 1.303842448582614999e-01 6.590673271770824959e-02 4.411691848721285836e-02
3.463718724594548881e-01 3.304010953229669645e-01 9.838755279207384019e-01 1.463473432761204784e-01 8.189962130532139062e-01 1.208670203033291035e-01 1.304049746069720905e-01 6.591796148527591381e-02 1.304096748659522853e-01 6.592189025938822999e-02 4.410968289436555806e-02
3.661428492463711937e-01 3.245079383006084228e-01 9.839402783186443902e-01 1.464195927775430450e-01 8.167029396473717284e-01 1.206402967036762086e-01 1.302009109498752926e-01 6.581638539157573520e-02 1.302053883607191265e-01 6.581950216102538942e-02 4.396813710629181998e-02
4.307260003562078388e-01 2.912826524741625178e-01 9.841120551040783981e-01 1.465646018901859693e-01 8.099509512531017918e-01 1.198782194328361084e-01 1.294437991781461905e-01 6.543391890584143722e-02 1.295375740022750022e-01 6.548103541750098511e-02 4.355222059300613291e-02
4.866773051189549615e-01 2.606156072229166010e-01 9.840197906504204450e-01 1.464101365589796921e-01 8.145507648379399779e-01 1.203737788931923125e-01 1.299190911656198655e-01 6.567320271822375821e-02 1.301029487974930676e-01 6.576647007196265160e-02 4.391110009655555674e-02
5.146229736027150281e-01 2.503920187407608910e-01 9.839284391423357423e-01 1.463609951707288970e-01 8.179935674525986578e-01 1.207440365182756298e-01 1.302896060467596540e-01 6.586029256013585520e-02 1.303474388793827154e-01 6.588989238981983465e-02 4.406150306581151782e-02
5.233580336914426256e-01 2.228554924209819044e-01 9.839517624779551275e-01 1.463832442080854612e-01 8.179592707578399180e-01 1.207166900106384499e-01 1.302980359751195194e-01 6.586765688525471341e-02 1.302799033703139764e-01 6.585599780203921227e-02 4.401229445082389946e-02
5.290802036617378024e-01 1.984776638129767679e-01 9.839591515287512413e-01 1.463534832448357970e-01 8.188120541644811068e-01 1.208326943730667763e-01 1.304366679361504133e-01 6.594013012414916275e-02 1.303921636294546882e-01 6.591296530250312369e-02 4.408681660118685813e-02
5.455032460677755601e-01 1.770859337539933132e-01 9.839648769471154299e-01 1.463475768065266303e-01 8.189395909826510112e-01 1.208502671539716106e-01 1.304410192864962625e-01 6.594107924603268001e-02 1.304076926313870732e-01 6.592073839798023860e-02 4.409859608991325425e-02
5.274814876545120823e-01 1.129963703388113527e-01 9.839996663797087040e-01 1.463632787514310973e-01 8.185189017491909524e-01 1.207922719195298616e-01 1.303492567448392980e-01 6.589113353218283009e-02 1.303455305425329780e-01 6.588907301698834762e-02 4.406039989838059917e-02
