3.279559469303445218e-01 3.494610999282449226e-01 9.838657011940608044e-01 1.463417879739755401e-01 8.191368672350290980e-01 1.208789250623640149e-01 1.303694901667500072e-01 6.589592586039108579e-02 1.304029919623082290e-01 6.591686577816034676e-02 4.411728679651183427e-02
3.405496233392282801e-01 3.418682973496030009e-01 9.838846766800912746e-01 1.463539573934690696e-01 8.186600492150503117e-01 1.208585226367165505e-01 1.303790718829890005e-01 6.590320243582352411e-02 1.304010847312792598e-01 6.591719193751476025e-02 4.410471368368924783e-02
3.770880701936623058e-01 3.334829914991024880e-01 9.840657857121298813e-01 1.465418648815214331e-01 8.114119581961989347e-01 1.201966958624665766e-01 1.297567346385864184e-01 6.559133124915920987e-02 1.297560987488433626e-01 6.559135710323775459e-02 4.369318282708831158e-02
4.394505643087978641e-01 3.189904289470110177e-01 9.844051357042168382e-01 1.469334533613201044e-01 7.959476185855705044e-01 1.184257565713231486e-01 1.280028567313092058e-01 6.470450812479797142e-02 1.280451901074535492e-01 6.472597279054181918e-02 4.261113638318067554e-02
5.105692783927396894e-01 2.646293209858139317e-01 9.840586634435897206e-01 1.465054860142835924e-01 8.122661321594982775e-01 1.201845355762056339e-01 1.297367150110741163e-01 6.558050260379799656e-02 1.297925724367043065e-01 6.560941119914001640e-02 4.370597860175930854e-02
5.232903226616505421e-01 2.520047535423783347e-01 9.839171941264220900e-01 1.463734574882115391e-01 8.180096905477268754e-01 1.207576624571422980e-01 1.303026222174081539e-01 6.586648249371289399e-02 1.303203849693566896e-01 6.587623720369824298e-02 4.404104783072197021e-02
5.312133612572456087e-01 2.468464379613571069e-01 9.839443387695304688e-01 1.464301830757903655e-01 8.166757287109235319e-01 1.205413458825625866e-01 1.300938506550488871e-01 6.576131858141634479e-02 1.301029442600285524e-01 6.576634064313804928e-02 4.389318928849293699e-02
6.800055857676585713e-01 2.144307643212925441e-01 9.839609766402391822e-01 1.463992095049007347e-01 8.173099284731508707e-01 1.206257258845573055e-01 1.301859837273839915e-01 6.580924590249111195e-02 1.301854507560943341e-01 6.580822116918978726e-02 4.394872908710780596e-02
7.954760445049363637e-01 2.065848847452595172e-01 9.839260787858462587e-01 1.463448472355406982e-01 8.186336846772089837e-01 1.208081325783568194e-01 1.303546304917613252e-01 6.589377402668260275e-02 1.303638577764839601e-01 6.589838798498730277e-02 4.407032581179960024e-02
7.818746658995723298e-01 1.890888284193762703e-01 9.839325796586235739e-01 1.463436882876697764e-01 8.186253847035680486e-01 1.208069909242873441e-01 1.303516725155862699e-01 6.589190588872405330e-02 1.303579663344195394e-01 6.589529128943419356e-02 4.406973337063348206e-02
