2.918507977115240570e-01 3.982706881694961232e-01 9.838624705674696713e-01 1.463426522075552405e-01 8.190931707703301701e-01 1.208733929560159709e-01 1.303574314379450372e-01 6.588874935111664610e-02 1.304123926445132919e-01 6.592197854459064255e-02 4.411402248308613633e-02
3.138414768473080652e-01 3.879169027432806116e-01 9.838903398568968894e-01 1.463642983372272777e-01 8.181910962603966553e-01 1.208158515452781301e-01 1.303167383385239742e-01 6.586967821877381946e-02 1.303582778252160013e-01 6.589491275402416248e-02 4.407762091668356724e-02
4.212762549177401228e-01 3.875568990745023590e-01 9.840143042365774306e-01 1.464920462581179028e-01 8.132991649584617733e-01 1.203559176930042857e-01 1.299123464557061791e-01 6.566967793707574608e-02 1.299110820665891064e-01 6.566910171620522763e-02 4.379131567366858352e-02
4.575605566963095727e-01 4.018581649400064237e-01 9.840351237446605115e-01 1.465280871303105414e-01 8.119477951167035634e-01 1.201201992865952167e-01 1.296820874032708626e-01 6.555344395325278517e-02 1.296839130032457488e-01 6.555441079572287000e-02 4.364430949500343326e-02
4.973726216098903752e-01 3.265662888737860259e-01 9.839750545944804250e-01 1.464359886990955484e-01 8.154347919068978268e-01 1.205095492460569184e-01 1.300625208437934943e-01 6.574544414822471039e-02 1.300734510167866342e-01 6.575140515681758557e-02 4.388591066234420052e-02
5.269823488281013546e-01 2.641856491497196480e-01 9.839101337727765850e-01 1.463671246339852683e-01 8.182899065185507137e-01 1.207860886857771293e-01 1.303300823024535482e-01 6.588031280941505918e-02 1.303425095366875786e-01 6.588741085345273252e-02 4.405673428610420994e-02
5.767002904571866262e-01 2.626357645145045439e-01 9.839254909086665446e-01 1.464053559038714647e-01 8.173391076571842051e-01 1.206322997444526784e-01 1.301719576171745940e-01 6.580004279247871068e-02 1.301835801250227909e-01 6.580703246980902643e-02 4.395258041594926612e-02
8.068999137904740993e-01 2.176771053103920828e-01 9.839234389578637163e-01 1.463582991092271246e-01 8.182512643699640931e-01 1.207554356168552556e-01 1.302966730298035503e-01 6.586397896642544325e-02 1.303101030409655470e-01 6.587117573960181438e-02 4.403500241713095148e-02
8.380659196091414520e-01 2.066655581498912930e-01 9.839111724170087614e-01 1.463421025884005799e-01 8.187684560192428629e-01 1.208267024205497836e-01 1.303647110885975680e-01 6.589808245910222517e-02 1.303782954379149039e-01 6.590557226155088766e-02 4.408266918683335922e-02
8.586428730800015341e-01 1.906101027596592001e-01 9.839021962507109587e-01 1.463411701272918641e-01 8.185719160175061182e-01 1.207996240486679806e-01 1.303252113764310216e-01 6.587655021863104976e-02 1.303376245669901623e-01 6.588466103962943576e-02 4.406460625705312106e-02
