2.498475915462033958e-01 5.839720068372796780e-01 9.838231365431390207e-01 1.463504167399850842e-01 8.186849794446255935e-01 1.208154504162314152e-01 1.302568026335420293e-01 6.583547607677578406e-02 1.303638135045812607e-01 6.589878737276375076e-02 4.407658567365832503e-02
2.749876279735311568e-01 5.696613740335171316e-01 9.838771741733759457e-01 1.463947733208573743e-01 8.163897146021473761e-01 1.205041342918328068e-01 1.299620741586913486e-01 6.568756780685298946e-02 1.300557872225712730e-01 6.574302149127446426e-02 4.387588355957774272e-02
4.450223489093309004e-01 4.511341968970655758e-01 9.838924205774620679e-01 1.463654733333699942e-01 8.179862592202601368e-01 1.207317012237846682e-01 1.302821820464062641e-01 6.585645753575142258e-02 1.302879073843719870e-01 6.585984963566825223e-02 4.402304990327235434e-02
4.623258118798836414e-01 4.319120375932001821e-01 9.838762690501910990e-01 1.463472337899186793e-01 8.189214121480142827e-01 1.208543758525483791e-01 1.304101812943403715e-01 6.592162167387330407e-02 1.304102305769084813e-01 6.592165069560659840e-02 4.410215143890761774e-02
4.862428467114662811e-01 4.147871665281784859e-01 9.838781162931117263e-01 1.463466607525085728e-01 8.189461011156472514e-01 1.208589140360517150e-01 1.304114429715216295e-01 6.592205175533864814e-02 1.304126833191285029e-01 6.592287047534343969e-02 4.410474640669209689e-02
6.174956515089362608e-01 3.331354096932151454e-01 9.838764741490347854e-01 1.463432144242247102e-01 8.190840609672190853e-01 1.208719618771682131e-01 1.303817044364014577e-01 6.590429754068591328e-02 1.303948916389058299e-01 6.591363776488914916e-02 4.411030789840341554e-02
6.515711772783738809e-01 3.220276767035692433e-01 9.838741155446972808e-01 1.463425114714140274e-01 8.191073349753020816e-01 1.208734321460549627e-01 1.303709912444708796e-01 6.589811381921661937e-02 1.303873966823193842e-01 6.590982096432336512e-02 4.411051146091818365e-02
7.210146990433590197e-01 2.813604071703525999e-01 9.838880442424150496e-01 1.463419680736260664e-01 8.189273844130651181e-01 1.208486092693574487e-01 1.303602838363433492e-01 6.589379031145720100e-02 1.303754801537445052e-01 6.590390109177943212e-02 4.409507521852097656e-02
8.647062337477816607e-01 1.981038190342982730e-01 9.838993296603156802e-01 1.463410502290262150e-01 8.186600138612437627e-01 1.208117632677670472e-01 1.303401381682885718e-01 6.588433390461528871e-02 1.303512995574499511e-01 6.589164044276098198e-02 4.407264106575616014e-02
8.884594576783185760e-01 1.866949150381373435e-01 9.838941740003178671e-01 1.463402102538908789e-01 8.184240983435151495e-01 1.207792566314433158e-01 1.303009315274932245e-01 6.586351150327804382e-02 1.303102944430580556e-01 6.587067287835407514e-02 4.405101661314667072e-02
