2.513167748451284877e-01 6.078101382976993650e-01 9.838166051116036259e-01 1.463499343680977616e-01 8.187155830848619198e-01 1.208195744978951963e-01 1.302536089952046616e-01 6.583345671919706155e-02 1.303695573275014119e-01 6.590193944998609665e-02 4.407907296811591075e-02
2.980872054251805792e-01 5.944884399943703990e-01 9.838747184177487615e-01 1.463898751209615212e-01 8.166459940611831003e-01 1.205351910039561686e-01 1.300029966846230067e-01 6.570912305390891328e-02 1.300890628247002578e-01 6.575996023592493855e-02 4.389545394654353894e-02
4.225976551568209061e-01 5.429441640664336433e-01 9.838896726866999121e-01 1.463626728137011335e-01 8.180508191898925308e-01 1.207282711382570289e-01 1.302783838449832476e-01 6.585451766730210377e-02 1.302847848403534126e-01 6.585829926238681575e-02 4.402024084576731250e-02
4.544745542201263366e-01 4.830823393358813500e-01 9.838725123267271222e-01 1.463429911719456578e-01 8.190705009319626528e-01 1.208684242337430825e-01 1.304239736304149966e-01 6.592858859667952154e-02 1.304241230878445401e-01 6.592867460033854932e-02 4.411079592025309720e-02
5.210325199606407054e-01 4.174118027078948523e-01 9.838717540920681737e-01 1.463414400076406552e-01 8.191341278176780261e-01 1.208771898402289796e-01 1.304226060234348616e-01 6.592725579211317077e-02 1.304254166239845469e-01 6.592925459043291747e-02 4.411596010984192989e-02
6.437310557290656376e-01 3.300665880868633995e-01 9.838726651912647059e-01 1.463413023490587328e-01 8.191413631033119813e-01 1.208780835945950510e-01 1.303780414426882750e-01 6.590182753334553056e-02 1.303935950128304044e-01 6.591296438388832835e-02 4.411376534347034861e-02
6.522907492714502542e-01 3.238456360380912447e-01 9.838726876817117661e-01 1.463409368122271237e-01 8.191270460519933794e-01 1.208761161953174068e-01 1.303716182650527800e-01 6.589829018129715610e-02 1.303892034034824232e-01 6.591082710731387129e-02 4.411229257916420704e-02
6.634447705603859768e-01 3.186311902887923320e-01 9.838780805327647094e-01 1.463359022217197436e-01 8.189102190305763695e-01 1.208463489677628622e-01 1.303445266248635381e-01 6.588477213095125795e-02 1.303607884631769465e-01 6.589639435975902515e-02 4.409236065302850338e-02
8.881332270401860463e-01 2.180217561523708769e-01 9.838899343553176857e-01 1.463384167890030563e-01 8.188588444264974786e-01 1.208392124729437134e-01 1.303745467334207764e-01 6.590221110384973657e-02 1.303809669721103792e-01 6.590679436360713517e-02 4.409070780079010071e-02
9.082378372074424444e-01 2.100158708932124141e-01 9.838892859448420403e-01 1.463409244774220574e-01 8.188774845538140390e-01 1.208417229088691730e-01 1.303801842903856145e-01 6.590520560948985584e-02 1.303852552257968311e-01 6.590895803315384438e-02 4.409269552903306855e-02
