3.144432882315968403e-01 6.178061936434312562e-01 9.838339084411906743e-01 1.463481308462839525e-01 8.188041089019760799e-01 1.208317367144520899e-01 1.303026419798355984e-01 6.586097910710835002e-02 1.303835799792500694e-01 6.590878313800531407e-02 4.408704332715411567e-02
3.857752320601307017e-01 5.828536201517634519e-01 9.838722401635650039e-01 1.463583670289238803e-01 8.182754557666288564e-01 1.207590924432570961e-01 1.302840434472776199e-01 6.585553525907124339e-02 1.303141382732156683e-01 6.587331058654805060e-02 4.404009291760986600e-02
4.264619911685840203e-01 5.616309663683398679e-01 9.838739027067952003e-01 1.463448423808478838e-01 8.189761623552056502e-01 1.208553802148889939e-01 1.304101548064160454e-01 6.592153886253486472e-02 1.304111735027543573e-01 6.592214065284809910e-02 4.410226404855600857e-02
4.423654608656812370e-01 5.495999757402468822e-01 9.838713857357725967e-01 1.463418786662775417e-01 8.191272588450512204e-01 1.208761400730749697e-01 1.304317706991986736e-01 6.593253972225150694e-02 1.304318116970629438e-01 6.593256332663594010e-02 4.411574515769305788e-02
5.175970209106646180e-01 4.813888937955158043e-01 9.838720243537452115e-01 1.463405201387058263e-01 8.191059856749093315e-01 1.208732098367245045e-01 1.304219287682611139e-01 6.592712168649825233e-02 1.304235798115674638e-01 6.592832718584644425e-02 4.411338994899439286e-02
6.457798984288537492e-01 3.412121938640121366e-01 9.838756027171863261e-01 1.463374606242272835e-01 8.189897197445381583e-01 1.208572590855170881e-01 1.303609658762643064e-01 6.589341805747751801e-02 1.303737354546874727e-01 6.590274990419706103e-02 4.409984568411616512e-02
6.583214636385154028e-01 3.255164024443730764e-01 9.838777196164426586e-01 1.463348189726475235e-01 8.188826053903499602e-01 1.208425593138503784e-01 1.303398683325616703e-01 6.588234531691453122e-02 1.303548164239424767e-01 6.589321376424257803e-02 4.408961648416177131e-02
6.729951315040079152e-01 3.219652871476157974e-01 9.839022472307875633e-01 1.463057810381676038e-01 8.176886657807955761e-01 1.206786781660551949e-01 1.301795925995729852e-01 6.580154682221206475e-02 1.301937505575046783e-01 6.581185332527818288e-02 4.397965686755730963e-02
9.117920524778366786e-01 2.587263400163747340e-01 9.838941619725758425e-01 1.463267744550545979e-01 8.185266626040405002e-01 1.207936959272487010e-01 1.303382075584104682e-01 6.588461694986379180e-02 1.303421638457849807e-01 6.588732651533062146e-02 4.405998861984246340e-02
9.336827862917557175e-01 2.496063219441836956e-01 9.838838431679044483e-01 1.463410077780778196e-01 8.191080593896868933e-01 1.208734978600825849e-01 1.304219180665271982e-01 6.592720572685857594e-02 1.304247490430239242e-01 6.592908398076233190e-02 4.411389839055495504e-02
