4.688700186177543472e-01 6.457047984985937461e-01 9.838693200654292648e-01 1.463417481773583440e-01 8.191342310633193957e-01 1.208771002699613600e-01 1.304290185844222683e-01 6.593087456953798664e-02 1.304325924620519939e-01 6.593298529595603696e-02 4.411634266046431108e-02
4.690930453404966172e-01 6.130412072949372737e-01 9.838710479258100383e-01 1.463425280163101472e-01 8.190937176333302761e-01 1.208715330734822790e-01 1.304252526888491359e-01 6.592910108579316808e-02 1.304271561705113713e-01 6.593022536325086891e-02 4.411275564693985241e-02
4.645117874118112611e-01 5.544394002932344634e-01 9.838712329591028372e-01 1.463417630820300630e-01 8.191333594482950176e-01 1.208769804444414786e-01 1.304325627357120210e-01 6.593293680040834825e-02 1.304326540314878491e-01 6.593299073340444516e-02 4.411627699979794176e-02
5.026950531635748787e-01 5.264370134731340967e-01 9.838709907275987598e-01 1.463414797009257307e-01 8.191477474689987659e-01 1.208789574057878985e-01 1.304346170772617275e-01 6.593398199655270409e-02 1.304346143955938120e-01 6.593398037810931089e-02 4.411757142095503598e-02
5.397572514837252200e-01 5.084673456803600056e-01 9.838712172387585886e-01 1.463409244187627301e-01 8.191300946157590301e-01 1.208765303708842637e-01 1.304317032769672091e-01 6.593246548420655939e-02 1.304305861072522499e-01 6.593180875874619928e-02 4.411589479019136645e-02
7.687203135796311093e-01 4.246946349307360591e-01 9.838781337624050716e-01 1.463249358652337073e-01 8.186032959464144554e-01 1.208041292516934678e-01 1.303449736398143155e-01 6.588735246536946144e-02 1.303123605816124686e-01 6.586820582462039886e-02 4.406399276334151821e-02
8.927259536362990300e-01 3.825890349834878967e-01 9.838839236293830393e-01 1.463131409477873013e-01 8.182063465576671080e-01 1.207495823012463276e-01 1.302830521145487974e-01 6.585537107185526762e-02 1.302318468790568395e-01 6.582528003789871185e-02 4.402547040067876505e-02
9.221013586759367886e-01 3.633302239820710433e-01 9.838909301734211077e-01 1.463093542908169287e-01 8.179653660463765963e-01 1.207165664673639227e-01 1.302569334931144851e-01 6.584280782566789836e-02 1.302243446402360227e-01 6.582371557298515030e-02 4.400504107033207518e-02
9.873830686743014784e-01 3.327874461829956609e-01 9.838724139086891807e-01 1.463397573387544282e-01 8.190808003868612630e-01 1.208697669403171887e-01 1.304251594969693118e-01 6.592918125600014112e-02 1.304248874510433587e-01 6.592902822376781047e-02 4.411137559393491642e-02
9.886168916764342951e-01 3.325812471099316991e-01 9.838710960577484732e-01 1.463414309347522146e-01 8.191476760085311115e-01 1.208789476247916911e-01 1.304345566507545962e-01 6.593394941251856656e-02 1.304345742997442548e-01 6.593396163058767856e-02 4.411758545992949115e-02
