4.946655006137899990e-01 6.471423399710478641e-01 9.838709590174994357e-01 1.463414649116848709e-01 8.191488232653936219e-01 1.208791054439839752e-01 1.304347462384717327e-01 6.593404598569088670e-02 1.304347663485708742e-01 6.593405786223831277e-02 4.411764023391091805e-02
5.083168590242799212e-01 6.297257961386322211e-01 9.838709710721240675e-01 1.463414704657899634e-01 8.191484249788530958e-01 1.208790507247875373e-01 1.304346993441063418e-01 6.593402282009293291e-02 1.304347122349807930e-01 6.593403043383049000e-02 4.411761509507527296e-02
5.229222637800703399e-01 5.435177961697946758e-01 9.838709738982002184e-01 1.463414670764819903e-01 8.191486105091588810e-01 1.208790762210049108e-01 1.304347371630335262e-01 6.593404282511018677e-02 1.304347380290394320e-01 6.593404333666205708e-02 4.411763438811115712e-02
5.278054467994214294e-01 5.149970824479208620e-01 9.838709745156515307e-01 1.463414631454682258e-01 8.191485720866222842e-01 1.208790708348555371e-01 1.304347314330092100e-01 6.593403988871712751e-02 1.304347259113055046e-01 6.593403661412171324e-02 4.411763816999116072e-02
5.490125321145877813e-01 5.053136455241766800e-01 9.838712611776277983e-01 1.463407452434850597e-01 8.191252263799078115e-01 1.208758606150582560e-01 1.304310917293699246e-01 6.593215542364729009e-02 1.304295078939052277e-01 6.593121636247321893e-02 4.411543056567440724e-02
8.379873287549770566e-01 4.180362342004139697e-01 9.838775908202481713e-01 1.463220957597302363e-01 8.185503367707867017e-01 1.207968146268234427e-01 1.303396945044793809e-01 6.588468099239351561e-02 1.302931890069310428e-01 6.585710942543468449e-02 4.405833046929296531e-02
9.317551848142893167e-01 3.905061985080340858e-01 9.838820098696194894e-01 1.463120726171508734e-01 8.182419322720047017e-01 1.207544098396248766e-01 1.302931413186716736e-01 6.586071091179543369e-02 1.302311338886225911e-01 6.582394698724626514e-02 4.402849522312823199e-02
9.520738518474318735e-01 3.709599214779705223e-01 9.838773735657767583e-01 1.463235351579617038e-01 8.185907733283050991e-01 1.208023793585580041e-01 1.303466634948831915e-01 6.588834831152816374e-02 1.303052901630295524e-01 6.586382067508246563e-02 4.406247038941964178e-02
9.887957420620046012e-01 3.336549094473257315e-01 9.838710524535466684e-01 1.463412668040985909e-01 8.191426792506861787e-01 1.208782605922804759e-01 1.304338214413919561e-01 6.593356966620743387e-02 1.304334607754767117e-01 6.593335582370631054e-02 4.411709494954781097e-02
9.891295214755906340e-01 3.333315883407604874e-01 9.838709802394277615e-01 1.463414446726782614e-01 8.191483200038596202e-01 1.208790360718575707e-01 1.304346983969120743e-01 6.593402328893466224e-02 1.304346973467514770e-01 6.593402267896798785e-02 4.411764654277666037e-02
