3.511083205323817791e-01 2.754900434414787602e-01 9.839399850250843960e-01 1.463414652746083955e-01 8.191488968231421808e-01 1.208791157059703053e-01 1.304845295757960100e-01 6.596481138384713283e-02 1.304428023263708714e-01 6.593918427573994268e-02 4.411771242540610261e-02
3.467185427664579711e-01 2.999586505008769444e-01 9.839025433959692757e-01 1.463414685441558061e-01 8.191488292355106893e-01 1.208791063787094944e-01 1.304395473532656557e-01 6.593810271227582009e-02 1.304100847327981649e-01 6.592112440322668576e-02 4.411733619498927478e-02
3.417316106030204304e-01 3.245797126070353866e-01 9.838654663881143403e-01 1.463414641204141831e-01 8.191488992451672058e-01 1.208791158510525016e-01 1.303946693506336241e-01 6.591150168843362689e-02 1.303773146882646339e-01 6.590311403279802693e-02 4.411695159185492765e-02
3.383608866393727488e-01 3.318683691490784682e-01 9.838643067030975464e-01 1.463414844759723943e-01 8.191482496606872221e-01 1.208790432763523076e-01 1.303859699230503766e-01 6.590609532268618120e-02 1.303842029727801388e-01 6.590671766743563809e-02 4.411704407488353796e-02
3.121705387410821930e-01 3.867141002952498297e-01 9.838611575057246705e-01 1.463424315282605970e-01 8.191037398585906404e-01 1.208729332049859884e-01 1.303433782970051247e-01 6.588060125036840353e-02 1.304147579609551411e-01 6.592352955054094077e-02 4.411357189613288043e-02
2.580944156767336350e-01 5.538610467195648202e-01 9.838280363043117038e-01 1.463489772958196933e-01 8.188054931622599231e-01 1.208319433438835300e-01 1.302787667768715574e-01 6.584686090387478763e-02 1.303797691926577851e-01 6.590668208088690250e-02 4.408610910665648058e-02
2.512167591340962458e-01 6.027474355142425910e-01 9.838135335480999721e-01 1.463460905375414400e-01 8.189393890543934518e-01 1.208503404003054560e-01 1.302876736437644234e-01 6.585109576196507275e-02 1.303997764518791957e-01 6.591712171034641576e-02 4.409833956923346621e-02
3.036414808018969569e-01 6.158504142710127249e-01 9.838313834780894052e-01 1.463489600020450310e-01 8.188074426749877288e-01 1.208322171991762506e-01 1.302988657643039117e-01 6.585881694524611807e-02 1.303837504579141160e-01 6.590887713417568905e-02 4.408621493910902522e-02
4.537132342812055241e-01 6.470808995894616888e-01 9.838686445790821855e-01 1.463419314333606336e-01 8.191275880227332218e-01 1.208761887428687898e-01 1.304265699147115487e-01 6.592952517872240070e-02 1.304316058113053622e-01 6.593249623089575406e-02 4.411568285725699090e-02
4.828319867014703171e-01 6.501867991474795661e-01 9.838709490596746488e-01 1.463414671046641691e-01 8.191487634632439452e-01 1.208790972063188557e-01 1.304347164488464383e-01 6.593402935234224382e-02 1.304347569825796138e-01 6.593405327216846079e-02 4.411763145140425862e-02
