3.801407325827748651e-01 2.751823525203204168e-01 9.839124851120333304e-01 1.463414850910242648e-01 8.191485751161912132e-01 1.208790713158603841e-01 1.304610281314623477e-01 6.595031640763159009e-02 1.304486496763829495e-01 6.594285492007447014e-02 4.411939213607278532e-02
3.644255242636547654e-01 3.019771817917188961e-01 9.838923870380322789e-01 1.463415023623578226e-01 8.191480355698688154e-01 1.208790153535662382e-01 1.304404071821177735e-01 6.593800198372090637e-02 1.304351506725609233e-01 6.593542142150159158e-02 4.411837835308369399e-02
3.478326337986274996e-01 3.290329877779490930e-01 9.838729423153501630e-01 1.463414979481607314e-01 8.191471456435952536e-01 1.208789540934547685e-01 1.304204468354379087e-01 6.592608335913727191e-02 1.304235189505189851e-01 6.592908386099123608e-02 4.411741467708157893e-02
3.380325725893377764e-01 3.432782357682986896e-01 9.838703838812985492e-01 1.463424667330312512e-01 8.190978318911796840e-01 1.208746355181119086e-01 1.303874011099558639e-01 6.590666768374074669e-02 1.304181813726324746e-01 6.592590081293789317e-02 4.411471086283279275e-02
3.161970253446271251e-01 3.729114719417306878e-01 9.838642753479130976e-01 1.463424809255454984e-01 8.191023743308042393e-01 1.208735652148576339e-01 1.303450593470699970e-01 6.588128227205929111e-02 1.304182288141740031e-01 6.592532066648315592e-02 4.411403835629822828e-02
2.803631511631558548e-01 4.558279109573322718e-01 9.838651896562161658e-01 1.463610655134326977e-01 8.182468386587241627e-01 1.207552611987292301e-01 1.302293581007147316e-01 6.582326361482548904e-02 1.303001740731269398e-01 6.586571406494109993e-02 4.403500438432005060e-02
2.955859042332706910e-01 5.739279401591015350e-01 9.838674229926065440e-01 1.463826515285311103e-01 8.172748352048693210e-01 1.206217158252117366e-01 1.300963558660463704e-01 6.575679700125454386e-02 1.301732448730004432e-01 6.580226131264398093e-02 4.394507231235862676e-02
3.882616411466390804e-01 5.802215947583143629e-01 9.838686957365013752e-01 1.463548310165834754e-01 8.185409728322046163e-01 1.207956184779137160e-01 1.303238486957801201e-01 6.587594084869469180e-02 1.303503971852235099e-01 6.589159850143765096e-02 4.406164859000059192e-02
4.651316185286458182e-01 6.242802419294058991e-01 9.838709156519828136e-01 1.463423136173961081e-01 8.191102777481458208e-01 1.208738113388078822e-01 1.304279112645294614e-01 6.593047577453646502e-02 1.304294304701426876e-01 6.593137171422303044e-02 4.411408683004732628e-02
4.956204250632699204e-01 6.488265782059858822e-01 9.838709667252194535e-01 1.463414662594114679e-01 8.191487923591931342e-01 1.208791011984573227e-01 1.304347556185618262e-01 6.593405176407120261e-02 1.304347625308102665e-01 6.593405583579349527e-02 4.411763519860353172e-02
