4.038128320509344893e-01 2.729290310491265248e-01 9.838928600646487110e-01 1.463414646123524787e-01 8.191489079072190593e-01 1.208791174430427495e-01 1.304439369735138632e-01 6.593979210771365451e-02 1.304552749248310273e-01 6.594707869041913084e-02 4.412107295127155188e-02
3.966934155026544673e-01 2.842356679253888463e-01 9.838949597164547978e-01 1.463417095977409266e-01 8.191377579550701560e-01 1.208781347328744121e-01 1.304416615395393442e-01 6.593853837032470633e-02 1.304495400063428456e-01 6.594370923626038938e-02 4.411958186454865288e-02
3.680285466487223656e-01 3.257391831520740633e-01 9.839120550470772386e-01 1.463560380876410549e-01 8.184028771070980257e-01 1.208141858919151435e-01 1.303709148192813139e-01 6.590202527572554259e-02 1.303747849510620560e-01 6.590492960923118038e-02 4.407672986304893292e-02
3.568902490723861454e-01 3.424123732459069536e-01 9.840233562117272070e-01 1.464824613851846979e-01 8.124846715275410025e-01 1.203024053395379128e-01 1.298374508795248350e-01 6.562999434467520210e-02 1.298636955112787705e-01 6.564600474580573053e-02 4.375503441989147396e-02
3.547557966645755734e-01 3.846923171829802479e-01 9.839062058531524713e-01 1.463822210576053440e-01 8.172546277225645195e-01 1.207121927980822351e-01 1.302078097346638375e-01 6.581391118459412048e-02 1.302624671592217398e-01 6.584671100521359566e-02 4.401274907411942272e-02
3.914919318608213739e-01 4.299888594062782343e-01 9.838800480540059734e-01 1.463561034626894575e-01 8.184647901052977126e-01 1.207883980446320948e-01 1.303163649655834921e-01 6.587166257613256970e-02 1.303395408989074800e-01 6.588566912127050146e-02 4.405752453760457266e-02
4.164504137344114398e-01 5.412700393096155915e-01 9.838829002221658460e-01 1.463578638245582597e-01 8.183993598219725385e-01 1.207761726705783162e-01 1.303250824066004565e-01 6.587801129416581691e-02 1.303314823094104957e-01 6.588183673047930122e-02 4.404872073596378945e-02
4.275177918283228351e-01 5.613858356784402481e-01 9.838712410201929659e-01 1.463421556486172725e-01 8.191175613274238598e-01 1.208748120259772185e-01 1.304297898984621007e-01 6.593148931376439925e-02 1.304304468016479757e-01 6.593187747752879413e-02 4.411475760408817975e-02
4.505504269549179819e-01 5.777486536680304097e-01 9.838711247131164406e-01 1.463416783224473217e-01 8.191391076933628446e-01 1.208777711723875020e-01 1.304333624991418361e-01 6.593334233021022617e-02 1.304334381487564642e-01 6.593338696033770874e-02 4.411674976640241747e-02
5.052801233325197039e-01 6.321175904519651390e-01 9.838709718627057788e-01 1.463414664575830304e-01 8.191486908802871891e-01 1.208790874460956011e-01 1.304347475777422882e-01 6.593404816833248194e-02 1.304347483368447358e-01 6.593404861631937952e-02 4.411763553447136527e-02
