4.247680155702421301e-01 2.607236267155274012e-01 9.838841986434113673e-01 1.463414708765438665e-01 8.191486336595870110e-01 1.208790971141493753e-01 1.304096849773449807e-01 6.591993900784140492e-02 1.304300342852285910e-01 6.593337779425909040e-02 4.411932790250754077e-02
4.278030798153615866e-01 2.677465842442777189e-01 9.838996369238290907e-01 1.463441422845807027e-01 8.190301029119644305e-01 1.208694666813404928e-01 1.304095094138064681e-01 6.592075626321569626e-02 1.304211904873762429e-01 6.592841993470328898e-02 4.411283476052529906e-02
4.321133318822134584e-01 3.025078394430353868e-01 9.840935030777894221e-01 1.465022900029458452e-01 8.116484861824198038e-01 1.202311890427661262e-01 1.297908827909536600e-01 6.560886489465601878e-02 1.298038075473671726e-01 6.561533352498638560e-02 4.371332369833213355e-02
4.408173626288803271e-01 3.244739458439093172e-01 9.848369955400565479e-01 1.473108836860496651e-01 7.757122206934405906e-01 1.169871699836453061e-01 1.265708368789965343e-01 6.398006039657519461e-02 1.267156440039362009e-01 6.405371570787038449e-02 4.174630323537675131e-02
4.594926515080068330e-01 4.171126937668169221e-01 9.840459428872406766e-01 1.465112892112728771e-01 8.112721236082980347e-01 1.202146754308274501e-01 1.297719507117783000e-01 6.559858668310815377e-02 1.297919804175234337e-01 6.560904766205367944e-02 4.370536712913408034e-02
4.619490925938217751e-01 4.325118868330220523e-01 9.838735972126808615e-01 1.463440043376496857e-01 8.190340751229165939e-01 1.208688035928403015e-01 1.304236657070727556e-01 6.592836521196647481e-02 1.304243934772060798e-01 6.592880289788642656e-02 4.411092999847868873e-02
4.506741375593751875e-01 4.963582414096053275e-01 9.838721958457927741e-01 1.463428830366042266e-01 8.190835162086247401e-01 1.208701935541038192e-01 1.304256319628721850e-01 6.592941614577350895e-02 1.304258527226365150e-01 6.592954861655241083e-02 4.411170694657647051e-02
4.558888203186104993e-01 5.467913168500707632e-01 9.838711003889870632e-01 1.463416159654958582e-01 8.191419164205218095e-01 1.208781569070924017e-01 1.304338040214167715e-01 6.593356969373972976e-02 1.304338223766355886e-01 6.593358060936431453e-02 4.411701597242978501e-02
4.966766402916792944e-01 5.330227114377259490e-01 9.838709784682283521e-01 1.463414727577185548e-01 8.191484104224960872e-01 1.208790487072986947e-01 1.304347098355541357e-01 6.593402908342629876e-02 1.304347106862966121e-01 6.593402958624930421e-02 4.411761525700092640e-02
5.262939427235466816e-01 5.565610186308627139e-01 9.838709732001726938e-01 1.463414650196746825e-01 8.191486589041211408e-01 1.208790829305314840e-01 1.304347439473420578e-01 6.593404637984420780e-02 1.304347439593116775e-01 6.593404638691328923e-02 4.411764621311994178e-02
