4.485199627592054705e-01 2.456315693898719899e-01 9.838728753186358755e-01 1.463414766690509239e-01 8.191484050333145417e-01 1.208790817438023663e-01 1.303705528567597749e-01 6.589729218990748871e-02 1.304003659774405632e-01 6.591741376106352579e-02 4.411748238620995244e-02
4.631116241345497597e-01 2.491820556461352976e-01 9.838887045975999168e-01 1.463455577035614186e-01 8.189823494009238480e-01 1.208665299368358037e-01 1.303739741390605167e-01 6.590032149714394882e-02 1.303978354940336370e-01 6.591574632978190740e-02 4.410959944902415747e-02
5.104681783902521586e-01 2.566472031282404087e-01 9.840136807522746887e-01 1.464444549009367713e-01 8.148547330468427496e-01 1.205501204320468533e-01 1.300962332866470172e-01 6.576229724227272699e-02 1.301130467562892079e-01 6.577149883156782617e-02 4.390321601782642968e-02
5.157030066852372752e-01 2.666942894648945406e-01 9.843901944882533783e-01 1.467647097571940784e-01 8.001278902801919335e-01 1.193461673950674679e-01 1.289107245342191732e-01 6.516320981197777640e-02 1.290379642938053462e-01 6.522806753811137559e-02 4.318995708358416147e-02
5.048110992473556768e-01 3.719692102340707573e-01 9.841067590228473883e-01 1.465343279946294264e-01 8.100946598424014766e-01 1.201185764474941853e-01 1.296765435156301272e-01 6.555040615308203866e-02 1.297644275414149562e-01 6.559518501873561058e-02 4.367828053579617814e-02
5.015533595225567520e-01 4.143443080214219143e-01 9.838789948248702899e-01 1.463479984630783048e-01 8.188647179239723073e-01 1.208566586008581190e-01 1.304057213704119533e-01 6.591893516304553335e-02 1.304084433552306910e-01 6.592069411597410722e-02 4.410314241392560702e-02
4.981573228333473491e-01 4.475964476905505141e-01 9.838712841625610883e-01 1.463415711560195898e-01 8.191435138687646056e-01 1.208785153814542629e-01 1.304297902092318717e-01 6.593126037843874410e-02 1.304310036264780814e-01 6.593211619170094573e-02 4.411712053722995075e-02
5.150079109321032966e-01 5.181160912154377796e-01 9.838709747885778789e-01 1.463414667874624875e-01 8.191487105519950074e-01 1.208790898188060459e-01 1.304346776432052379e-01 6.593400806799729064e-02 1.304346927350394092e-01 6.593401939968787651e-02 4.411763243670438484e-02
5.247014655811710337e-01 5.145348396416454806e-01 9.838709690820531817e-01 1.463414641695608143e-01 8.191488555185081344e-01 1.208791096322387182e-01 1.304347703252846380e-01 6.593405959180213827e-02 1.304347657314408604e-01 6.593405687676882898e-02 4.411764647011470059e-02
5.309497513347374298e-01 5.154493229853052139e-01 9.838709753632620680e-01 1.463414668636479621e-01 8.191485500492673433e-01 1.208790676971239764e-01 1.304347287465895677e-01 6.593403859619824392e-02 1.304347247238938634e-01 6.593403621619295385e-02 4.411764657022549524e-02
