4.766338987578869202e-01 2.357652074621611193e-01 9.839147672313468540e-01 1.463414705869398869e-01 8.191486557998983731e-01 1.208791012772277296e-01 1.304314985419221251e-01 6.593297869148284640e-02 1.304184571727068365e-01 6.592632262409101052e-02 4.411998271282510653e-02
5.002322481533190146e-01 2.427265740208897904e-01 9.839066482124151358e-01 1.463427249355840898e-01 8.190981562990786724e-01 1.208752949835263935e-01 1.304239632602057219e-01 6.592863635004740652e-02 1.304232807940238770e-01 6.592844247360020449e-02 4.411648006387150489e-02
5.231776839055457540e-01 2.498624831652725420e-01 9.839090631091179651e-01 1.463573839496840334e-01 8.185093270536587529e-01 1.208312623789814383e-01 1.303762352506287747e-01 6.590381805326055165e-02 1.303872934446026477e-01 6.591007758711048270e-02 4.408575707309674019e-02
5.288781186160246284e-01 2.539645592481314385e-01 9.839903565720036216e-01 1.464292777487168906e-01 8.155823495327294559e-01 1.206078823788362397e-01 1.301558986133578566e-01 6.579241182019705814e-02 1.301697813943534510e-01 6.580013638700774048e-02 4.393913836514062865e-02
6.197301339470622228e-01 3.125858571078465875e-01 9.839197546501263769e-01 1.463780945707138514e-01 8.176146088026150505e-01 1.207571482601821483e-01 1.302693316727609740e-01 6.584753218812747222e-02 1.302888073669247471e-01 6.585997068733497051e-02 4.403826566164464884e-02
6.470656137208973258e-01 3.267450735879025014e-01 9.838742488742099335e-01 1.463423662605255748e-01 8.191119916623190722e-01 1.208763203912498474e-01 1.303760497735097501e-01 6.590077346720456253e-02 1.303900768239519281e-01 6.591097756104512262e-02 4.411247473435794819e-02
6.400074738201578795e-01 3.361168076310576680e-01 9.838729814827542608e-01 1.463413693081714873e-01 8.191435095649494125e-01 1.208784040222841694e-01 1.303805300617267848e-01 6.590320084756344510e-02 1.303946940997789128e-01 6.591340592145432387e-02 4.411401072238121945e-02
5.470505758583751321e-01 4.964410184926713043e-01 9.838711643223538861e-01 1.463411168105742399e-01 8.191365338394345219e-01 1.208774157812051164e-01 1.304288690479650514e-01 6.593079029183210316e-02 1.304282957037622426e-01 6.593057830503244732e-02 4.411615206750336970e-02
5.419205387173989807e-01 5.081122906012156548e-01 9.838708058574689996e-01 1.463414569803173637e-01 8.191482376527189357e-01 1.208790247682402091e-01 1.304342497040737736e-01 6.593375330205221430e-02 1.304326952550251550e-01 6.593283378010215967e-02 4.411745356903511162e-02
5.543520497299807559e-01 5.026597780693775608e-01 9.838709206342486357e-01 1.463414366148999279e-01 8.191456451038449105e-01 1.208786680606989822e-01 1.304340504473986695e-01 6.593366765600425228e-02 1.304330484275487978e-01 6.593307467342510164e-02 4.411741821690035037e-02
