5.061375608620912736e-01 2.216754429369671431e-01 9.839592638630306753e-01 1.463414650648079129e-01 8.191488846110051014e-01 1.208791143969662057e-01 1.305017081430654424e-01 6.597420889329917715e-02 1.304393627177409531e-01 6.593695411192775080e-02 4.412249982094802042e-02
5.137414864698673922e-01 2.157460051409103019e-01 9.839508562717939055e-01 1.463415175655053413e-01 8.191468888488568911e-01 1.208789483678891080e-01 1.304892962033303294e-01 6.596710472416922322e-02 1.304382680153783058e-01 6.593629612749955793e-02 4.412001288191765708e-02
5.253899150413215979e-01 2.288323661785983398e-01 9.839362338364123772e-01 1.463437513841208681e-01 8.190692255153124712e-01 1.208711424987653632e-01 1.304383630289338292e-01 6.593744887079008854e-02 1.304280705666394091e-01 6.593083025744919667e-02 4.411257140951251043e-02
5.509998222038251514e-01 2.527721074483404995e-01 9.839372987278678373e-01 1.463841653734140047e-01 8.178248269515775437e-01 1.207099512097727090e-01 1.302561543302181435e-01 6.584319420666208400e-02 1.302644453293840265e-01 6.584794287163299453e-02 4.400587716628220208e-02
6.518598228371967895e-01 3.200715803901465484e-01 9.838757340581457678e-01 1.463425333046484422e-01 8.191074481169231536e-01 1.208756130734552764e-01 1.303755215886822638e-01 6.590053254585695464e-02 1.303897146426047093e-01 6.591079984130537861e-02 4.411202217061972047e-02
6.527962240508178304e-01 3.235009673874667535e-01 9.838743842924549954e-01 1.463414633175171564e-01 8.191483724148013179e-01 1.208790596184932814e-01 1.303788715835787759e-01 6.590220366846011313e-02 1.303900341418794684e-01 6.591060014334701456e-02 4.411426532923672095e-02
6.544757850438601698e-01 3.243218813443630721e-01 9.838732061720957267e-01 1.463414449519999938e-01 8.191480886520694504e-01 1.208790053985398100e-01 1.303771484297543137e-01 6.590122522398542126e-02 1.303911116940056902e-01 6.591144049122785176e-02 4.411411847960573784e-02
8.227336205348563247e-01 3.897241040982364901e-01 9.838745579980054945e-01 1.463301633935343016e-01 8.187566139984564506e-01 1.208252180460513969e-01 1.303565937185060253e-01 6.589256431873845299e-02 1.303198345648495515e-01 6.587123850356049748e-02 4.407684303234066236e-02
8.667144536262898491e-01 4.097869754614109628e-01 9.838660729014493400e-01 1.463399790562848191e-01 8.191027348471626723e-01 1.208727687048841148e-01 1.304142408201769687e-01 6.592226594404691775e-02 1.303637815517118270e-01 6.589240369081940385e-02 4.410825169551167713e-02
7.979662195788672641e-01 4.291045969330258836e-01 9.838703800755990159e-01 1.463352345387700926e-01 8.189551585270706813e-01 1.208524765596058065e-01 1.303973366076003060e-01 6.591404627236016611e-02 1.303588959398426506e-01 6.589127814721881804e-02 4.409620951389065652e-02
