5.100639200245800087e-01 1.954947272386132473e-01 9.839658205525338985e-01 1.463415108533710485e-01 8.191475378577774968e-01 1.208789286667850127e-01 1.304972090299010568e-01 6.597174856371006146e-02 1.304384115261480181e-01 6.593643529143283777e-02 4.412023576513444956e-02
5.189834236947928892e-01 1.925480206743415412e-01 9.839603288693791194e-01 1.463414966025923802e-01 8.191478631274785593e-01 1.208789737632529337e-01 1.304958646499090325e-01 6.597130450228838594e-02 1.304382223510852923e-01 6.593632954465615537e-02 4.411825240381533203e-02
5.336735489232578011e-01 1.970955229699830336e-01 9.839894914202075293e-01 1.463418635485108366e-01 8.191375333595932728e-01 1.208775644350651296e-01 1.304724197920027751e-01 6.595743169698720099e-02 1.304352681733327579e-01 6.593465793632606597e-02 4.411672781041506286e-02
6.863814987930603184e-01 2.112892182607732927e-01 9.839602310664558038e-01 1.463566916151922415e-01 8.186985513950467697e-01 1.208170998870612689e-01 1.303706686729571018e-01 6.590232314352614806e-02 1.303695966694705943e-01 6.590122528021449821e-02 4.407617194472035482e-02
7.393477045197581754e-01 2.670426189043090259e-01 9.838914871507884463e-01 1.463417615620875856e-01 8.191390232238842106e-01 1.208777739003406571e-01 1.303970427281021249e-01 6.591309195640392138e-02 1.304114017289574878e-01 6.592209852907703060e-02 4.411502313787966922e-02
6.805039838753248471e-01 3.071370883159634801e-01 9.838775200711666891e-01 1.463414573042575717e-01 8.191484447800558844e-01 1.208790540827596183e-01 1.303840125635370162e-01 6.590524115931284399e-02 1.303976817744086913e-01 6.591487553688608891e-02 4.411468626128921960e-02
6.918067876108106029e-01 3.144127980322158344e-01 9.838791532845121424e-01 1.463365456130510389e-01 8.189280076659276597e-01 1.208487856742793964e-01 1.303534640194026761e-01 6.588969034948841119e-02 1.303646205403478364e-01 6.589796574465137113e-02 4.409407949365365398e-02
9.204385709087418155e-01 3.825638321988641954e-01 9.838676342164434097e-01 1.463376765757420372e-01 8.190169385017099790e-01 1.208609853395029160e-01 1.303980102561415888e-01 6.591371912631883989e-02 1.303425324904902149e-01 6.588097700158604408e-02 4.409962173675528729e-02
9.353261659402433148e-01 3.877293038891835852e-01 9.838643246279383803e-01 1.463414513868460665e-01 8.191485941437993690e-01 1.208790745074917600e-01 1.304192349193971645e-01 6.592466958728922244e-02 1.303599617695446189e-01 6.588957068519558924e-02 4.411110467586405737e-02
9.472624691598080515e-01 3.745553979929856503e-01 9.838664301314139493e-01 1.463407667761229269e-01 8.191274648575741502e-01 1.208761689320215355e-01 1.304197882361282090e-01 6.592528453069851357e-02 1.303764010151506614e-01 6.589960906767391990e-02 4.411117938912083314e-02
