4.827438560506953635e-01 9.989099807412309129e-02 9.839910980723873823e-01 1.463417210850228023e-01 8.191416778855625802e-01 1.208781219081303260e-01 1.304200919848602369e-01 6.592559085818894271e-02 1.304329997565718269e-01 6.593336429488352857e-02 4.411734416846144896e-02
5.091785561902694157e-01 1.422116263177523321e-01 9.839742904892969655e-01 1.463426044660626479e-01 8.191174314059662676e-01 1.208747797560910386e-01 1.304512327064493438e-01 6.594481100565957599e-02 1.304305074089965322e-01 6.593221144873771811e-02 4.411515995444150601e-02
6.370475123359269354e-01 1.758210826670288107e-01 9.839581051424020064e-01 1.463446268960325591e-01 8.190550192437843213e-01 1.208661753300281638e-01 1.304308715381395090e-01 6.593346253369547494e-02 1.304117034156732080e-01 6.592238695263549775e-02 4.410921742822217911e-02
8.332830470793139988e-01 1.878024003811079035e-01 9.839011382633792158e-01 1.463415035873875392e-01 8.191475274860458011e-01 1.208789268903270181e-01 1.304046084533471150e-01 6.591678636340622677e-02 1.304149061450619873e-01 6.592369903628907124e-02 4.411752348901330084e-02
8.359505116408278980e-01 2.073606922828207522e-01 9.839017796019823292e-01 1.463414636911470057e-01 8.191488969508393669e-01 1.208791156452688198e-01 1.304148274327621981e-01 6.592332172275489066e-02 1.304284906971408531e-01 6.593092691627332191e-02 4.411758588139158554e-02
8.441536534551652426e-01 2.224850966724647994e-01 9.838964329876587200e-01 1.463414368746138450e-01 8.191421800103398931e-01 1.208781909138777200e-01 1.304195895755937695e-01 6.592599747630492613e-02 1.304294478695080250e-01 6.593146765782478824e-02 4.411680276786579535e-02
9.001606204320448112e-01 2.268637343106475468e-01 9.838885456513868366e-01 1.463412022120589018e-01 8.191306005762525322e-01 1.208766006001277676e-01 1.304226808587870268e-01 6.592755640861466815e-02 1.304265550394443085e-01 6.592997699958826063e-02 4.411579511349051491e-02
9.316351020334275868e-01 2.976334657131515793e-01 9.838787279199526781e-01 1.463396451821898925e-01 8.190825444713729642e-01 1.208699983462222516e-01 1.304153377709010020e-01 6.592346571392328214e-02 1.303961486332703978e-01 6.591218484006196310e-02 4.410937380283605491e-02
9.722225784862128517e-01 3.492929324755931764e-01 9.838690285644872136e-01 1.463414557159729290e-01 8.191486837637393936e-01 1.208790863595545495e-01 1.304299180306094930e-01 6.593113238466151438e-02 1.304115335357573513e-01 6.592024423888326323e-02 4.411557522754614574e-02
9.856062511903277423e-01 3.369344197486172643e-01 9.838705099179227975e-01 1.463414541708841221e-01 8.191486178967235521e-01 1.208790770833800543e-01 1.304337183397678568e-01 6.593342738780204326e-02 1.304297206998501768e-01 6.593105671745670693e-02 4.411718534697837285e-02
