4.630785020537060426e-01 7.426933508308494747e-02 9.839798533495066613e-01 1.463414947345539618e-01 8.191480075577672881e-01 1.208789936474876647e-01 1.303800901059800899e-01 6.590160937055855594e-02 1.304340166129785150e-01 6.593373147807789214e-02 4.411763857622798962e-02
4.778917239568614694e-01 8.123008426023918538e-02 9.839760802024731801e-01 1.463446597450605846e-01 8.190624005152570275e-01 1.208671921638975466e-01 1.303781394647065273e-01 6.590157064824310462e-02 1.304210407460592025e-01 6.592718249876715342e-02 4.410984597135769736e-02
8.039782163067419329e-01 1.541001446780853601e-01 9.838993091437897576e-01 1.463486326612389588e-01 8.189424717482987059e-01 1.208506590668295133e-01 1.303639739302590306e-01 6.589457410502108647e-02 1.303755614521140693e-01 6.590349766119477093e-02 4.409875462631383802e-02
8.773555327522144509e-01 1.707274962671624929e-01 9.838766179224559538e-01 1.463414680821226999e-01 8.191488004243495658e-01 1.208791022970603923e-01 1.303876441935813146e-01 6.590621611699647164e-02 1.303992530345562117e-01 6.591537219686180449e-02 4.411763679990920312e-02
8.613270844499547607e-01 1.889905169753304803e-01 9.838887552149920834e-01 1.463414638020483216e-01 8.191484753099091964e-01 1.208790575115437915e-01 1.304018715507486992e-01 6.591512911501967720e-02 1.304143868488974178e-01 6.592341784469420152e-02 4.411760524192535893e-02
8.951685803653965934e-01 2.190662402653075491e-01 9.838913071055496173e-01 1.463414657176413669e-01 8.191466440845898145e-01 1.208788052496091864e-01 1.304242668658014692e-01 6.592840468728636272e-02 1.304302610467915624e-01 6.593192452337189036e-02 4.411743924254862836e-02
9.147639267482529091e-01 2.227438423506445386e-01 9.838884326761370147e-01 1.463414631369615582e-01 8.191489072198365751e-01 1.208791169574372631e-01 1.304264874282222986e-01 6.592958177428938360e-02 1.304305698945741332e-01 6.593213269777706276e-02 4.411764528538639207e-02
9.320523267289206881e-01 2.486008289079071065e-01 9.838842878364597588e-01 1.463414557864662902e-01 8.191485985507385159e-01 1.208790745801144317e-01 1.304282945833499796e-01 6.593053729275612229e-02 1.304306576404244133e-01 6.593205169905476393e-02 4.411756148990228499e-02
9.877216022800537898e-01 3.324479494559314241e-01 9.838711350414761636e-01 1.463414540825717092e-01 8.191486133844673168e-01 1.208790764240178645e-01 1.304344874879231897e-01 6.593389897825838175e-02 1.304339854387386588e-01 6.593360273858066278e-02 4.411758265164031356e-02
9.890600323244185255e-01 3.333971775945948623e-01 9.838709683683020124e-01 1.463414511935381968e-01 8.191485207646824751e-01 1.208790636128553170e-01 1.304347054090405356e-01 6.593402493014038912e-02 1.304346253166645819e-01 6.593397727695402000e-02 4.411763867564691410e-02
