4.603054856487357460e-01 7.342449476081058801e-02 9.839774056991043016e-01 1.463481017449959898e-01 8.189698108608181037e-01 1.208544266401130468e-01 1.303515966813830196e-01 6.588684499233893321e-02 1.304100263553061856e-01 6.592159649196591142e-02 4.410121287984877791e-02
4.766575845261502020e-01 1.061664055132790219e-01 9.839750595672427380e-01 1.463465775988143369e-01 8.190110624620026147e-01 1.208601140653354361e-01 1.303944593506418392e-01 6.591203131379551328e-02 1.304166533587167442e-01 6.592509605333553291e-02 4.410528356641368886e-02
5.080849906013881201e-01 1.971892474671389783e-01 9.839583852503488437e-01 1.463426153604806546e-01 8.191188690896427094e-01 1.208749784969194441e-01 1.304900551179637158e-01 6.596789478809644836e-02 1.304349314174779728e-01 6.593467869921974811e-02 4.411740264011441287e-02
5.051924952315663964e-01 2.211880248237052815e-01 9.839554772467683508e-01 1.463422860653315061e-01 8.191267614201118707e-01 1.208760735358907767e-01 1.304936750806951484e-01 6.596978909277632919e-02 1.304352588039062177e-01 6.593486126050519813e-02 4.412007369042037636e-02
4.750210164131670187e-01 2.369223837690034307e-01 9.839132014598320763e-01 1.463418508685187802e-01 8.191263048521406631e-01 1.208760628911920154e-01 1.304216198951507477e-01 6.592756135230028181e-02 1.304159975671908833e-01 6.592495214867696851e-02 4.411876118431691529e-02
4.500479549201170104e-01 2.460317064848204505e-01 9.838821566702620203e-01 1.463418498843910565e-01 8.191281985367279139e-01 1.208763560337367260e-01 1.303713705162241610e-01 6.589816396910283536e-02 1.304020620585544521e-01 6.591786140920029291e-02 4.411725880812691208e-02
4.296306333392665988e-01 2.579811876507622226e-01 9.838873275306504462e-01 1.463483061859663648e-01 8.190258572026239969e-01 1.208624033147299437e-01 1.303864054661535155e-01 6.590780343007822395e-02 1.304091513947318037e-01 6.592230499904455643e-02 4.410925670737400606e-02
4.031840956345104088e-01 2.719555025360151923e-01 9.838958765229462999e-01 1.463557117087743720e-01 8.189205710252147608e-01 1.208478271175205954e-01 1.304113269759518690e-01 6.592319386375990187e-02 1.304203722610462746e-01 6.592900358520654980e-02 4.410056845050872726e-02
3.760733303708824748e-01 2.751074608074310923e-01 9.839171767077984354e-01 1.463491179093776573e-01 8.190273877933634816e-01 1.208624558902776369e-01 1.304462511823444582e-01 6.594306616616292527e-02 1.304300268930214113e-01 6.593322869182749457e-02 4.410844796275067980e-02
3.513866447424769945e-01 2.765658437074883791e-01 9.839384095016688869e-01 1.463421941155894079e-01 8.191373282070930628e-01 1.208775324802559975e-01 1.304797696942557317e-01 6.596215116364108344e-02 1.304392183804767569e-01 6.593729420427184296e-02 4.411673255150304340e-02
