4.693914684735848719e-01 8.317400105237812702e-02 9.839936757894185426e-01 1.463697168379915758e-01 8.183860373792153364e-01 1.207739472181882240e-01 1.302883410813878429e-01 6.585633456807568620e-02 1.303305026343634654e-01 6.588144499678606769e-02 4.404764803514196747e-02
4.977420260772633109e-01 1.456763784437964115e-01 9.839708947343592804e-01 1.463541503566554713e-01 8.188076384513416350e-01 1.208320716797994382e-01 1.304071168240056589e-01 6.592233483470863464e-02 1.303903480159845085e-01 6.591195963699018889e-02 4.408653885815592977e-02
5.160873884777968934e-01 1.971495688585828410e-01 9.839528552061402866e-01 1.463457327095362970e-01 8.190404177636323446e-01 1.208641745764444941e-01 1.304825030927130591e-01 6.596462355339970107e-02 1.304241898175663716e-01 6.592925120325619781e-02 4.410865677511280336e-02
5.130993788888437157e-01 2.185262300680510528e-01 9.839465313109452271e-01 1.463506359556253078e-01 8.189068453332360997e-01 1.208459087966417961e-01 1.304520365108613467e-01 6.594785075576486966e-02 1.304061011109036439e-01 6.592000189210978078e-02 4.409861129952106357e-02
4.981920461834365432e-01 2.417612792272875177e-01 9.839146688822594244e-01 1.463464700285638243e-01 8.189005146784480438e-01 1.208465374695076450e-01 1.303955243948076992e-01 6.591444273371474538e-02 1.304056837002279812e-01 6.591945556839179376e-02 4.410517488145707793e-02
4.671275677667434123e-01 2.487012537586898442e-01 9.839075232479798094e-01 1.463457174550725493e-01 8.187602444374820765e-01 1.208315472529960799e-01 1.303443328047747263e-01 6.588601746816366567e-02 1.303913315771930981e-01 6.591209828865464415e-02 4.410452377198928464e-02
4.358171807186139168e-01 2.611557345169456812e-01 9.839187539326397225e-01 1.463755049204163439e-01 8.181654358953385220e-01 1.207587390017476198e-01 1.302912911299384247e-01 6.586048161703421389e-02 1.303278369121448899e-01 6.588080856743253055e-02 4.405509237355299118e-02
4.013699759406682555e-01 2.768210765937670348e-01 9.839164562989719531e-01 1.464017333103168061e-01 8.180168474517416355e-01 1.207350047145774874e-01 1.302972235085506914e-01 6.586538237926724271e-02 1.303051906856823594e-01 6.587025636288496022e-02 4.402743873842291517e-02
3.654018156521537386e-01 2.917281175458337761e-01 9.839060719351353512e-01 1.463656471983890150e-01 8.187392696537572068e-01 1.208260597292475508e-01 1.303863994507880320e-01 6.591087288306304859e-02 1.303690151317237478e-01 6.590104161549006911e-02 4.408344545010992738e-02
3.460420457234368863e-01 2.989434341579986221e-01 9.839024715372741703e-01 1.463433400799542816e-01 8.191177181731386092e-01 1.208750881078081568e-01 1.304310835973211680e-01 6.593356686629178731e-02 1.303979222388689796e-01 6.591447404743680516e-02 4.411469373915388043e-02
