5.691962046845887579e-01 1.258379943693156144e-01 9.839850871387662012e-01 1.463746599598174380e-01 8.181980740682563980e-01 1.207480425748776454e-01 1.302944094401897179e-01 6.586239063334076160e-02 1.302990700520935963e-01 6.586550182517920959e-02 4.403065818499587308e-02
5.593164028339439042e-01 1.764499763085107531e-01 9.839632373675375465e-01 1.463555932719826369e-01 8.187517123079219861e-01 1.208243796292625266e-01 1.304098136407889630e-01 6.592475300537260774e-02 1.303806402047194835e-01 6.590701410049087938e-02 4.408149192474482281e-02
5.316141335762838427e-01 2.018594676586600578e-01 9.839584803832942539e-01 1.463573284604884617e-01 8.187420279401855794e-01 1.208231661484176767e-01 1.304259190159289816e-01 6.593454248093656711e-02 1.303826408164276696e-01 6.590813245759190309e-02 4.408092592552194378e-02
5.231608233228817184e-01 2.311165173689658237e-01 9.839359631950083118e-01 1.463735648723533955e-01 8.182726960018565920e-01 1.207603229656173532e-01 1.303343448639309732e-01 6.588530666447647843e-02 1.303227667204685247e-01 6.587763307029580184e-02 4.404171296958887122e-02
5.204845920912455348e-01 2.494289525987205824e-01 9.839139004145772693e-01 1.463614818954547259e-01 8.182993006146001003e-01 1.207753712324449308e-01 1.303223669359886983e-01 6.587677572909415857e-02 1.303539997090677471e-01 6.589321134505055078e-02 4.406441506631866845e-02
5.020465741367184931e-01 2.569662881329599080e-01 9.839730144308534987e-01 1.463990127598897018e-01 8.160624048113621631e-01 1.205365404300070276e-01 1.300805825979337582e-01 6.575434848269684496e-02 1.301791012615853005e-01 6.580470784336835133e-02 4.395642743598343616e-02
4.454790689447939434e-01 2.842860561855008461e-01 9.840707707966120932e-01 1.465244995484262236e-01 8.117546329733253963e-01 1.200774883962178741e-01 1.296339691374244762e-01 6.552919824562643270e-02 1.297154792136723245e-01 6.557069847964362708e-02 4.366403165929014230e-02
3.808596425350193604e-01 3.135161364712604759e-01 9.839703449598806717e-01 1.464543984535438548e-01 8.154838797889847335e-01 1.205137382259167111e-01 1.300706645261625882e-01 6.575020751428813093e-02 1.300786358477636906e-01 6.575474240933580627e-02 4.389298276504843832e-02
3.480279733846239898e-01 3.243695453300735054e-01 9.838814568391618387e-01 1.463566988574934724e-01 8.187472424258870340e-01 1.208454939630946162e-01 1.303777174160835883e-01 6.590398739519197358e-02 1.303689112476988377e-01 6.590013490532364848e-02 4.409574513408832941e-02
3.408861354973316549e-01 3.233446156439728214e-01 9.838668803438506139e-01 1.463423418329033721e-01 8.191278152404445345e-01 1.208775461538773160e-01 1.303908531764756684e-01 6.590943905017990212e-02 1.303702554666417990e-01 6.589905796207588817e-02 4.411600223084532341e-02
