8.371876533549709176e-01 1.764571554930136621e-01 9.839014560992279668e-01 1.463434105426978105e-01 8.187158712779836200e-01 1.208194516547024672e-01 1.303408232830371716e-01 6.588386907070879761e-02 1.303506537715158897e-01 6.589107561641374677e-02 4.407792035695458355e-02
7.983042185902075039e-01 1.960798059056684250e-01 9.839123064291597220e-01 1.463435348363479604e-01 8.188822608541951320e-01 1.208423922263892197e-01 1.303790564195855817e-01 6.590503821515260319e-02 1.303865446193257227e-01 6.590958939437120689e-02 4.409315463643466437e-02
6.742822123806755386e-01 2.251056986451240860e-01 9.839302985933601198e-01 1.463555212575265441e-01 8.186455371944987291e-01 1.208103102775796023e-01 1.303627011810319369e-01 6.589824925091335162e-02 1.303596352590026264e-01 6.589618895529135434e-02 4.407165462305174392e-02
5.680450117388857745e-01 2.587602799107684981e-01 9.839273269633821428e-01 1.463821076222054651e-01 8.178247777000442476e-01 1.207052250284977035e-01 1.302505810845201173e-01 6.584049786750464928e-02 1.302590077567210847e-01 6.584520694194809232e-02 4.400488259068442015e-02
5.332516275070479095e-01 2.599255331922705747e-01 9.839480643011114802e-01 1.464027961056119376e-01 8.166847981765210651e-01 1.205965051609606126e-01 1.301427028107950967e-01 6.578564353172168533e-02 1.301868659699409181e-01 6.580872219784103527e-02 4.395450299667204991e-02
5.047061253278748438e-01 2.764244818095238365e-01 9.840964938844996013e-01 1.465405623670853474e-01 8.105467005934658964e-01 1.199632628422800801e-01 1.295195819488394740e-01 6.547089164149322293e-02 1.296272269790468556e-01 6.552582237135692877e-02 4.359972623825986854e-02
4.359356581519761575e-01 3.199059377342244881e-01 9.842129493798255080e-01 1.467009678125714423e-01 8.049132870280283347e-01 1.193758792277242464e-01 1.289444444060388051e-01 6.518064013062821460e-02 1.289997094717170723e-01 6.520878372742132389e-02 4.321143896559415110e-02
3.729817471391019268e-01 3.345744281938278220e-01 9.839884871400141897e-01 1.464622734527221415e-01 8.145358399964114371e-01 1.204545836533853775e-01 1.300135173723657722e-01 6.572128274986853425e-02 1.300193154946994445e-01 6.572503044283428686e-02 4.385518457719375651e-02
3.486636711595397786e-01 3.344019448483511736e-01 9.838844091825599270e-01 1.463524510988588323e-01 8.187303289522684935e-01 1.208563401164245293e-01 1.303978774449229272e-01 6.591453477396605476e-02 1.304081584429743479e-01 6.592161254875254783e-02 4.410340837310462725e-02
3.390623215262214551e-01 3.363870413503259327e-01 9.838687054574312141e-01 1.463423425064899475e-01 8.191161175633238090e-01 1.208781290012982818e-01 1.303920290611036426e-01 6.590949624137920626e-02 1.304033341420818559e-01 6.591749973380015004e-02 4.411675172149590041e-02
