8.695421867487416190e-01 1.811520701367431152e-01 9.838938012782748599e-01 1.463408408869966704e-01 8.186127322251979255e-01 1.208052464898839856e-01 1.303225694907202969e-01 6.587425570350335935e-02 1.303347318860401394e-01 6.588298507626694223e-02 4.406835544294875756e-02
8.425643071940042139e-01 2.012005028919179594e-01 9.839045782665860607e-01 1.463413764624468261e-01 8.187424680144020916e-01 1.208231266164584566e-01 1.303526528580772337e-01 6.589109352543205678e-02 1.303663444053963505e-01 6.589934638573322068e-02 4.408018251940755416e-02
7.416381609715146928e-01 2.643900048720043139e-01 9.838968335256743636e-01 1.463393236925829843e-01 8.188060532512160261e-01 1.208320195786484197e-01 1.303503384974117885e-01 6.588934741828786357e-02 1.303652412995647547e-01 6.589880222308996949e-02 4.408444467067012401e-02
6.535890011930075572e-01 3.162856953722331665e-01 9.838845829198398230e-01 1.463404605883232013e-01 8.186954564754106434e-01 1.208182779817833924e-01 1.303194278691548746e-01 6.587228616434552542e-02 1.303355455202926672e-01 6.588360349732144683e-02 4.407407301633879670e-02
6.212333691050241358e-01 3.154774565370024320e-01 9.839092254123837922e-01 1.463677917758524349e-01 8.177407930241454848e-01 1.207166257781163432e-01 1.302280686911428953e-01 6.582663972691248089e-02 1.302507131213577474e-01 6.584076851436333755e-02 4.401387352090632005e-02
5.320807357277431704e-01 3.433914149146629624e-01 9.840230630770931963e-01 1.464892228574967425e-01 8.131152616422473445e-01 1.202433088003933837e-01 1.297894810755109152e-01 6.560681117958486186e-02 1.298261426943606578e-01 6.562631321929440764e-02 4.373232387479903532e-02
4.558987119238253061e-01 3.846641207182490141e-01 9.840407753156483750e-01 1.465266825542890505e-01 8.119529835682892660e-01 1.201247368004405291e-01 1.296862268552529673e-01 6.555555488736626579e-02 1.296993018654586660e-01 6.556234964120730146e-02 4.365336765778496386e-02
4.077816535704892886e-01 3.793725287492590859e-01 9.839352429210411755e-01 1.464081404901342309e-01 8.165846054161881584e-01 1.206429304328138497e-01 1.301972052947376890e-01 6.581375164442673786e-02 1.302031705074990775e-01 6.581756102019495347e-02 4.397100165074851325e-02
3.535722331826171017e-01 3.588428497832330533e-01 9.838806688271121148e-01 1.463498948516901155e-01 8.188196992789992246e-01 1.208597684499265329e-01 1.303869164739784869e-01 6.590748940920874988e-02 1.304163375301102268e-01 6.592556541120739300e-02 4.410566368809418214e-02
3.258236781671660087e-01 3.614558097940897552e-01 9.838690187722413105e-01 1.463421416212437320e-01 8.191229939840243279e-01 1.208782160395405619e-01 1.303707109787208274e-01 6.589626815153204475e-02 1.304251740919197822e-01 6.592922047216533132e-02 4.411710768919015202e-02
