8.871248109081564248e-01 2.010444546379647757e-01 9.838958469669254470e-01 1.463414574728570117e-01 8.186719757465672487e-01 1.208134104150765942e-01 1.303460177379846541e-01 6.588751059247756336e-02 1.303542035776246166e-01 6.589316667623264234e-02 4.407379516558834753e-02
8.457229914195730780e-01 2.156597875764116046e-01 9.839085216234523257e-01 1.463418202001143531e-01 8.184242381549029499e-01 1.207792941786275664e-01 1.303139439339351113e-01 6.587180407988721398e-02 1.303248249326592889e-01 6.587844197736894558e-02 4.405073415673287085e-02
6.975965223681250826e-01 2.970040385938367278e-01 9.838894236069125609e-01 1.463364381084449883e-01 8.186862185489628407e-01 1.208154926829591996e-01 1.303229430089872798e-01 6.587456664495217051e-02 1.303381973352674972e-01 6.588500974805452937e-02 4.407239494110674893e-02
6.535820837658353755e-01 3.232712385728881976e-01 9.838793457599080972e-01 1.463344343307166617e-01 8.188396480617032847e-01 1.208366999674384823e-01 1.303338920430023862e-01 6.587933245278966565e-02 1.303500728592097146e-01 6.589091756487640283e-02 4.408573453681921550e-02
6.420209216580163858e-01 3.336999144972053744e-01 9.838798577686910241e-01 1.463366711360850336e-01 8.188147911235754695e-01 1.208349771742697892e-01 1.303367860380362786e-01 6.588108033407315267e-02 1.303519987386526635e-01 6.589191163887347935e-02 4.408518752011642006e-02
5.493982185323152967e-01 4.072667047620153191e-01 9.838888610329166173e-01 1.463554408491606895e-01 8.184416527277263986e-01 1.208023570144602654e-01 1.303414149737631977e-01 6.588575913754682323e-02 1.303477162030657610e-01 6.588994580463075623e-02 4.406850381656780835e-02
4.781299572375397600e-01 4.327530683662095257e-01 9.838873614443749416e-01 1.463593625400695375e-01 8.184548624854451893e-01 1.208064676491175660e-01 1.303619662021135717e-01 6.589719635338917025e-02 1.303628512904471681e-01 6.589770265592390097e-02 4.407252527254542501e-02
4.505389491699147708e-01 4.328724621268105754e-01 9.838781447104860689e-01 1.463491217209012818e-01 8.188548465143196120e-01 1.208516915839775857e-01 1.304052878727199327e-01 6.591895868553428184e-02 1.304075141594690235e-01 6.592032856428106657e-02 4.410059363141779348e-02
3.887893299832515526e-01 4.223398523843890362e-01 9.838721312802745089e-01 1.463439202975397313e-01 8.190523987854653187e-01 1.208721398451361867e-01 1.304031412747026497e-01 6.591588149614358016e-02 1.304244771531625213e-01 6.592881724325197479e-02 4.411333684726238824e-02
3.212864926286544964e-01 3.985722469201556373e-01 9.838676746104386694e-01 1.463421269685670767e-01 8.191204939099181459e-01 1.208765430442588218e-01 1.303744536078491334e-01 6.589842517803469468e-02 1.304223401362661905e-01 6.592734796168146783e-02 4.411609703370634322e-02
