9.116716360136701836e-01 2.213763992689978533e-01 9.838904825576538782e-01 1.463415388064666645e-01 8.190168679175942046e-01 1.208609266895508128e-01 1.304073460789500760e-01 6.591977494514845992e-02 1.304111855125379416e-01 6.592226156289072991e-02 4.410549857334444129e-02
8.848989664074285999e-01 2.307186615193693446e-01 9.838974281177157444e-01 1.463410269212319093e-01 8.187049584323553564e-01 1.208179703642773134e-01 1.303607945823513914e-01 6.589598992648006137e-02 1.303648913828555911e-01 6.589863909978391221e-02 4.407645472491226318e-02
7.193123097280930134e-01 3.065967171160264293e-01 9.838866591443884424e-01 1.463352602609063469e-01 8.186775468196272332e-01 1.208142983848226326e-01 1.303249248691113193e-01 6.587566304913283766e-02 1.303337649292972689e-01 6.588229037539256039e-02 4.407139719168563785e-02
6.529933735617591273e-01 3.342296879634168993e-01 9.838787506084573087e-01 1.463345302948900750e-01 8.188533429074831282e-01 1.208385454585312324e-01 1.303396718754568362e-01 6.588249220634896652e-02 1.303535570415756684e-01 6.589257470403640793e-02 4.408712706291544048e-02
6.002039752409192852e-01 4.053369396373077138e-01 9.838753435466166541e-01 1.463376131179249251e-01 8.189828048718070796e-01 1.208564124137690571e-01 1.303799638724750243e-01 6.590430007575774629e-02 1.303885838671118569e-01 6.591050588606385541e-02 4.410054573326163685e-02
5.331717165952251092e-01 4.897621528508606659e-01 9.838717482308561024e-01 1.463412704078139170e-01 8.191191060540339297e-01 1.208753537002907052e-01 1.304272235248533363e-01 6.593000144838692678e-02 1.304282694660783837e-01 6.593074790655828465e-02 4.411499383738056584e-02
4.980281396432079677e-01 4.874426393842682392e-01 9.838715952411228871e-01 1.463420827269737157e-01 8.191224483060333128e-01 1.208762795792258787e-01 1.304316793653697570e-01 6.593247807775534652e-02 1.304317797114660782e-01 6.593254395968735360e-02 4.411588911083812875e-02
4.498199923250204568e-01 5.010884420511255710e-01 9.838714519565375793e-01 1.463420416121261891e-01 8.191237804330457895e-01 1.208762709856441436e-01 1.304313766159844734e-01 6.593229235888352358e-02 1.304318225360759087e-01 6.593256369370281700e-02 4.411585510834572371e-02
4.216096156355016999e-01 5.304530505479688740e-01 9.838718506622554649e-01 1.463428666620918417e-01 8.190770150021450258e-01 1.208694533614276811e-01 1.304213167305997290e-01 6.592690439715348516e-02 1.304241229247929956e-01 6.592861501141060454e-02 4.411143623706428873e-02
3.880698981712656925e-01 5.167211677291829730e-01 9.838744967373894701e-01 1.463472180039126214e-01 8.188473726585716594e-01 1.208378581557960907e-01 1.303774723755441178e-01 6.590362291385398752e-02 1.303898750912874382e-01 6.591114361867943250e-02 4.409116292840514068e-02
