9.433430686740627014e-01 2.676740199103435081e-01 9.838817821489358462e-01 1.463409981560016559e-01 8.191102577205356949e-01 1.208737962669312882e-01 1.304241979386729922e-01 6.592848828563947772e-02 1.304250347562306012e-01 6.592908786282392075e-02 4.411399262707328683e-02
9.375783074383120530e-01 3.029932414932849927e-01 9.838813921686547781e-01 1.463350423614425966e-01 8.188903964615523723e-01 1.208435573446548228e-01 1.303902700023727990e-01 6.591088758012711435e-02 1.303745445182462048e-01 6.590165010631858500e-02 4.409221969319852830e-02
8.943359348304267264e-01 3.665365666432887637e-01 9.838791671685338525e-01 1.463245550103436377e-01 8.185817111561454196e-01 1.208011264359964143e-01 1.303369805728211706e-01 6.588290333789582898e-02 1.302947377875235402e-01 6.585808883942446956e-02 4.406094493305656723e-02
7.385345168191427279e-01 4.070415954075064513e-01 9.838761315082510395e-01 1.463304818569694243e-01 8.187829162185128462e-01 1.208288115756349368e-01 1.303619014372937035e-01 6.589551337973288681e-02 1.303408444144123213e-01 6.588355468515644242e-02 4.408075744424357761e-02
5.530788002887181420e-01 4.961422277128114122e-01 9.838716299849630254e-01 1.463404839624592169e-01 8.191129605692784033e-01 1.208741800339828559e-01 1.304258712502590067e-01 6.592929095149598073e-02 1.304253143065791654e-01 6.592908185195361925e-02 4.411406172814544974e-02
5.284264844602573064e-01 5.137594450000458890e-01 9.838709983780763446e-01 1.463414418946582252e-01 8.191475844102921178e-01 1.208789359590181911e-01 1.304344356604047461e-01 6.593387998837629826e-02 1.304344623205052622e-01 6.593390102535538755e-02 4.411754219417474837e-02
5.090977606716785564e-01 5.264498494026678133e-01 9.838710001974609876e-01 1.463414988062712585e-01 8.191467833111207852e-01 1.208788310685030010e-01 1.304344498977125233e-01 6.593389461026578913e-02 1.304344777985786130e-01 6.593391160294929942e-02 4.411748284439549056e-02
4.436454511243284049e-01 5.550720127054026287e-01 9.838716562807813260e-01 1.463424310668005324e-01 8.190986146762445630e-01 1.208722123319007496e-01 1.304272724868115740e-01 6.593022085025772305e-02 1.304278860034644716e-01 6.593058375374113989e-02 4.411320203454638378e-02
4.229046184901525396e-01 5.620896865033443435e-01 9.838753612973829554e-01 1.463470205412831793e-01 8.188604917337580780e-01 1.208394849931952869e-01 1.303926118654417377e-01 6.591253765239471485e-02 1.303952728668525129e-01 6.591411196482541146e-02 4.409207040618930845e-02
4.013068473339770903e-01 5.657811635242147030e-01 9.838899763710189372e-01 1.463674082172572166e-01 8.177988821330423042e-01 1.206936019519003200e-01 1.302342695257915905e-01 6.583148491268753233e-02 1.302496805427864057e-01 6.584060117381783372e-02 4.399800958338568463e-02
