9.880165277791504996e-01 3.326468770687599497e-01 9.838711951525349608e-01 1.463412820655625446e-01 8.191432625639968323e-01 1.208783406614276495e-01 1.304338026279728280e-01 6.593355503042548638e-02 1.304333935870284900e-01 6.593331420428220901e-02 4.411713355082277910e-02
9.767866021394637777e-01 3.441586934363836670e-01 9.838726376117878925e-01 1.463365896535874511e-01 8.189984624870292329e-01 1.208584307617424775e-01 1.304104029166028023e-01 6.592136771170893639e-02 1.303973996724978879e-01 6.591366077874723228e-02 4.410263495170181625e-02
9.394771672515606076e-01 3.814346487756947734e-01 9.838768806711326587e-01 1.463222788866572477e-01 8.185571050430872075e-01 1.207977446217436968e-01 1.303389277994297379e-01 6.588412860216191769e-02 1.302870646975339830e-01 6.585338583560856884e-02 4.405839472137301066e-02
8.528980771530966232e-01 4.146936908110934739e-01 9.838761464593267503e-01 1.463244640024243537e-01 8.186229247552255783e-01 1.208067955398605953e-01 1.303487470109244428e-01 6.588919690417519015e-02 1.303021366799407832e-01 6.586158926872384689e-02 4.406492059491393803e-02
5.760353661065160669e-01 5.160515367588561775e-01 9.838716316473196111e-01 1.463394245718944442e-01 8.190840905230164504e-01 1.208702050761743391e-01 1.304239558879833338e-01 6.592841063917381783e-02 1.304184426946331243e-01 6.592515437932046363e-02 4.411124739593805938e-02
5.248215910109146343e-01 5.499882302598810835e-01 9.838709873381267235e-01 1.463414364656799305e-01 8.191474765000475999e-01 1.208789202261306289e-01 1.304345419643782311e-01 6.593394079444662992e-02 1.304344665014312565e-01 6.593389659074794240e-02 4.411754392208585424e-02
5.009295794849377703e-01 5.936878832500582792e-01 9.838709613159395406e-01 1.463415198280922369e-01 8.191458732472437498e-01 1.208787000698469671e-01 1.304342315235208216e-01 6.593377750021257866e-02 1.304343558925071256e-01 6.593385099722612330e-02 4.411738812657462622e-02
4.522438533117431048e-01 6.026340604551811975e-01 9.838707666868491408e-01 1.463436518037407597e-01 8.190352847650517187e-01 1.208635034240744810e-01 1.304144539346232812e-01 6.592343290614710583e-02 1.304190488795516079e-01 6.592614727793026652e-02 4.410757487242335934e-02
3.807965333193622515e-01 5.852883942165517661e-01 9.838708874230639445e-01 1.463588249996247426e-01 8.182476397315858740e-01 1.207552681247229392e-01 1.302765051608607283e-01 6.585144413732584023e-02 1.303101566271320788e-01 6.587132299700092231e-02 4.403772476144523357e-02
3.047337550055997379e-01 5.948470739835129972e-01 9.838709407720839240e-01 1.463836837730331242e-01 8.169565417069698521e-01 1.205778499295024481e-01 1.300501022279468011e-01 6.573327944025114666e-02 1.301316488811633532e-01 6.578145115527185560e-02 4.392324884045654965e-02
