9.890811026089874058e-01 3.333786455982937769e-01 9.838709866716428554e-01 1.463414252594916753e-01 8.191477051959893396e-01 1.208789515076755666e-01 1.304345989372298342e-01 6.593397151400955114e-02 1.304345452140408257e-01 6.593393968362593061e-02 4.411758307293808107e-02
9.867544232861024112e-01 3.357557442697364225e-01 9.838712870330039717e-01 1.463404515360029468e-01 8.191177006390876203e-01 1.208748259292487248e-01 1.304297496816587409e-01 6.593144582173500468e-02 1.304270920215585272e-01 6.592987041175429885e-02 4.411457600735710360e-02
9.582818873256607750e-01 3.636983671762062942e-01 9.838745337736229946e-01 1.463297254760324850e-01 8.187871463613421996e-01 1.208293750762543112e-01 1.303762151931060209e-01 6.590355395203249811e-02 1.303443567224949196e-01 6.588466729052867843e-02 4.408143362847006391e-02
8.617448031984086265e-01 4.201393089471816000e-01 9.838752749642080131e-01 1.463267417540395354e-01 8.186946689397892607e-01 1.208166596224103245e-01 1.303607338405398663e-01 6.589544894277624132e-02 1.303192160440038994e-01 6.587083790458321542e-02 4.407203522791061645e-02
5.807299673208213830e-01 5.667471138497105487e-01 9.838716765534810671e-01 1.463390583804262679e-01 8.190738310569498637e-01 1.208687940900325664e-01 1.304224905234546428e-01 6.592765276209656966e-02 1.304156118557423250e-01 6.592357654059824434e-02 4.411016135216732498e-02
5.135202832087849556e-01 6.221763286961699002e-01 9.838709785365321592e-01 1.463414350344880710e-01 8.191476495537536318e-01 1.208789440665142823e-01 1.304345709439356238e-01 6.593395561430225038e-02 1.304344903917399601e-01 6.593390787895307692e-02 4.411754351812047920e-02
4.941449719238625304e-01 6.426401626635195319e-01 9.838709083197904048e-01 1.463414824494123079e-01 8.191479029837427372e-01 1.208789790052013230e-01 1.304344865680714671e-01 6.593390479047456232e-02 1.304346335917153932e-01 6.593399163875110491e-02 4.411755908471861470e-02
4.610932920859847628e-01 6.423316317079050819e-01 9.838679033376417360e-01 1.463423593225498254e-01 8.191025300903632678e-01 1.208727440488014393e-01 1.304207093032834497e-01 6.592637889269699347e-02 1.304280736017318920e-01 6.593072902706063887e-02 4.411353076884799718e-02
3.211754194673057117e-01 6.164699765429860756e-01 9.838384586560129375e-01 1.463502857432117110e-01 8.186914566387319958e-01 1.208162560609405967e-01 1.302915962916648684e-01 6.585570786743893956e-02 1.303684270505037213e-01 6.590109194045211394e-02 4.407707219098162821e-02
2.552312643147483517e-01 6.079937754277539019e-01 9.838219052138829079e-01 1.463538021783739873e-01 8.185089747968111729e-01 1.207911801369761923e-01 1.302275414795027175e-01 6.582043052736560873e-02 1.303416187664169223e-01 6.588781623772535512e-02 4.406089118109376979e-02
