3.510755699046072542e-01 2.771751466162025168e-01 9.839380967992953364e-01 1.463421092351931962e-01 8.191387027857883751e-01 1.208777169615293245e-01 1.304799314709898239e-01 6.596222182584533800e-02 1.304398034711088394e-01 6.593762171219144652e-02 4.411684471301648147e-02
3.457709128209368599e-01 3.045797290504531074e-01 9.838982554298815186e-01 1.463428975246263697e-01 8.191254483250457463e-01 1.208760397591606695e-01 1.304305141761571418e-01 6.593297533891183393e-02 1.304053126953181596e-01 6.591863888268899296e-02 4.411536647203002925e-02
3.393190165731898578e-01 3.301247486309463186e-01 9.838673285193032525e-01 1.463419790699418688e-01 8.191369658825546907e-01 1.208782254090326469e-01 1.303900800121566561e-01 6.590863579807142159e-02 1.303863603376958502e-01 6.590798874120820661e-02 4.411660303313343773e-02
3.288251382470362416e-01 3.484326954739554449e-01 9.838668324298772694e-01 1.463421275492056695e-01 8.191240631800090766e-01 1.208784010805195736e-01 1.303726747631075156e-01 6.589786830113157634e-02 1.304019120460917780e-01 6.591634257904172012e-02 4.411695087868126863e-02
2.971500922481119522e-01 4.031530006284027579e-01 9.838622561015150092e-01 1.463447426899954773e-01 8.189956876885938764e-01 1.208628027562034246e-01 1.303459551561745589e-01 6.588306689205700173e-02 1.304002768731091777e-01 6.591594470642725412e-02 4.410711794195984470e-02
2.535656624708935158e-01 5.774286849506702346e-01 9.838291011002513464e-01 1.463541972684538617e-01 8.184945425798747509e-01 1.207897078242826244e-01 1.302333197867159009e-01 6.582373427527203613e-02 1.303380708630256790e-01 6.588573539996257777e-02 4.405986427588508975e-02
2.550203396592469751e-01 6.069628847533348193e-01 9.838220736085074858e-01 1.463538364709654205e-01 8.185069671171296690e-01 1.207909087373003759e-01 1.302274118326721963e-01 6.582037257975459354e-02 1.303412681378786353e-01 6.588762964172727166e-02 4.406072335543260304e-02
3.227468123622483365e-01 6.164248225630900579e-01 9.838389465012190582e-01 1.463505036698816153e-01 8.186813720981432896e-01 1.208148710505974888e-01 1.302907855356107147e-01 6.585534155484616681e-02 1.303670793276295869e-01 6.590040719430741156e-02 4.407614835316193969e-02
4.655826342433907472e-01 6.425945461619135823e-01 9.838683171248200354e-01 1.463422773880531103e-01 8.191069124684491332e-01 1.208733463247528422e-01 1.304222813926522728e-01 6.592724591291537761e-02 1.304287196718204866e-01 6.593104887862834274e-02 4.411391711449644953e-02
4.947787724460330216e-01 6.458462810359146822e-01 9.838709206704900900e-01 1.463414802487148225e-01 8.191480275042332115e-01 1.208789961042096850e-01 1.304345324035620923e-01 6.593393009305369146e-02 1.304346526350882440e-01 6.593400111070310543e-02 4.411757019018825582e-02
