3.752084119948921881e-01 2.767752642344470382e-01 9.839160101192641061e-01 1.463488470160226873e-01 8.190319684884718177e-01 1.208630598101105014e-01 1.304462249801280616e-01 6.594297567985571429e-02 1.304309968531076058e-01 6.593375566033249369e-02 4.410880438383507629e-02
3.599415815829189458e-01 3.050028738735689471e-01 9.838963296466055608e-01 1.463588850742885694e-01 8.188606422899273873e-01 1.208411972297669945e-01 1.304000689009491565e-01 6.591742116940357832e-02 1.303932763623560642e-01 6.591398737696595178e-02 4.409314616515926100e-02
3.465151486188692287e-01 3.300021787184165833e-01 9.838775357688819279e-01 1.463500360890357122e-01 8.189301885377425760e-01 1.208611486073467300e-01 1.303972304498554613e-01 6.591392035976438579e-02 1.304014878376925923e-01 6.591760749442690526e-02 4.410587359839926447e-02
3.410001145934509759e-01 3.415019371366607159e-01 9.838867444675430951e-01 1.463561647200481153e-01 8.185872328201455606e-01 1.208483762763558900e-01 1.303697298950631245e-01 6.589858007213768298e-02 1.303888136852142665e-01 6.591087153009833610e-02 4.409833275291828031e-02
3.202533879793760252e-01 3.897882730530325968e-01 9.838936858277179676e-01 1.463693872607030322e-01 8.179876948525367508e-01 1.207843387192293477e-01 1.302870702412431136e-01 6.585498951595647465e-02 1.303266693836491741e-01 6.587909620392236321e-02 4.405784220862150186e-02
2.893461412281798650e-01 5.574285728100695225e-01 9.838695511938745364e-01 1.463817476175470200e-01 8.170791153178778021e-01 1.206031048071910805e-01 1.300690609531418296e-01 6.574228219114584826e-02 1.301541747453306141e-01 6.579267929477257415e-02 4.394018440654275798e-02
3.128358634308564534e-01 5.870837144152676323e-01 9.838719731562199922e-01 1.463821331072649168e-01 8.170291812960467359e-01 1.205879135028519317e-01 1.300647695123386960e-01 6.574103665823126386e-02 1.301417983742908235e-01 6.578654181453755245e-02 4.392994981663497778e-02
3.869185647426498509e-01 5.821264319504491080e-01 9.838713789312188984e-01 1.463578981464836171e-01 8.182921324307995681e-01 1.207613810896549789e-01 1.302852715297007080e-01 6.585607569203745515e-02 1.303163590931277760e-01 6.587443934658569755e-02 4.404175954084903893e-02
4.649292577880242416e-01 6.072946121648696849e-01 9.838708904215882622e-01 1.463432423954580397e-01 8.190558614237266610e-01 1.208663306452842645e-01 1.304183052571985246e-01 6.592545712363238886e-02 1.304219067474902405e-01 6.592758452395666713e-02 4.410941759777782523e-02
5.049766211892044998e-01 6.241937770169007083e-01 9.838709629807905754e-01 1.463415132224247239e-01 8.191461833843045603e-01 1.208787426904290863e-01 1.304342903522190955e-01 6.593380842070448167e-02 1.304344015635037490e-01 6.593387411186997504e-02 4.411741648240657260e-02
