4.023733067408877817e-01 2.727478170207262576e-01 9.838953596537765023e-01 1.463556477658947419e-01 8.189224315008216681e-01 1.208480388113141873e-01 1.304115251277930820e-01 6.592327449170762299e-02 1.304208366254605844e-01 6.592924809974781697e-02 4.410067857510127642e-02
3.922742834084584351e-01 2.865453216004165138e-01 9.839094293409690328e-01 1.463931079012703862e-01 8.182091465843511768e-01 1.207579903368650592e-01 1.303204037561256079e-01 6.587707626122961402e-02 1.303291489024679672e-01 6.588253348226133510e-02 4.404146363117809188e-02
3.702658436086315730e-01 3.203067907407643466e-01 9.839435014232271737e-01 1.464230189864711429e-01 8.165242654671318601e-01 1.206197657110574112e-01 1.301765560433314761e-01 6.580372586214394692e-02 1.301866216223395711e-01 6.580983151645326823e-02 4.395768509727784185e-02
3.755072927578576025e-01 3.319482789187683802e-01 9.840310732563092300e-01 1.465063129789659080e-01 8.128405708212241843e-01 1.202995624818986448e-01 1.298554199341146187e-01 6.564099721506572171e-02 1.298605057845376998e-01 6.564420341505045053e-02 4.375876237768923371e-02
4.041377681512451359e-01 3.685830610169708033e-01 9.840264872094136583e-01 1.465038594002839312e-01 8.128342801776988757e-01 1.202825250163006149e-01 1.298307486366162833e-01 6.562777894605693885e-02 1.298382045908490767e-01 6.563240834443873073e-02 4.374619384270021782e-02
4.359261059905346625e-01 4.662327621159210178e-01 9.839002632676134841e-01 1.463764547684288098e-01 8.175301341915861553e-01 1.206842836448019651e-01 1.302252652168099101e-01 6.582694579494985376e-02 1.302393162397902648e-01 6.583531444174936520e-02 4.399373615013425776e-02
4.292130502583025309e-01 5.193542942003884777e-01 9.838844656101869424e-01 1.463580658009071001e-01 8.182831126666291199e-01 1.207603536285570128e-01 1.303089629217777656e-01 6.586987996063607687e-02 1.303164886010363954e-01 6.587432900813393333e-02 4.404115713007862587e-02
4.300751848748279316e-01 5.512507080155123473e-01 9.838746681369009428e-01 1.463459070099326076e-01 8.189172499165813246e-01 1.208472834185630729e-01 1.304012953435789435e-01 6.591699943003202777e-02 1.304030999127460122e-01 6.591806562092260291e-02 4.409713007732159185e-02
4.662590781686136165e-01 5.520644568781437611e-01 9.838714513950641560e-01 1.463420797356291825e-01 8.191165194593019727e-01 1.208746661496008096e-01 1.304300310705384103e-01 6.593163973496106445e-02 1.304303460096680745e-01 6.593182579280858213e-02 4.411479376523144702e-02
5.181649705927641181e-01 5.419501753101106933e-01 9.838709869065040969e-01 1.463414859379105204e-01 8.191475787232751493e-01 1.208789343796470295e-01 1.304345813460856263e-01 6.593396298660811339e-02 1.304345955260077516e-01 6.593397136119197310e-02 4.411754509573260347e-02
