4.295327313532260605e-01 2.580827830987135751e-01 9.838871232310986148e-01 1.463482838023159316e-01 8.190256762593738360e-01 1.208623295341462178e-01 1.303860291846881403e-01 6.590757779149429563e-02 1.304093407634685231e-01 6.592240343885566456e-02 4.410933063693503464e-02
4.340075558129046218e-01 2.631311617862984176e-01 9.839184320710113729e-01 1.463729500452270182e-01 8.182048815015879883e-01 1.207624482080866118e-01 1.302973324331901939e-01 6.586372675424030654e-02 1.303362059597150402e-01 6.588506834591802142e-02 4.405975879721785865e-02
4.415303266985301511e-01 2.858483624916227650e-01 9.840689521923123850e-01 1.465204653626259457e-01 8.117689448545681863e-01 1.200777104021675118e-01 1.296364039953613601e-01 6.553064358983436144e-02 1.297260763539213324e-01 6.557616479348113425e-02 4.366997754984938002e-02
4.454462237253560275e-01 3.132734066304804776e-01 9.842687557077355320e-01 1.467677979512907183e-01 8.023509530287730174e-01 1.191094268210274310e-01 1.286792642345082893e-01 6.504654366024720247e-02 1.287326010137781751e-01 6.507361571591231686e-02 4.304402397258235563e-02
5.035806259680827290e-01 3.586299598193239402e-01 9.840862958618750156e-01 1.465796683244943999e-01 8.099558733521581289e-01 1.199167510525792901e-01 1.294672039248973561e-01 6.544399828258240515e-02 1.294789849125997927e-01 6.545074530595951234e-02 4.352014931865690744e-02
5.060178766942118322e-01 4.121898732001845200e-01 9.838860808010821968e-01 1.463572404541877425e-01 8.185235955266609853e-01 1.208116290417011046e-01 1.303564963840027346e-01 6.589375334028041431e-02 1.303599010560548555e-01 6.589613529154543514e-02 4.407475589221233891e-02
4.649927544294135129e-01 4.580381306724443102e-01 9.838726313391452649e-01 1.463430314926482401e-01 8.190678157739291754e-01 1.208682187420959120e-01 1.304211281784863619e-01 6.592698012003198049e-02 1.304220646265175365e-01 6.592762044257705067e-02 4.411052297912835402e-02
4.503123185102864690e-01 5.156191136813553788e-01 9.838716536857963213e-01 1.463421402847428221e-01 8.191123439338066081e-01 1.208740937177032737e-01 1.304293567664028264e-01 6.593129417355933497e-02 1.304295550914389423e-01 6.593142136793295194e-02 4.411441158278726904e-02
5.007741690335694162e-01 5.245146180056182716e-01 9.838710426812864451e-01 1.463415216327451640e-01 8.191447430726390699e-01 1.208785444909379891e-01 1.304341801602152962e-01 6.593375905460484299e-02 1.304341663084807867e-01 6.593375105895735167e-02 4.411730527142298380e-02
5.274888035645549644e-01 5.147640009854799192e-01 9.838709789327110267e-01 1.463414575845554400e-01 8.191482073761721105e-01 1.208790206640533715e-01 1.304346745914400918e-01 6.593401048381099250e-02 1.304346455761619117e-01 6.593399328166139883e-02 4.411761100728379265e-02
