4.502795886884428667e-01 2.460940772657407571e-01 9.838824343029726194e-01 1.463417475132489931e-01 8.191253477690869644e-01 1.208759464464584654e-01 1.303708596725357827e-01 6.589790009268783888e-02 1.304022164013315110e-01 6.591793448012861489e-02 4.411736253418781922e-02
4.676691225316836897e-01 2.496097756579715998e-01 9.839092613807948196e-01 1.463438527599169592e-01 8.186994783425272093e-01 1.208226926473128376e-01 1.303368491416827535e-01 6.588230276302650679e-02 1.303945585439869603e-01 6.591373259266693208e-02 4.410612321233173261e-02
5.036463880720589703e-01 2.570785731608954405e-01 9.839733854484633557e-01 1.463939602630373871e-01 8.159915047452696024e-01 1.205255602799917142e-01 1.300701973394496613e-01 6.574912823010783947e-02 1.301906386270277882e-01 6.581055282989053956e-02 4.396343161427551660e-02
5.230066279909620919e-01 2.775349118059254883e-01 9.840965979079436821e-01 1.465503802683970902e-01 8.103733731749989122e-01 1.199534064048087129e-01 1.295039240811933223e-01 6.546260190138586399e-02 1.295942832201432415e-01 6.550912700839402192e-02 4.358069838765960685e-02
6.150042401666598879e-01 3.270622180590366246e-01 9.839493100757265021e-01 1.464218432538715309e-01 8.160231857167278280e-01 1.205557714298418348e-01 1.300686424004575958e-01 6.574601614455978515e-02 1.300889193136525457e-01 6.575894856219738349e-02 4.391384702215112706e-02
6.215357171214939136e-01 3.418932672670993989e-01 9.838761584128769000e-01 1.463447999577776049e-01 8.190027396407681959e-01 1.208637798950205205e-01 1.303710108452180438e-01 6.589872459536232074e-02 1.303843213369210718e-01 6.590826080912710883e-02 4.410504775087944335e-02
5.703513536993396471e-01 3.763807037923497800e-01 9.838729395667645816e-01 1.463408707391271324e-01 8.191049252925578505e-01 1.208733090796596105e-01 1.303966909455920586e-01 6.591274701324682794e-02 1.304054864651287560e-01 6.591905674912273971e-02 4.411192690130367328e-02
5.151120471761703179e-01 4.573051350718897456e-01 9.838723401535316437e-01 1.463402691865479943e-01 8.190919710028331524e-01 1.208713117217941752e-01 1.304174959310301363e-01 6.592471444813118031e-02 1.304194360739065750e-01 6.592617955292411069e-02 4.411188543521758071e-02
5.457039935443409595e-01 5.040588338885357844e-01 9.838713547415284255e-01 1.463404588365772585e-01 8.191149872737512050e-01 1.208744534831950879e-01 1.304291509282131112e-01 6.593112944235207662e-02 1.304266109447335120e-01 6.592963175827090683e-02 4.411436237095574253e-02
5.569703457460012386e-01 5.031205890562738814e-01 9.838713093352959849e-01 1.463403848593916590e-01 8.191142034157876672e-01 1.208743450266111380e-01 1.304291577577640082e-01 6.593113540366095371e-02 1.304260903258936677e-01 6.592931688336857443e-02 4.411427094677587007e-02
