4.755162935375982780e-01 2.369214391580102552e-01 9.839140219164967949e-01 1.463417710343653810e-01 8.191273112183911076e-01 1.208761844380610156e-01 1.304228244975715045e-01 6.592825288520003102e-02 1.304165819619441391e-01 6.592524606086974659e-02 4.411897598815110039e-02
4.990404244664347067e-01 2.426505275385268390e-01 9.839143888727310827e-01 1.463457952956992714e-01 8.188775649716153460e-01 1.208432336468166640e-01 1.303918291898011061e-01 6.591249357507104889e-02 1.304068690889207127e-01 6.592004141439770926e-02 4.410571002770047322e-02
5.211475475022266934e-01 2.499522796590029627e-01 9.839130110942119201e-01 1.463598105930931093e-01 8.182840449080311940e-01 1.207727778143511815e-01 1.303193020853162798e-01 6.587516103628385244e-02 1.303580750540211386e-01 6.589526790357755348e-02 4.406701476900990594e-02
5.429806274868689275e-01 2.637835724482085475e-01 9.839443510553922412e-01 1.464045263256330831e-01 8.167565322608076883e-01 1.206073013016850382e-01 1.301484541738513745e-01 6.578820896557906195e-02 1.301863224597333002e-01 6.580841414058036243e-02 4.395570276087715222e-02
6.434176869285831435e-01 3.200703212929457142e-01 9.838886968088708107e-01 1.463582968831478315e-01 8.185335766558371473e-01 1.208110945636932249e-01 1.303118632193242532e-01 6.586836712470972577e-02 1.303291287687698974e-01 6.588032606677411696e-02 4.407063041783586266e-02
6.510628940169228551e-01 3.245345258701427538e-01 9.838742449683248736e-01 1.463407804863218475e-01 8.190834364640799947e-01 1.208706215331891709e-01 1.303675095944313300e-01 6.589630264913395874e-02 1.303835845199963483e-01 6.590783546122475078e-02 4.410851922113163959e-02
6.457151519926817018e-01 3.285893869421118718e-01 9.838783226244885993e-01 1.463348565862573059e-01 8.188737975115469858e-01 1.208414021212497330e-01 1.303406636143185082e-01 6.588288170191053394e-02 1.303561024955573466e-01 6.589396260176536013e-02 4.408899806821411915e-02
6.458509702448633760e-01 3.800883873627031173e-01 9.838840770505781208e-01 1.463251436023048635e-01 8.185044943081595248e-01 1.207906626913059084e-01 1.303112362338652575e-01 6.586928136293142277e-02 1.303125827842761819e-01 6.587121822977407004e-02 4.405562126719642785e-02
7.726132630366016052e-01 4.336887186115871984e-01 9.838759876296893081e-01 1.463271356139355939e-01 8.186918262519385925e-01 1.208162822909498030e-01 1.303607947302451164e-01 6.589556492203089977e-02 1.303249823074444091e-01 6.587437452311854791e-02 4.407223233990632122e-02
8.257012345060953384e-01 4.218365799595673038e-01 9.838756924930196490e-01 1.463254867304104867e-01 8.186553462536070302e-01 1.208112529136949054e-01 1.303545540839546046e-01 6.589224252166936413e-02 1.303099064913428862e-01 6.586577307862404029e-02 4.406816472911416482e-02
