5.055662895491912501e-01 2.211362807039310707e-01 9.839558297247987806e-01 1.463422022620103069e-01 8.191292084388699379e-01 1.208764071129646567e-01 1.304945499358553251e-01 6.597026721165083485e-02 1.304357554603304548e-01 6.593511184664901936e-02 4.412032676628705602e-02
5.136567540817155164e-01 2.184171484058406720e-01 9.839459541472623805e-01 1.463508072987520503e-01 8.189012378499310740e-01 1.208451174848617082e-01 1.304504019963121375e-01 6.594693872486694086e-02 1.304054510873719763e-01 6.591966643837926521e-02 4.409812011303545359e-02
5.250761859467716341e-01 2.318081713360805873e-01 9.839349610897991649e-01 1.463749283815230506e-01 8.182355986697387173e-01 1.207551341692846975e-01 1.303270458194679404e-01 6.588141380769153843e-02 1.303179528120968489e-01 6.587517865977479681e-02 4.403837437292177498e-02
5.680817037123612190e-01 2.505250223458869718e-01 9.839344260761743177e-01 1.463923577857460245e-01 8.176074805576964977e-01 1.206765886498458451e-01 1.302250674798442753e-01 6.582777583620418038e-02 1.302349425134404493e-01 6.583305874538712688e-02 4.398633347001812410e-02
6.598934652762656894e-01 3.082531173826518756e-01 9.838879906570252576e-01 1.463518785177895243e-01 8.186720702204861588e-01 1.208169922443660810e-01 1.303218513915972154e-01 6.587376779674167238e-02 1.303377176580618746e-01 6.588472160574636305e-02 4.407370747410483541e-02
6.554631890352843326e-01 3.218518294612854880e-01 9.838796392536579560e-01 1.463351926166041594e-01 8.188405541104004648e-01 1.208369524412950119e-01 1.303344547744259008e-01 6.587964259118692101e-02 1.303506344167206232e-01 6.589120480582134898e-02 4.408593783139126004e-02
6.560054872051920283e-01 3.233407374302006976e-01 9.838971460309404726e-01 1.463126252551989470e-01 8.179547572079975959e-01 1.207152343851313481e-01 1.302138986427526790e-01 6.581875792441520268e-02 1.302297418823426256e-01 6.583012115620397176e-02 4.400414963713526750e-02
7.635655714862860100e-01 3.549645999261691887e-01 9.839050324257123670e-01 1.462968453005954184e-01 8.173944608292565972e-01 1.206382514545301099e-01 1.301577151160624446e-01 6.579144465609630676e-02 1.301441091791754878e-01 6.578444880906195169e-02 4.395204642940830908e-02
9.203496551235463841e-01 3.912531405710464871e-01 9.838787560039188307e-01 1.463187389561389218e-01 8.184277024986597038e-01 1.207799717817842483e-01 1.303191309237944073e-01 6.587392874415862187e-02 1.302613928077706873e-01 6.583971777823337257e-02 4.404588899983380434e-02
9.300031964165823561e-01 3.906365247070352487e-01 9.838775178266075949e-01 1.463194640823652359e-01 8.184706900967255727e-01 1.207858629008810025e-01 1.303247055799990617e-01 6.587669589956116067e-02 1.302638566454689395e-01 6.584062057841238991e-02 4.404961179254299197e-02
