5.090485129248903950e-01 1.972661190263958753e-01 9.839583278769921115e-01 1.463424488274399082e-01 8.191232010384106310e-01 1.208755749124633128e-01 1.304905554541071766e-01 6.596813060146899943e-02 1.304354177717806651e-01 6.593492277664975143e-02 4.411781241633420253e-02
5.182085285910849048e-01 1.958676292449914591e-01 9.839523459870416211e-01 1.463456283108691136e-01 8.190429430335524064e-01 1.208645210003419374e-01 1.304811139480577253e-01 6.596376256449641706e-02 1.304242920041590315e-01 6.592929365077716819e-02 4.410882297346629954e-02
5.559004507885199065e-01 2.006951177109281281e-01 9.839573551846023669e-01 1.463571176380334404e-01 8.187306377111194244e-01 1.208215675784485160e-01 1.304196620289899411e-01 6.593101571450671328e-02 1.303806820841505731e-01 6.590711168670337905e-02 4.407968738803007963e-02
7.295182191050468834e-01 2.102867975723445582e-01 9.839362422754430737e-01 1.463558688806025632e-01 8.184539598210732736e-01 1.207837188114702920e-01 1.303373577800993055e-01 6.588552253775949163e-02 1.303383638350271434e-01 6.588546850605274396e-02 4.405418024284472184e-02
8.095732408902952537e-01 2.201950921711542941e-01 9.839162665750079695e-01 1.463441076470685109e-01 8.184286650205885305e-01 1.207800479837617263e-01 1.303151147928032216e-01 6.587274757130057168e-02 1.303284426845176813e-01 6.588034629007405441e-02 4.405116274408461818e-02
7.848336955018470062e-01 2.462056957092357834e-01 9.839074893155014268e-01 1.463339014660669790e-01 8.183673193029866733e-01 1.207716619338192465e-01 1.302973823003533982e-01 6.586301464903739078e-02 1.303109805560511425e-01 6.587144941304087786e-02 4.404459416500122043e-02
7.994243487364823819e-01 2.622907571068385790e-01 9.839115866814517330e-01 1.463116313113773381e-01 8.177852936900986691e-01 1.206918934153228540e-01 1.302184755013587047e-01 6.582302270586606885e-02 1.302284491636018782e-01 6.582971409750645875e-02 4.399055102197611811e-02
9.134222459809885342e-01 3.099771322937436846e-01 9.838950732369416974e-01 1.463164579278316557e-01 8.181552553334132671e-01 1.207426875360177176e-01 1.302859366010915287e-01 6.585795200869844213e-02 1.302761939464487373e-01 6.585245873180103904e-02 4.402447290843881228e-02
9.617031573603507244e-01 3.582678752398432698e-01 9.838749721919782809e-01 1.463302711342238382e-01 8.187938752754051475e-01 1.208303099088378352e-01 1.303778703277637396e-01 6.590447411221357632e-02 1.303492724055275997e-01 6.588752551477446151e-02 4.408233722876709476e-02
9.596892080397254610e-01 3.633539834104153043e-01 9.838744130111370945e-01 1.463297158625699868e-01 8.187867524591273538e-01 1.208293210437102611e-01 1.303758641128839879e-01 6.590334732390748518e-02 1.303429111303945620e-01 6.588381069787947741e-02 4.408129432054928853e-02
