4.784506251343416117e-01 1.065904132554233441e-01 9.839758772623068417e-01 1.463465424215572575e-01 8.190118876526493175e-01 1.208602279909953281e-01 1.303957616161222355e-01 6.591279109495075395e-02 1.304165411810641606e-01 6.592503701486390755e-02 4.410538562908940946e-02
5.041535911739952747e-01 1.457340323609457311e-01 9.839706087835433657e-01 1.463539277851110543e-01 8.188122016574541639e-01 1.208327008088276172e-01 1.304074359293694307e-01 6.592247277056022259e-02 1.303905046922753108e-01 6.591202311148912363e-02 4.408697965306650896e-02
6.232635261859479359e-01 1.833670302853319667e-01 9.839529586665234362e-01 1.463532077801764086e-01 8.187447050894877121e-01 1.208234116816067905e-01 1.303987433103883653e-01 6.591839507730418157e-02 1.303792554113098190e-01 6.590626901994689479e-02 4.408069702717873350e-02
8.233171196414618143e-01 2.010862446131480574e-01 9.839146762387431799e-01 1.463430100517646992e-01 8.186889141439742668e-01 1.208157450506859992e-01 1.303531053718019472e-01 6.589206269670483396e-02 1.303642998549411347e-01 6.589842565038794842e-02 4.407537685740701289e-02
8.515075801146813061e-01 1.959243964794119275e-01 9.839105819344468040e-01 1.463422851624321397e-01 8.183537141904834167e-01 1.207695659116522630e-01 1.302995573220751824e-01 6.586406676457112752e-02 1.303123342825755204e-01 6.587199059641646315e-02 4.404453882518301333e-02
8.729116291698085783e-01 2.040853901963273209e-01 9.839026682958846859e-01 1.463415704644959459e-01 8.185942478518930532e-01 1.208027115023941056e-01 1.303377696171763578e-01 6.588375153359159186e-02 1.303474725825955194e-01 6.588985559907684086e-02 4.406663674331111336e-02
9.088003378062158299e-01 2.213263464923848900e-01 9.838906601604449076e-01 1.463403571520592583e-01 8.190259661408053615e-01 1.208622040904495515e-01 1.304078352826126830e-01 6.591999531622318165e-02 1.304122421479196325e-01 6.592280021802023049e-02 4.410631744227163503e-02
9.471826280881946447e-01 2.719754486026733087e-01 9.838811807128984288e-01 1.463404928520906367e-01 8.191064186867391683e-01 1.208732817013831035e-01 1.304242145827177179e-01 6.592853335856367625e-02 1.304257562778153023e-01 6.592954445153148546e-02 4.411370765242732944e-02
9.877325919247882391e-01 3.324838196734944962e-01 9.838712553245779757e-01 1.463412347837756700e-01 8.191416949922072366e-01 1.208781252679652501e-01 1.304335352007034432e-01 6.593341579903730376e-02 1.304330169679767393e-01 6.593311060380221966e-02 4.411697660653162573e-02
9.887333926211635537e-01 3.337309799914569552e-01 9.838710385203430775e-01 1.463412688951563068e-01 8.191428859227991577e-01 1.208782888801494121e-01 1.304338294398734166e-01 6.593357153939771731e-02 1.304333848829118681e-01 6.593330797208203642e-02 4.411709873557675271e-02
