4.606431068544722396e-01 7.352060172421502615e-02 9.839776664982330390e-01 1.463483873769855503e-01 8.189620853129069289e-01 1.208533616267349065e-01 1.303507337984070313e-01 6.588642504557326585e-02 1.304089350706298667e-01 6.592104378282746813e-02 4.410050981787963509e-02
4.706119470208602884e-01 8.307668102471381377e-02 9.839939508810678914e-01 1.463714947672483113e-01 8.183367520647614191e-01 1.207671526811848334e-01 1.302806466122418405e-01 6.585235998993582696e-02 1.303238143529098780e-01 6.587806031053621003e-02 4.404310503197451238e-02
6.326876081911212424e-01 1.401724280494606734e-01 9.839711452290009763e-01 1.463758145837626146e-01 8.180197162177856862e-01 1.207234647137127304e-01 1.302625771522697984e-01 6.584573543895187731e-02 1.302732613205270784e-01 6.585240806135449210e-02 4.401403002108732893e-02
8.547403029802214114e-01 1.844255621453388672e-01 9.839012985554125290e-01 1.463427806188226377e-01 8.185566560551792437e-01 1.207975179641446045e-01 1.303194235657351152e-01 6.587318883432881356e-02 1.303316309795302663e-01 6.588152443747212483e-02 4.406321354286209940e-02
8.727461385652256487e-01 1.792710875387314440e-01 9.838943863949104474e-01 1.463411048731005359e-01 8.184852125066542916e-01 1.207876786569115901e-01 1.303038289541146588e-01 6.586457007161984623e-02 1.303156415382578370e-01 6.587328638942083203e-02 4.405663231060261836e-02
8.939773181882901820e-01 1.994854029700870168e-01 9.838908335990245169e-01 1.463412722468271643e-01 8.188010715187040711e-01 1.208311952829299180e-01 1.303623433364836937e-01 6.589558040612777945e-02 1.303700021206651849e-01 6.590111391343385361e-02 4.408566995119922449e-02
9.145661061821345195e-01 2.214460671145986881e-01 9.838879240544090576e-01 1.463414410017147838e-01 8.191229870774709987e-01 1.208755462352329585e-01 1.304219914459320839e-01 6.592718675454536936e-02 1.304256982416013566e-01 6.592961046766959710e-02 4.411526509404033874e-02
9.436667727037396647e-01 2.646586229791272338e-01 9.838814422095173429e-01 1.463414459912487919e-01 8.191471161104728615e-01 1.208788704784736212e-01 1.304295261473366330e-01 6.593121822290778922e-02 1.304316393451000478e-01 6.593257668301927277e-02 4.411749991941358445e-02
9.884196563728759877e-01 3.322613261213961944e-01 9.838711434280359436e-01 1.463414468746631614e-01 8.191483704603740312e-01 1.208790430010446004e-01 1.304346274126857164e-01 6.593398448445726701e-02 1.304346586676298214e-01 6.593400459686570014e-02 4.411764431835706740e-02
9.891282723564384094e-01 3.333304882725821594e-01 9.838709799695741776e-01 1.463414460936955652e-01 8.191483452190306824e-01 1.208790395173817145e-01 1.304347016806315929e-01 6.593402496726363804e-02 1.304347005881512922e-01 6.593402432839515215e-02 4.411764545540695220e-02
