3.513681216072944147e-01 2.765715819576023415e-01 9.839384052054445107e-01 1.463421985046438056e-01 8.191372600653874514e-01 1.208775231728883848e-01 1.304797677958899338e-01 6.596215112100331512e-02 1.304391985527786346e-01 6.593728382272967536e-02 4.411672630572155418e-02
3.760439081005695350e-01 2.751098575489656084e-01 9.839171625993966552e-01 1.463490728410147546e-01 8.190281195648214663e-01 1.208625574898116867e-01 1.304463530413720873e-01 6.594311786628380412e-02 1.304301124545831636e-01 6.593326984273235880e-02 4.410851621033660269e-02
4.031612307317717914e-01 2.719624146569297740e-01 9.838958219478104450e-01 1.463554869217294774e-01 8.189242193442537454e-01 1.208483297612429896e-01 1.304118487896736844e-01 6.592346040511619376e-02 1.304208504929393053e-01 6.592924206267085363e-02 4.410090200612181571e-02
4.296008853128422400e-01 2.580194344190944178e-01 9.838873826633509623e-01 1.463482429871384716e-01 8.190271283297009264e-01 1.208625723027779153e-01 1.303867096478925069e-01 6.590797121043587281e-02 1.304093438780431213e-01 6.592240009700819914e-02 4.410936276876965823e-02
4.500578673797564488e-01 2.460477258601628525e-01 9.838822804733110550e-01 1.463418465997663453e-01 8.191282445911018950e-01 1.208763593508054707e-01 1.303714956347520326e-01 6.589824034924671170e-02 1.304021260634302126e-01 6.591789158099484180e-02 4.411726781627502841e-02
4.751253841651782994e-01 2.368982923823387543e-01 9.839133953844804159e-01 1.463418756949082244e-01 8.191258784715053087e-01 1.208760008231530292e-01 1.304218051340710616e-01 6.592767535047730498e-02 1.304159960424368381e-01 6.592495017556070092e-02 4.411872022731769954e-02
5.052027235835776509e-01 2.212005308403478532e-01 9.839555318440622589e-01 1.463423262833926652e-01 8.191258102413343511e-01 1.208759419047415046e-01 1.304935871208350862e-01 6.596974762825869032e-02 1.304351341948455922e-01 6.593479787494439803e-02 4.411998596203550033e-02
5.080651764133474746e-01 1.972855936693255485e-01 9.839583617372679170e-01 1.463426175793424988e-01 8.191188621322946783e-01 1.208749774837983015e-01 1.304901157345516871e-01 6.596793129309110049e-02 1.304349415259330180e-01 6.593468431336578506e-02 4.411740531343671945e-02
4.766030958885359992e-01 1.062277875969252494e-01 9.839749458824582629e-01 1.463465104887892165e-01 8.190128802243049622e-01 1.208603646590020175e-01 1.303947139485942264e-01 6.591216169993534268e-02 1.304169192056643667e-01 6.592523121948479226e-02 4.410545028604281187e-02
4.602857408320483179e-01 7.341976931489259395e-02 9.839774015913950178e-01 1.463480547850520563e-01 8.189710788856573442e-01 1.208546014521024725e-01 1.303517599889614798e-01 6.588692674234232494e-02 1.304102027187528934e-01 6.592168573619087979e-02 4.410132906231691019e-02
