3.460189905740991834e-01 2.989811071203087312e-01 9.839024135440761487e-01 1.463433469983969615e-01 8.191176076070446621e-01 1.208750782288476044e-01 1.304310067977979826e-01 6.593352290608799071e-02 1.303978391365719913e-01 6.591442825300337927e-02 4.411468406090945926e-02
3.653573214207356257e-01 2.917423420946945178e-01 9.839060388920369826e-01 1.463656227403884458e-01 8.187400228138733693e-01 1.208262066492146874e-01 1.303865122796724063e-01 6.591092744131908654e-02 1.303691012793785908e-01 6.590108080367149124e-02 4.408353243883786354e-02
4.013314631481919026e-01 2.768160653997962517e-01 9.839163041203585758e-01 1.464015427378347334e-01 8.180235228979843010e-01 1.207359383261376179e-01 1.302981443307755505e-01 6.586584658540607651e-02 1.303060220765495936e-01 6.587067383476218063e-02 4.402797715327998879e-02
4.357908406328543927e-01 2.611695545855616807e-01 9.839184311618205392e-01 1.463753208781155557e-01 8.181762465517463667e-01 1.207600190099201859e-01 1.302926006195639641e-01 6.586114198732088976e-02 1.303289205904200332e-01 6.588135739952465098e-02 4.405574927110005728e-02
4.672042750423048285e-01 2.487088249968333609e-01 9.839074048778020387e-01 1.463456749406031598e-01 8.187623274657773731e-01 1.208317133886470385e-01 1.303445865743080301e-01 6.588614523196394124e-02 1.303915584296356511e-01 6.591221392525842271e-02 4.410462278380081896e-02
4.982916856385421478e-01 2.417617766817650449e-01 9.839148847102616724e-01 1.463467391072906243e-01 8.188939824830966385e-01 1.208455909465440264e-01 1.303947365101730815e-01 6.591404938010507475e-02 1.304047816372518875e-01 6.591899881007891315e-02 4.410453437684917072e-02
5.130890137296487685e-01 2.185564568563061194e-01 9.839467979758331762e-01 1.463511436925833131e-01 8.188941258802194811e-01 1.208441499617266546e-01 1.304503437220863593e-01 6.594699684630221659e-02 1.304043660105687064e-01 6.591912441314236315e-02 4.409743894466856828e-02
5.160586885599471874e-01 1.972613261612640723e-01 9.839527817083849603e-01 1.463459439112051175e-01 8.190351690192800849e-01 1.208634511507829939e-01 1.304818838987238105e-01 6.596431940270915117e-02 1.304234926889556168e-01 6.592889976158777809e-02 4.410817590661441495e-02
4.976444121977563473e-01 1.457823813364391985e-01 9.839707032763868044e-01 1.463540261554390209e-01 8.188111193524550968e-01 1.208325515698948499e-01 1.304076385810897243e-01 6.592260468312097221e-02 1.303908512871013725e-01 6.591221541006186957e-02 4.408685742695225146e-02
4.693649614699616501e-01 8.316232432773344729e-02 9.839935079732480272e-01 1.463693402537575294e-01 8.183963454977880581e-01 1.207753683020623692e-01 1.302898008244510186e-01 6.585707784296132572e-02 1.303319008171066051e-01 6.588215186018986369e-02 4.404859533390966669e-02
