3.408975522374873002e-01 3.233389085961829168e-01 9.838668811349277066e-01 1.463423462008112685e-01 8.191275785682531341e-01 1.208775662353818864e-01 1.303908584516532687e-01 6.590944268391063510e-02 1.303702320775831924e-01 6.589904509537300448e-02 4.411600889525929547e-02
3.480472671843945487e-01 3.243627317339545235e-01 9.838814550152683580e-01 1.463566499286153288e-01 8.187479884817707720e-01 1.208461156296065375e-01 1.303783236665889411e-01 6.590429361762321914e-02 1.303694897015913734e-01 6.590042520240170509e-02 4.409612950561048184e-02
3.809023280147890711e-01 3.135203316268973528e-01 9.839695931536205364e-01 1.464536421043331205e-01 8.155202675489320319e-01 1.205189219628369918e-01 1.300756860391263370e-01 6.575273372547467410e-02 1.300834610971501326e-01 6.575717753911311525e-02 4.389600985572286035e-02
4.457719158955468775e-01 2.842147497176873983e-01 9.840688547101831274e-01 1.465227058986798836e-01 8.118400403723413650e-01 1.200877086093488921e-01 1.296439714826199130e-01 6.553423806963157294e-02 1.297243877385642341e-01 6.557520025680260711e-02 4.366963447600775289e-02
5.022414751374364439e-01 2.569370674493544060e-01 9.839719820805790107e-01 1.463982672155814679e-01 8.161033668996723334e-01 1.205408128574067816e-01 1.300848558489075824e-01 6.575650413219437385e-02 1.301825111360988552e-01 6.580643328603560938e-02 4.395851744452084625e-02
5.205306165304527388e-01 2.494354220909134057e-01 9.839141896536893750e-01 1.463621615966055334e-01 8.182853238485051639e-01 1.207731917695565316e-01 1.303202712863756052e-01 6.587571624630021716e-02 1.303515990229689447e-01 6.589199798961502264e-02 4.406276611482089212e-02
5.231385727806494579e-01 2.311456892307310329e-01 9.839366658383957853e-01 1.463749255224988943e-01 8.182385117354740167e-01 1.207555321901482154e-01 1.303296629787686622e-01 6.588294172749026290e-02 1.303180043975163682e-01 6.587522572616714978e-02 4.403849160842420590e-02
5.315418719344838783e-01 2.019011272802003765e-01 9.839587869265794540e-01 1.463578728459025979e-01 8.187288125101001013e-01 1.208213364975042337e-01 1.304242144330965414e-01 6.593368956747676368e-02 1.303808393104534669e-01 6.590722273912696938e-02 4.407970112987667777e-02
5.587197420506353485e-01 1.763742630119168320e-01 9.839633795600115640e-01 1.463552762504229110e-01 8.187639415113969754e-01 1.208260644294728153e-01 1.304116302571187158e-01 6.592568435857895648e-02 1.303823369362342166e-01 6.590787272624996918e-02 4.408261666897961284e-02
5.677257800835817658e-01 1.255967044043109493e-01 9.839851140577708932e-01 1.463737999986618465e-01 8.182299273478443880e-01 1.207524332358866498e-01 1.302990958657562481e-01 6.586479021176430693e-02 1.303034961111101675e-01 6.586774028546046877e-02 4.403359013181360609e-02
