3.391578749783544788e-01 3.363045597846589518e-01 9.838687463528924537e-01 1.463423592190241651e-01 8.191154265740278051e-01 1.208781620475673502e-01 1.303921305845185119e-01 6.590955474884710452e-02 1.304033291350805424e-01 6.591749644878690251e-02 4.411676944238154124e-02
3.487260938713220848e-01 3.343610112925163302e-01 9.838845523206609656e-01 1.463525586623196650e-01 8.187255352227802430e-01 1.208570462864166223e-01 1.303986048396775510e-01 6.591490561782278879e-02 1.304088169046243306e-01 6.592194341740274799e-02 4.410384278340488684e-02
3.731140528003085155e-01 3.345606662982291146e-01 9.839875071916126537e-01 1.464609408423585557e-01 8.145863624547736714e-01 1.204628498466986525e-01 1.300216360458273379e-01 6.572538013013642932e-02 1.300273574152222278e-01 6.572909349926295275e-02 4.386022882626466890e-02
4.364014057779099787e-01 3.199357857600682586e-01 9.842097971423520164e-01 1.466973091861742962e-01 8.050582519921141156e-01 1.193933052539371820e-01 1.289616220342454933e-01 6.518931574142396157e-02 1.290158903049871963e-01 6.521695907865594777e-02 4.322166046138060241e-02
5.049701210711147192e-01 2.763859748659326931e-01 9.840936797880743825e-01 1.465379642854157394e-01 8.106680831967472134e-01 1.199758537790475421e-01 1.295320525643356424e-01 6.547719492391686213e-02 1.296378141173220588e-01 6.553117315103861029e-02 4.360644534952025364e-02
5.332944107781347753e-01 2.599453298873025675e-01 9.839479746031293272e-01 1.464033522875509974e-01 8.166853626161223456e-01 1.205952863820179688e-01 1.301415412170949526e-01 6.578505702384530862e-02 1.301849000554211877e-01 6.580772799157559583e-02 4.395311309771837011e-02
5.679719694330479518e-01 2.587763662946515608e-01 9.839278045955522911e-01 1.463829372718121746e-01 8.178092125142472080e-01 1.207026894732769612e-01 1.302481266618488176e-01 6.583926014068131050e-02 1.302563310111231054e-01 6.584385368196056521e-02 4.400307450137494469e-02
6.738792906953560147e-01 2.251804183440198615e-01 9.839305220386285189e-01 1.463556756156238481e-01 8.186466584707302596e-01 1.208104269135644449e-01 1.303629276916244417e-01 6.589837271357441850e-02 1.303597514860971862e-01 6.589624861751763873e-02 4.407172264352657992e-02
7.976031418675366691e-01 1.961831904272064164e-01 9.839121629925087209e-01 1.463435678597768130e-01 8.189026804539691895e-01 1.208452052537796195e-01 1.303820406854157288e-01 6.590656553461039791e-02 1.303894463463449449e-01 6.591105802878929887e-02 4.409503220100643994e-02
8.359569727778772830e-01 1.764129789597425890e-01 9.839011036176128489e-01 1.463434546118664858e-01 8.187582125023107338e-01 1.208252854018455336e-01 1.303468487030731704e-01 6.588693846761903283e-02 1.303565742045153797e-01 6.589406912847359243e-02 4.408181504921251243e-02
