3.260991221573454335e-01 3.612439196937080044e-01 9.838690667977592064e-01 1.463421467655993680e-01 8.191227455866634255e-01 1.208782453811481500e-01 1.303708236650212293e-01 6.589633358466773227e-02 1.304252063643064896e-01 6.592924040142000841e-02 4.411712495489937547e-02
3.537179776482484161e-01 3.586620872590487452e-01 9.838807337621700011e-01 1.463498792794749592e-01 8.188197970069017728e-01 1.208603364231975175e-01 1.303875635542574574e-01 6.590782469863085136e-02 1.304169089345714461e-01 6.592585770928367783e-02 4.410601565801641061e-02
4.079320227580620628e-01 3.793293521749405706e-01 9.839346156777903918e-01 1.464072255338837447e-01 8.166176553355802836e-01 1.206478228588688806e-01 1.302020382797221820e-01 6.581619353924314519e-02 1.302079786434793551e-01 6.581999163108348538e-02 4.397402108867994736e-02
4.562683615651666469e-01 3.849239460179869066e-01 9.840382895173642730e-01 1.465237263447901339e-01 8.120633914921083774e-01 1.201375008004783862e-01 1.296988402199757417e-01 6.556192921518501360e-02 1.297116057394662181e-01 6.556856660174806284e-02 4.366115562410814721e-02
5.323423660468522556e-01 3.435952971804421829e-01 9.840205186765328405e-01 1.464866862241011591e-01 8.132194678975755986e-01 1.202541038837418585e-01 1.298001403259959607e-01 6.561219874019559584e-02 1.298361553518047329e-01 6.563137356959246327e-02 4.373878111138922165e-02
6.213211641924167861e-01 3.155258176406607884e-01 9.839088794659426318e-01 1.463680289890308961e-01 8.177535714019937840e-01 1.207175005119396904e-01 1.302289531988210791e-01 6.582708637723366785e-02 1.302513243132724929e-01 6.584107491305250803e-02 4.401425547247016234e-02
6.536513672901576033e-01 3.162901879330217159e-01 9.838844649328417624e-01 1.463410099715907742e-01 8.187023592432712826e-01 1.208191727532032106e-01 1.303203714204358432e-01 6.587276477470074831e-02 1.303364189415781582e-01 6.588403918173911522e-02 4.407466197227513649e-02
7.418952848987464543e-01 2.642647459818074918e-01 9.838967532327330678e-01 1.463395495009968406e-01 8.188143804115094460e-01 1.208331580246938264e-01 1.303515797900179074e-01 6.588998289739121661e-02 1.303664528462279981e-01 6.589941313526996580e-02 4.408521205751578242e-02
8.423362655753113826e-01 2.013831952120580526e-01 9.839041359402002085e-01 1.463414231652941933e-01 8.187734616439057422e-01 1.208273963499355841e-01 1.303570480362579997e-01 6.589333484478794578e-02 1.303707421998702154e-01 6.590157291215636981e-02 4.408303237662795915e-02
8.692787740366256788e-01 1.813286221142661192e-01 9.838929318815876623e-01 1.463409277979409451e-01 8.186643967467579497e-01 1.208123645547077296e-01 1.303297346605930274e-01 6.587789338103813841e-02 1.303419134715561312e-01 6.588661775523474429e-02 4.407310484087018781e-02
