3.208906764276182044e-01 3.986029449084459442e-01 9.838676362766660688e-01 1.463420897037120971e-01 8.191221334089345829e-01 1.208767405724181232e-01 1.303747246572796725e-01 6.589856644710234690e-02 1.304224609286389336e-01 6.592740232202612405e-02 4.411622774786609635e-02
3.885619033685906998e-01 4.223070813222543629e-01 9.838720995141426728e-01 1.463438598588976403e-01 8.190545569337388532e-01 1.208724325983705633e-01 1.304034297775473195e-01 6.591602646969865753e-02 1.304247318119120536e-01 6.592894366563707698e-02 4.411352167603700691e-02
4.505435200678001850e-01 4.328730081779024741e-01 9.838780272347947831e-01 1.463489544865941017e-01 8.188607552047063587e-01 1.208524868449004641e-01 1.304060707328493218e-01 6.591935386059935564e-02 1.304082926639987816e-01 6.592072154662578787e-02 4.410108771368073666e-02
4.781763980228159183e-01 4.327357117939023556e-01 9.838869112922570270e-01 1.463588335134201612e-01 8.184747516628091413e-01 1.208087267782547297e-01 1.303642041864454537e-01 6.589832774748249911e-02 1.303650641064857119e-01 6.589882080780297413e-02 4.407392617198988699e-02
5.493082439852817744e-01 4.072894779956560685e-01 9.838883149474850764e-01 1.463550189945553026e-01 8.184643305022341053e-01 1.208048014006350840e-01 1.303438731728157052e-01 6.588700412846691667e-02 1.303501112652457605e-01 6.589115641548944080e-02 4.407004144316385708e-02
6.420277625837365054e-01 3.337250618492266785e-01 9.838795988005614168e-01 1.463370164916877325e-01 8.188280559080683974e-01 1.208367391138463892e-01 1.303386040325442696e-01 6.588200217466354258e-02 1.303537427662764259e-01 6.589278745551616079e-02 4.408635580745662308e-02
6.535649939749502702e-01 3.232839696943705654e-01 9.838789980043854966e-01 1.463349120071977261e-01 8.188590952276777468e-01 1.208393688434074437e-01 1.303366294451566987e-01 6.588071987672607099e-02 1.303526943460840692e-01 6.589222842761249810e-02 4.408752614847189638e-02
6.972915647245357951e-01 2.971951128940831799e-01 9.838890701942811789e-01 1.463367417849614216e-01 8.187020876405094461e-01 1.208176721500708872e-01 1.303250806805696937e-01 6.587564303902962437e-02 1.303402929311946457e-01 6.588606215761821927e-02 4.407385068000581330e-02
8.457679774793729344e-01 2.157158401952902205e-01 9.839083298119477572e-01 1.463418421109080325e-01 8.184308112795760648e-01 1.207801991416867365e-01 1.303147809509153099e-01 6.587222046654293839e-02 1.303256579817443916e-01 6.587886116719418594e-02 4.405133636243781931e-02
8.872382703802209614e-01 2.010515515892586924e-01 9.838956310519358928e-01 1.463414662414685707e-01 8.186822010797035754e-01 1.208148191681513162e-01 1.303474006550685849e-01 6.588820787197532947e-02 1.303555842391185826e-01 6.589386436395819335e-02 4.407473518599631240e-02
