3.867293192547519576e-01 5.159448472229168914e-01 9.838740750108394550e-01 1.463468013830864778e-01 8.188667215639793273e-01 1.208405066539254835e-01 1.303799739355338827e-01 6.590487020429985909e-02 1.303923182165566130e-01 6.591236299171755741e-02 4.409292981059918792e-02
4.214256470137963118e-01 5.304315603957421299e-01 9.838718074026709948e-01 1.463428191765348274e-01 8.190789437076203550e-01 1.208697153659510914e-01 1.304215565233539098e-01 6.592702312798699726e-02 1.304243599756447769e-01 6.592873294454115740e-02 4.411161710095538868e-02
4.497521011301761074e-01 5.011075836241125625e-01 9.838714302228210862e-01 1.463420158214269462e-01 8.191247655727924570e-01 1.208763986509889393e-01 1.304314945746840038e-01 6.593235104072257824e-02 1.304319421844943039e-01 6.593262361280814721e-02 4.411593903641946451e-02
4.979434733014001524e-01 4.873341434050463272e-01 9.838715699785115509e-01 1.463420551779655021e-01 8.191235791608388883e-01 1.208764117265494070e-01 1.304318094174166942e-01 6.593254373082484132e-02 1.304319095728036504e-01 6.593260951924219404e-02 4.411597265044842758e-02
5.332087709598802849e-01 4.896999218860573766e-01 9.838717210170153660e-01 1.463412788037873891e-01 8.191203713014759691e-01 1.208755112401829063e-01 1.304273802303841101e-01 6.593008059315542957e-02 1.304284241018975332e-01 6.593082582108346357e-02 4.411509803699750071e-02
6.002432271674538189e-01 4.054943331130542727e-01 9.838752103552521611e-01 1.463377787578453437e-01 8.189896993647990397e-01 1.208573514926926940e-01 1.303809735296294625e-01 6.590481458375152535e-02 1.303895586547056951e-01 6.591099659641386221e-02 4.410117959054642156e-02
6.529099107150658776e-01 3.343678806678712645e-01 9.838784952568627729e-01 1.463348687384661562e-01 8.188668253922563034e-01 1.208403952681128962e-01 1.303416075761389958e-01 6.588347563642681093e-02 1.303554368485830284e-01 6.589352016128589840e-02 4.408837215131367060e-02
7.191167271852506593e-01 3.066459872545541088e-01 9.838865845705829782e-01 1.463354694400529621e-01 8.186804811289652983e-01 1.208146985571577764e-01 1.303253201779624171e-01 6.587586152104051018e-02 1.303341619790207018e-01 6.588249040028647252e-02 4.407166771894005519e-02
8.850918783916206234e-01 2.306892912610430113e-01 9.838976071007257129e-01 1.463410541481525717e-01 8.186928811232246916e-01 1.208163059303890008e-01 1.303591225806592924e-01 6.589514067837813627e-02 1.303632105893987037e-01 6.589778978349428162e-02 4.407534462879852261e-02
9.117711316072938388e-01 2.213663811590952657e-01 9.838905923520141483e-01 1.463415271632566017e-01 8.190118290048589156e-01 1.208602324242038228e-01 1.304066440739516386e-01 6.591941738498194314e-02 1.304104898674479929e-01 6.592190994251762026e-02 4.410503549368728626e-02
