4.012871719149407879e-01 5.656200241647065807e-01 9.838896401083968568e-01 1.463669554070377576e-01 8.178175195466497183e-01 1.206961606177715252e-01 1.302368722667423540e-01 6.583280404594306356e-02 1.302522081342187832e-01 6.584187655804721317e-02 4.399978088910377894e-02
4.229221316200842962e-01 5.620837510476998089e-01 9.838753043757489936e-01 1.463469533378857490e-01 8.188637421092014312e-01 1.208399315216052289e-01 1.303930721039077700e-01 6.591277153588635807e-02 1.303957168288213675e-01 6.591433622507110457e-02 4.409236442284400481e-02
4.436256938399673055e-01 5.550708265070736225e-01 9.838716523653969759e-01 1.463424205082680396e-01 8.190988991767346183e-01 1.208722511570746311e-01 1.304273141151089110e-01 6.593024207850969876e-02 1.304279242194760768e-01 6.593060298606812086e-02 4.411323347661171013e-02
5.090711130631485615e-01 5.265105052105970573e-01 9.838709995487763260e-01 1.463414979914145764e-01 8.191468163170564365e-01 1.208788353491442313e-01 1.304344540822041376e-01 6.593389671990967926e-02 1.304344819457906313e-01 6.593391369316481398e-02 4.411748599297162649e-02
5.284850412457380298e-01 5.138003601686877975e-01 9.838709972862779152e-01 1.463414434482653292e-01 8.191476419730623348e-01 1.208789438006477590e-01 1.304344436363389093e-01 6.593388402781497071e-02 1.304344702417331303e-01 6.593390502780466234e-02 4.411754800243539859e-02
5.531660022243992669e-01 4.962240635842377623e-01 9.838716066333512700e-01 1.463405182954898298e-01 8.191142116187526412e-01 1.208743516720763717e-01 1.304260591601499042e-01 6.592938712844328975e-02 1.304255097175892331e-01 6.592918197561564719e-02 4.411418025933813020e-02
7.378363490173176498e-01 4.072944184077736396e-01 9.838760432816169299e-01 1.463306272111835338e-01 8.187881019762143220e-01 1.208295237491102819e-01 1.303626686067985985e-01 6.589590645047635475e-02 1.303417214577445027e-01 6.588401178120092960e-02 4.408124857327549995e-02
8.941017275751672599e-01 3.664385298130712343e-01 9.838790794860201583e-01 1.463247561990609902e-01 8.185873887373481539e-01 1.208019065360662753e-01 1.303377622945668668e-01 6.588330044915152728e-02 1.302955837127294236e-01 6.585852351164069030e-02 4.406147288467684303e-02
9.375320300653521288e-01 3.028309606313570046e-01 9.838813849899202824e-01 1.463351905804754216e-01 8.188918145721736375e-01 1.208437514404981789e-01 1.303904611011849068e-01 6.591098482559640259e-02 1.303747826883494831e-01 6.590177533899096995e-02 4.409235406769308058e-02
9.433058045962638971e-01 2.675972898105092312e-01 9.838818358362606542e-01 1.463410134208198710e-01 8.191083458152532693e-01 1.208735327068753834e-01 1.304239250013077833e-01 6.592834944161171662e-02 1.304247762739540462e-01 6.592895788472012686e-02 4.411381728257855045e-02
