3.049058085149182196e-01 5.947932324472808840e-01 9.838709529680164101e-01 1.463836231668035615e-01 8.169570992776552520e-01 1.205779252995854700e-01 1.300502334344059985e-01 6.573335021530418709e-02 1.301317380309622573e-01 6.578149668402644146e-02 4.392336113859646174e-02
3.809663304204209400e-01 5.852326674729826372e-01 9.838709473530944383e-01 1.463588222318434884e-01 8.182467387000470493e-01 1.207551438045954828e-01 1.302764678768859874e-01 6.585143181830255266e-02 1.303100430262587872e-01 6.587126539254183066e-02 4.403767021741950699e-02
4.522592685924831102e-01 6.025953959536894944e-01 9.838707880126607019e-01 1.463436568602925480e-01 8.190345966335527139e-01 1.208634086580228362e-01 1.304143756436628721e-01 6.592339454986223535e-02 1.304189568521681997e-01 6.592610074954728672e-02 4.410752417598994696e-02
5.009207447507549871e-01 5.937332188253690024e-01 9.838709621829245799e-01 1.463415200943646577e-01 8.191458398274684694e-01 1.208786954685163034e-01 1.304342273746756098e-01 6.593377543769694815e-02 1.304343513947038014e-01 6.593384872614944936e-02 4.411738547778400188e-02
5.247606412733895054e-01 5.501850458685187961e-01 9.838709866237639323e-01 1.463414371505692702e-01 8.191475134637131728e-01 1.208789253121786561e-01 1.304345470215911018e-01 6.593394335772716219e-02 1.304344718489849897e-01 6.593389932786963836e-02 4.411754642680122684e-02
5.757910936593951812e-01 5.164221092072163177e-01 9.838716284135357037e-01 1.463394269744540122e-01 8.190842358562488990e-01 1.208702250416767154e-01 1.304239732441514477e-01 6.592841930879407564e-02 1.304184564733913143e-01 6.592516095063528925e-02 4.411125695530268565e-02
8.529944377588829507e-01 4.147283196184220477e-01 9.838760984503522877e-01 1.463245366411912995e-01 8.186252354200764803e-01 1.208071132168199308e-01 1.303490586597045309e-01 6.588935452643711332e-02 1.303024056553359344e-01 6.586172111583077360e-02 4.406512816365886626e-02
9.395073552110924098e-01 3.814067331417131390e-01 9.838766719369853586e-01 1.463226248137523000e-01 8.185677461719109704e-01 1.207992077564225969e-01 1.303404007765595340e-01 6.588487560653170927e-02 1.302885111625843306e-01 6.585411580582026247e-02 4.405937346429618373e-02
9.767780203357615543e-01 3.441648492062380216e-01 9.838725842811285593e-01 1.463366761617583556e-01 8.190011235093592745e-01 1.208587966488332832e-01 1.304107681475840663e-01 6.592155265157875754e-02 1.303977393113055494e-01 6.591383007190093624e-02 4.410287781590938039e-02
9.880216842889718576e-01 3.326596833963821886e-01 9.838711929816242874e-01 1.463412843937303143e-01 8.191433363114065669e-01 1.208783508089246866e-01 1.304338127992679952e-01 6.593356011236460590e-02 1.304334008358592478e-01 6.593331753119442695e-02 4.411713836265006988e-02
