2.552597224788379360e-01 6.079906160413287575e-01 9.838218082483886073e-01 1.463537717032135643e-01 8.185108394099412932e-01 1.207914365013547653e-01 1.302276887800566108e-01 6.582049687777923042e-02 1.303418805928918678e-01 6.588795025997450094e-02 4.406104954673323304e-02
3.213251372661282690e-01 6.164687735377372135e-01 9.838386332710761240e-01 1.463504429879955160e-01 8.186831008179562552e-01 1.208151077421502767e-01 1.302904781041113735e-01 6.585514467991714083e-02 1.303672991251546565e-01 6.590052263389097054e-02 4.407633582118181126e-02
4.611078202558562822e-01 6.423451377172403332e-01 9.838679347168399758e-01 1.463423827946130351e-01 8.191012627224539822e-01 1.208725698681830107e-01 1.304205492494924790e-01 6.592629902865622393e-02 1.304279028784257888e-01 6.593064279239460590e-02 4.411341954710919222e-02
4.940841170256635162e-01 6.427281098641162149e-01 9.838709091868966805e-01 1.463414832794808218e-01 8.191478576789894550e-01 1.208789727765611360e-01 1.304344803498839189e-01 6.593390164821859301e-02 1.304346274599485489e-01 6.593398854491087924e-02 4.411755503183675126e-02
5.133046015699056497e-01 6.224657069611444493e-01 9.838709786067000307e-01 1.463414342807058399e-01 8.191476406328430659e-01 1.208789428358159473e-01 1.304345695133686533e-01 6.593395487476105821e-02 1.304344886884853671e-01 6.593390697650097776e-02 4.411754159197373709e-02
5.805777874821786977e-01 5.672183100175038906e-01 9.838717179799646440e-01 1.463389857243744263e-01 8.190716466142520247e-01 1.208684937253243080e-01 1.304221855597556545e-01 6.592749799955327505e-02 1.304152807960010096e-01 6.592340628352470755e-02 4.410995480855738754e-02
8.620840437068323370e-01 4.201513757903377888e-01 9.838754010456564059e-01 1.463265359501488561e-01 8.186883558447014542e-01 1.208157915721283504e-01 1.303598717007588836e-01 6.589501328553014348e-02 1.303183243832209681e-01 6.587038447667845076e-02 4.407145110994224735e-02
9.583551076946911218e-01 3.636516241626975843e-01 9.838743830000721280e-01 1.463299780292514340e-01 8.187949313151540176e-01 1.208304455003872124e-01 1.303772983616904302e-01 6.590410374310821939e-02 1.303454544480958932e-01 6.588522492365822547e-02 4.408215211427971708e-02
9.867415118583605649e-01 3.357689914419449417e-01 9.838712810278252840e-01 1.463404583931729452e-01 8.191179127443968255e-01 1.208748551007923500e-01 1.304297760714886179e-01 6.593145893538160385e-02 1.304270995540777467e-01 6.592987222099506994e-02 4.411459182200944823e-02
9.890808451423396264e-01 3.333792006525955198e-01 9.838709856282249477e-01 1.463414268246854555e-01 8.191477558898816458e-01 1.208789585142303058e-01 1.304346059014145909e-01 6.593397504196818470e-02 1.304345513061257178e-01 6.593394268660551782e-02 4.411758119027437558e-02
