4.601852008696096785e-01 7.272510308320806471e-02 9.839718875750446125e-01 1.463420134871113165e-01 8.191334156652809728e-01 1.208769816081571025e-01 1.303725329437002145e-01 6.589738464187745726e-02 1.304322420233724467e-01 6.593281654418473026e-02 4.411624922457081655e-02
4.852847408098577286e-01 8.388764805325091278e-02 9.840010799947607190e-01 1.463680983177923500e-01 8.182933898022233254e-01 1.207611862931958352e-01 1.302813842813012879e-01 6.585331496023136277e-02 1.303160656576246301e-01 6.587412070859166580e-02 4.403917148442212937e-02
8.205684492342365521e-01 1.573216264098428185e-01 9.839567059252593006e-01 1.463515236701386224e-01 8.161233501478791785e-01 1.204622362106067546e-01 1.299832305014887168e-01 6.570232586881788461e-02 1.299914570187106211e-01 6.570937103366950027e-02 4.383959130217975064e-02
8.784495110314788358e-01 1.720393446791245173e-01 9.839741654217707412e-01 1.463326907762585449e-01 8.143173355538569913e-01 1.202134464957091559e-01 1.297320341832182422e-01 6.557498018393492778e-02 1.297436395746203730e-01 6.558403588831046571e-02 4.367349793737173441e-02
8.620961194912728498e-01 1.880355278006672348e-01 9.839343302415775039e-01 1.463375635566728228e-01 8.168972219332572005e-01 1.205688912943424229e-01 1.300952395197411959e-01 6.576005527805546536e-02 1.301078091050401064e-01 6.576845251127727554e-02 4.391065590121494278e-02
8.934298160506679576e-01 2.180032171436484811e-01 9.839028930338898915e-01 1.463420868282075127e-01 8.186101662899539777e-01 1.208048963896744543e-01 1.303505678683623548e-01 6.589113926898992890e-02 1.303569141911372353e-01 6.589484278208437851e-02 4.406811880226560452e-02
9.157812458029352953e-01 2.233812867915946909e-01 9.838897080661697103e-01 1.463415009161922187e-01 8.191292556875900965e-01 1.208764102028053733e-01 1.304237320382920229e-01 6.592820976612755179e-02 1.304284599555166901e-01 6.593102600732354823e-02 4.411584328807475336e-02
9.355127660762804220e-01 2.524055590827448681e-01 9.838830760169997580e-01 1.463414750797580322e-01 8.191403962838287311e-01 1.208779446698343141e-01 1.304281365962193795e-01 6.593051921894085843e-02 1.304304377630489675e-01 6.593198780926692870e-02 4.411687831851208996e-02
9.886424263730037021e-01 3.325977630843801602e-01 9.838711297775227793e-01 1.463414569613472604e-01 8.191485011483375933e-01 1.208790609265563004e-01 1.304346531460832681e-01 6.593399841637692660e-02 1.304347049855904550e-01 6.593402751997728961e-02 4.411764686117987389e-02
9.891271674662548419e-01 3.333298643034354747e-01 9.838709788697151959e-01 1.463414613455427948e-01 8.191484130253789964e-01 1.208790488088195975e-01 1.304347097101272446e-01 6.593402898946935931e-02 1.304347071641326072e-01 6.593402747133499109e-02 4.411764675444500988e-02
