4.754272278590399026e-01 1.025876922962712517e-01 9.839697788409261792e-01 1.463448889766957861e-01 8.190561118429398046e-01 1.208663246015424242e-01 1.303942434882316426e-01 6.591140366297373876e-02 1.304226100794637633e-01 6.592807521551692640e-02 4.410935333084240600e-02
5.081103966312289222e-01 1.500855695181450011e-01 9.839673466885003883e-01 1.463528075423728425e-01 8.187973395057009940e-01 1.208306541582884891e-01 1.304115464241358824e-01 6.592515778445577623e-02 1.303880578025572168e-01 6.591079065801096204e-02 4.408554062078327840e-02
6.738605495092423459e-01 1.766220390120257500e-01 9.839428295382488532e-01 1.463494425102345731e-01 8.179162538015415373e-01 1.207092668270960262e-01 1.302706696267592057e-01 6.585191852754605779e-02 1.302535653312837105e-01 6.584238788520721530e-02 4.400444106434379249e-02
8.420551091928932808e-01 1.888905828370412987e-01 9.839339617303397567e-01 1.463376215918673895e-01 8.169740282833621858e-01 1.205794787148550679e-01 1.301076088687049825e-01 6.576647347509030628e-02 1.301191424176191547e-01 6.577419574261723911e-02 4.391772453593764669e-02
8.374156718354867079e-01 2.058678009315936808e-01 9.839180134526165356e-01 1.463403742653161810e-01 8.184668148311513569e-01 1.207851492025599771e-01 1.303230908426142309e-01 6.587695180978460352e-02 1.303366137378771938e-01 6.588449474592256161e-02 4.405494530785442758e-02
8.484873658859762857e-01 2.175239861084693194e-01 9.839253342693398130e-01 1.463437785195359775e-01 8.179636287508379455e-01 1.207158407037778602e-01 1.302590728008251320e-01 6.584499360892510922e-02 1.302705718083835285e-01 6.585122893935803357e-02 4.400857816436547915e-02
8.860574324553163184e-01 2.327612056630850579e-01 9.838987782848006569e-01 1.463426871541922414e-01 8.185470965909392715e-01 1.207962103738635384e-01 1.303401672837647129e-01 6.588566019162440945e-02 1.303449477817797686e-01 6.588877195685652333e-02 4.406198219262454085e-02
9.134352650484242053e-01 2.562429217888040345e-01 9.838870748002522815e-01 1.463380325763392609e-01 8.189273846058440220e-01 1.208486730768749545e-01 1.303948320288966789e-01 6.591340295166708829e-02 1.303982519529130191e-01 6.591569102142889880e-02 4.409699341679127610e-02
9.878975378818489750e-01 3.330821592715119683e-01 9.838710314664655954e-01 1.463414500574787835e-01 8.191483812277968735e-01 1.208790444326067193e-01 1.304344528691071259e-01 6.593387961920664508e-02 1.304339905178920067e-01 6.593360753751911774e-02 4.411758652699731414e-02
9.885141054138860683e-01 3.339584936266757342e-01 9.838708856239587464e-01 1.463414569728503645e-01 8.191485036901130501e-01 1.208790612707294765e-01 1.304345169977696728e-01 6.593391137926679635e-02 1.304338321535909728e-01 6.593350511730522445e-02 4.411757166955049964e-02
