5.105660931150285409e-01 2.055852445635656667e-01 9.839545349984198941e-01 1.463416353528904645e-01 8.191441830143045832e-01 1.208784659827021185e-01 1.304986002931166345e-01 6.597270011891466501e-02 1.304387869028227620e-01 6.593664211687334797e-02 4.412006003711694407e-02
5.183485222989099306e-01 1.972741046569585766e-01 9.839443298162630080e-01 1.463415700177985446e-01 8.191445432588893016e-01 1.208785161590065355e-01 1.304970308573922821e-01 6.597209021699816656e-02 1.304382412417683379e-01 6.593634655409709444e-02 4.411793416416458224e-02
5.335219065148497641e-01 2.061027297385569501e-01 9.839255971435554304e-01 1.463417718274383494e-01 8.190974817583137613e-01 1.208720966690529641e-01 1.304633384890430958e-01 6.595241561841050371e-02 1.304297923552406036e-01 6.593186208718226915e-02 4.411309808425298989e-02
6.178106780941362564e-01 2.300547902871518668e-01 9.839034343563685114e-01 1.463446351619812347e-01 8.189119574564439619e-01 1.208480034549238025e-01 1.303952637310772933e-01 6.591387651340541165e-02 1.304027405910837267e-01 6.591791306748914780e-02 4.409691497614691424e-02
7.562716223411503069e-01 2.233137478249490326e-01 9.839133419526054913e-01 1.463512651163120792e-01 8.186408136830769511e-01 1.208143146512155597e-01 1.303551553269895746e-01 6.589344151199696964e-02 1.303687780943152685e-01 6.590081218337437430e-02 4.407430881667574046e-02
7.063309000221965617e-01 2.892034061062593309e-01 9.838979208259546194e-01 1.463461253456936340e-01 8.184346686374928126e-01 1.207828531994748211e-01 1.302954602552025554e-01 6.586107664584599231e-02 1.303101715260064075e-01 6.587085990775104483e-02 4.405110064693270461e-02
6.579384476602267995e-01 3.213579902915143505e-01 9.838741151278089792e-01 1.463416472300705651e-01 8.190943776178601921e-01 1.208716383895380025e-01 1.303699297313813954e-01 6.589764356756259989e-02 1.303848186256911790e-01 6.590838466160288400e-02 4.410944687555549276e-02
6.666482198173816487e-01 3.229339545397066913e-01 9.838761496701390330e-01 1.463376752138889347e-01 8.189740813562043087e-01 1.208551109934371537e-01 1.303549760267406488e-01 6.589014925180596005e-02 1.303685173934964470e-01 6.590007719347784620e-02 4.409818739213777067e-02
9.242581507085769754e-01 3.691628435489662796e-01 9.838758085197428782e-01 1.463282556395495426e-01 8.186726960541113041e-01 1.208137042009989337e-01 1.303530283003647150e-01 6.589127008002830521e-02 1.303142971634663472e-01 6.586849187827809038e-02 4.406956297809001138e-02
9.478497931462168680e-01 3.755075257390562693e-01 9.838658367368177116e-01 1.463405856334367428e-01 8.191218246042855089e-01 1.208753931854464475e-01 1.304176672578449825e-01 6.592408535593961838e-02 1.303716589837412565e-01 6.589681228945824809e-02 4.411038469608178497e-02
