5.053304192800317507e-01 2.225562224338500095e-01 9.839596681575576431e-01 1.463414636717115525e-01 8.191489089061335660e-01 1.208791193215214971e-01 1.304999700538450602e-01 6.597320659272545851e-02 1.304389019498748414e-01 6.593665991432821893e-02 4.412255453265069571e-02
5.099625173502307929e-01 2.143139456877527216e-01 9.839537108427711676e-01 1.463414541059911422e-01 8.191462452586341092e-01 1.208787696458487049e-01 1.304921550760103910e-01 6.596890613941683301e-02 1.304377515592112236e-01 6.593590751550741647e-02 4.412083293242201332e-02
5.230842680108496179e-01 2.323362516646405862e-01 9.839124124189989606e-01 1.463444137050669835e-01 8.190414276672617344e-01 1.208658942195284247e-01 1.304320722164322710e-01 6.593414262841035267e-02 1.304241788926069345e-01 6.592877750218907595e-02 4.411058808874118720e-02
5.271522566550242983e-01 2.489879382401058439e-01 9.839146473310512730e-01 1.463825871531114209e-01 8.179359501523487674e-01 1.207206737897435489e-01 1.302675935912775140e-01 6.584890185870452550e-02 1.302786560501118240e-01 6.585514513926324365e-02 4.401207325903327278e-02
5.526948875073018907e-01 2.574308760191455492e-01 9.840308810015003793e-01 1.465475229981646477e-01 8.128464225356508699e-01 1.201268308512360022e-01 1.296773979308049329e-01 6.555026734968939783e-02 1.296886018323092082e-01 6.555684802263740674e-02 4.361569433634326920e-02
6.501933090401651461e-01 3.212211197753289671e-01 9.838952463752039801e-01 1.463747977823264823e-01 8.181428939385271271e-01 1.207537336301362507e-01 1.302542452940695095e-01 6.583919426510392858e-02 1.302691092281934859e-01 6.584989494931470233e-02 4.403088543590194526e-02
6.523532718496016791e-01 3.237626361252357587e-01 9.838721958260934208e-01 1.463417358209390950e-01 8.191406891840713467e-01 1.208779957028942031e-01 1.303733128586669066e-01 6.589921146009639075e-02 1.303893365075324273e-01 6.591073520085703741e-02 4.411367600416591511e-02
6.579721969600716980e-01 3.255789122985601747e-01 9.838723173460262039e-01 1.463414658297283732e-01 8.191480396920984841e-01 1.208790018410639405e-01 1.303770508806663952e-01 6.590120969068885559e-02 1.303904889316536142e-01 6.591109692522582886e-02 4.411422250927418687e-02
8.996158932477962278e-01 3.851274781672952563e-01 9.838659595975833838e-01 1.463390193319422661e-01 8.190717243099601141e-01 1.208685061806341748e-01 1.304024379262668787e-01 6.591576124345499554e-02 1.303492811021294551e-01 6.588445010977113381e-02 4.410460587469143545e-02
9.318225511013400464e-01 3.906019110069066658e-01 9.838632079501340444e-01 1.463414421741358051e-01 8.191482931055944494e-01 1.208790326045840052e-01 1.304167155753126472e-01 6.592315349087762844e-02 1.303551194554651849e-01 6.588664060697463354e-02 4.411088201290187111e-02
