4.733153082797952882e-01 2.372199155776012203e-01 9.839192758688277696e-01 1.463414559356898959e-01 8.191476385690898976e-01 1.208789824591516154e-01 1.304274088979630319e-01 6.593064839410883726e-02 1.304160059503889357e-01 6.592467197725639105e-02 4.411977674749178319e-02
4.761556438009320047e-01 2.406005325534475159e-01 9.839446276633800892e-01 1.463404962993191394e-01 8.190127904659639801e-01 1.208624767372067088e-01 1.304083747055290454e-01 6.592129699771501206e-02 1.304185862817179853e-01 6.592548227502242897e-02 4.412183412573486563e-02
5.096937803367348474e-01 2.507768549879014763e-01 9.839250067389950782e-01 1.463559229069964218e-01 8.185929944882611720e-01 1.208223996865419730e-01 1.303671752338202983e-01 6.589963337301306401e-02 1.303836731788601822e-01 6.590798850975139456e-02 4.408727319094155744e-02
5.230730354253830816e-01 2.529655835785222795e-01 9.840392137595799227e-01 1.465540906840770430e-01 8.126467932167803498e-01 1.201076863020596325e-01 1.296632229840309902e-01 6.554341410551448033e-02 1.296741018138112544e-01 6.554954221693277960e-02 4.360328610756090267e-02
5.303468912930616730e-01 2.621491957663770189e-01 9.844277901326726754e-01 1.470799310983318675e-01 7.961620967265550242e-01 1.182524327287305249e-01 1.278355539316393952e-01 6.461969799123001845e-02 1.278430245465666804e-01 6.462398525287353646e-02 4.236562846652240644e-02
6.253712204668293584e-01 3.252918468768138949e-01 9.840249093305213357e-01 1.465492187682249647e-01 8.127037408244460748e-01 1.201361379559015563e-01 1.296555004479753304e-01 6.553718452492221513e-02 1.296677875015128101e-01 6.554604361838284321e-02 4.361956129382808800e-02
6.493350668355803990e-01 3.261862800665345508e-01 9.838755099597659148e-01 1.463460088465639575e-01 8.190119384428978799e-01 1.208620918101955544e-01 1.303609638990662900e-01 6.589312838385172344e-02 1.303756206465541134e-01 6.590372845372020894e-02 4.410311422432097728e-02
6.403494971962588878e-01 3.501437637414346882e-01 9.838722841270732822e-01 1.463414210869578014e-01 8.191425156251034290e-01 1.208782807066917514e-01 1.303852621455288685e-01 6.590591264780372438e-02 1.303968564545406050e-01 6.591443171304679771e-02 4.411419224801384903e-02
7.296199081881713511e-01 4.424934931096642377e-01 9.838696430638677048e-01 1.463382217817951469e-01 8.190474964404915736e-01 1.208651734148512985e-01 1.304095450009106760e-01 6.592028951975392737e-02 1.303820013461411131e-01 6.590406932275238994e-02 4.410536631510498379e-02
8.470142641128235450e-01 4.151659733144885123e-01 9.838659594715365442e-01 1.463401649737166299e-01 8.191078515087766299e-01 1.208734717164405698e-01 1.304153644698800019e-01 6.592288222142334009e-02 1.303680496036354330e-01 6.589483435069863615e-02 4.410905823837453499e-02
