4.489792920275985089e-01 2.454631525766138300e-01 9.838810263754719232e-01 1.463415050479029422e-01 8.191472340920618045e-01 1.208791217172563992e-01 1.303749237897438018e-01 6.589984679352607622e-02 1.303992113914726469e-01 6.591619022541156392e-02 4.411654370571659739e-02
4.521083519348910729e-01 2.482642644553655631e-01 9.839071707164755987e-01 1.463462186819933786e-01 8.189456239392056691e-01 1.208749010123458950e-01 1.303814512281991356e-01 6.590501502462425831e-02 1.304028118713944917e-01 6.591786026498780426e-02 4.411832015290172160e-02
4.667883427026063847e-01 2.716826658839417985e-01 9.839948915617228176e-01 1.464240388921089486e-01 8.157201814251610061e-01 1.207000914126858532e-01 1.302435910405201347e-01 6.583769271372647003e-02 1.302574396050241723e-01 6.584438692958642647e-02 4.401164129583286927e-02
4.777772059175693919e-01 2.838700911125243143e-01 9.840069607674445384e-01 1.464638548677896779e-01 8.151658636048242368e-01 1.204882370770014310e-01 1.300461101643917705e-01 6.573765054921776319e-02 1.300460645687218642e-01 6.573750065989449054e-02 4.385771800849570801e-02
4.828161532765457564e-01 3.303533280736040689e-01 9.841308942649130698e-01 1.466516747282724520e-01 8.093895965804926984e-01 1.197865720971772879e-01 1.293553946378039610e-01 6.538844877450768200e-02 1.293560188081169515e-01 6.538875297278758103e-02 4.339077269198337444e-02
4.864569506127308651e-01 4.104968150826228679e-01 9.839497458246352357e-01 1.464422405966771257e-01 8.159974900626951744e-01 1.205232125710575808e-01 1.300809093244014725e-01 6.575501581645729066e-02 1.300815938081140710e-01 6.575551082156269600e-02 4.388044932969138029e-02
5.319515738691829032e-01 4.096698374838232404e-01 9.838758036237517102e-01 1.463471657827111472e-01 8.189671993311976594e-01 1.208585300767001380e-01 1.304043916148551752e-01 6.591805919650671475e-02 1.304070622305350258e-01 6.591996648244657919e-02 4.410365294367386835e-02
5.380677539473822657e-01 4.920976995487299499e-01 9.838710938171733034e-01 1.463415137445580605e-01 8.191462588560244340e-01 1.208787615078544125e-01 1.304316722712263454e-01 6.593231698325277557e-02 1.304323285679649114e-01 6.593279398050566620e-02 4.411733253344397171e-02
5.400068637648510750e-01 5.080003176133411902e-01 9.838709204705732292e-01 1.463414688229738025e-01 8.191481282653597651e-01 1.208790097733767332e-01 1.304344662161040780e-01 6.593388757793841592e-02 1.304339679658854667e-01 6.593359405042076293e-02 4.411758201654886885e-02
5.673527910825877374e-01 4.985174945293545101e-01 9.838707728345550407e-01 1.463414258744799301e-01 8.191447447438627849e-01 1.208785442338233262e-01 1.304335508041396252e-01 6.593337781558454569e-02 1.304312872703605741e-01 6.593203600469797754e-02 4.411724449101941947e-02
