4.311923176547854397e-01 2.565793227582701674e-01 9.838854679525970148e-01 1.463418641202541282e-01 8.191325572270963251e-01 1.208789685210345244e-01 1.304009023320463201e-01 6.591491170615117190e-02 1.304200026328274087e-01 6.592750132013956710e-02 4.411857910463769239e-02
4.306839040527229989e-01 2.640833510893468850e-01 9.839242957790497179e-01 1.463704946880078073e-01 8.179593524098642821e-01 1.208404584690420253e-01 1.303751947391962873e-01 6.590359784727949088e-02 1.303853148792494532e-01 6.590972825918903211e-02 4.409575507076534534e-02
3.919264334085523771e-01 3.126025920735743258e-01 9.840430485971717323e-01 1.465068269784206012e-01 8.123497205792816755e-01 1.205612201479896312e-01 1.301158699294685250e-01 6.577330311228531123e-02 1.301119165789900167e-01 6.577123426065294154e-02 4.391705018651883424e-02
3.733050327283552461e-01 3.306533551675271410e-01 9.839221768419277314e-01 1.463659942314783913e-01 8.181841141621718494e-01 1.208454345988122097e-01 1.304058517796061467e-01 6.592007137811679851e-02 1.304017105661033904e-01 6.591819234029940022e-02 4.409597577273060426e-02
4.179135173765721190e-01 3.792840878290365536e-01 9.838978768408012110e-01 1.463556672007064463e-01 8.186885265434815651e-01 1.208314386806017132e-01 1.303901252195082405e-01 6.591181008625242310e-02 1.303889095862839909e-01 6.591136188913129801e-02 4.408625561995407199e-02
4.620922084315935430e-01 4.290182385962614253e-01 9.838761708578440679e-01 1.463466546366375132e-01 8.189412035021993441e-01 1.208524121964189013e-01 1.304082761392013623e-01 6.592066492977984027e-02 1.304083625485950859e-01 6.592072453316470682e-02 4.410040274602196331e-02
4.757056675277733238e-01 4.481003510904188469e-01 9.838771135038868465e-01 1.463470077086118926e-01 8.188432394270092063e-01 1.208372705942294123e-01 1.303929704286108104e-01 6.591290887996391346e-02 1.303932278120597255e-01 6.591305681571715813e-02 4.409129734661818706e-02
5.171774983098996747e-01 5.154042665851026328e-01 9.838731266010231069e-01 1.463433909710228353e-01 8.190400019297734424e-01 1.208641462002516265e-01 1.304198382234139364e-01 6.592650535873360862e-02 1.304199202414784986e-01 6.592655341705823402e-02 4.410821930044163397e-02
5.275257902858474512e-01 5.158926899394992160e-01 9.838710782946056277e-01 1.463415604865072606e-01 8.191433434616828269e-01 1.208783523034242524e-01 1.304340152840189893e-01 6.593367769846333881e-02 1.304340170592861170e-01 6.593367874608635493e-02 4.411717759576375825e-02
5.360004499116347576e-01 5.223828638421919024e-01 9.838709810574903791e-01 1.463414697280253640e-01 8.191482098405467038e-01 1.208790212030169814e-01 1.304346804853415698e-01 6.593401397107837014e-02 1.304346692416622489e-01 6.593400730612622440e-02 4.411764252279009452e-02
