4.016882662259235737e-01 2.727806645065062874e-01 9.838949755943969810e-01 1.463415202952374206e-01 8.191467005473602736e-01 1.208790997009313861e-01 1.304428617146418945e-01 6.593916806070380943e-02 1.304519338339232837e-01 6.594496957906766099e-02 4.412141737060567420e-02
3.855408289602909599e-01 2.880066603269677006e-01 9.838914956977520276e-01 1.463478678533240152e-01 8.188891070416882689e-01 1.208715072281866254e-01 1.304193374470577205e-01 6.592628270794705092e-02 1.304167618187085376e-01 6.592557005613988719e-02 4.411508482373440593e-02
3.475492888405316005e-01 3.251038545721920969e-01 9.838771613352269574e-01 1.463493325970832704e-01 8.188268918534619134e-01 1.208748857842400631e-01 1.304010799525242570e-01 6.591546356794100725e-02 1.303897983919467540e-01 6.591035777377267368e-02 4.411458026959963474e-02
3.487138164925523420e-01 3.330001513622354858e-01 9.838777647112887381e-01 1.463426169800047250e-01 8.191018059277137553e-01 1.208788089515980407e-01 1.304264192936548106e-01 6.592949797949630708e-02 1.304313569306805864e-01 6.593344416446100809e-02 4.411739328188152981e-02
3.547369043233074004e-01 3.617810074609843496e-01 9.838778073956575554e-01 1.463440971856468376e-01 8.190123504043979041e-01 1.208628665673781022e-01 1.304135275568339691e-01 6.592297556381145063e-02 1.304248077013721863e-01 6.593033178960663876e-02 4.410749845156416993e-02
4.185169602949284084e-01 4.460406160207007198e-01 9.839093661385275302e-01 1.463804943896624688e-01 8.169494962861419962e-01 1.205768565348611515e-01 1.301207705847012841e-01 6.577422676470558172e-02 1.301337946246264310e-01 6.578203282632091864e-02 4.392697959038596722e-02
4.337346326044865252e-01 5.291713923078854576e-01 9.839873819257340948e-01 1.464469908830714484e-01 8.131910611924061394e-01 1.200601804065515588e-01 1.296148121073801840e-01 6.551902516975539881e-02 1.296221906596408402e-01 6.552339359795764095e-02 4.360097772413468187e-02
4.577769523359370707e-01 5.475288752442559748e-01 9.839142040621499108e-01 1.463801073447971168e-01 8.169653349415432197e-01 1.205789726338349493e-01 1.301353892223481579e-01 6.578260755207956945e-02 1.301370382353206068e-01 6.578358420136923290e-02 4.392832848656815642e-02
5.073145266755927363e-01 5.438920932553318321e-01 9.838731238504145882e-01 1.463433878351577677e-01 8.190401149981343387e-01 1.208641629556123226e-01 1.304198648595776000e-01 6.592651948690368691e-02 1.304199443358310950e-01 6.592656655868622817e-02 4.410822172315276291e-02
5.306183202453172987e-01 5.818610215441875066e-01 9.838709874616525797e-01 1.463414769651978364e-01 8.191479359093125634e-01 1.208789838056246180e-01 1.304346448744324038e-01 6.593399620527858052e-02 1.304346453966663821e-01 6.593399651457010346e-02 4.411758347669032104e-02
