3.696587363604733611e-01 2.754107589410438317e-01 9.839227434095600966e-01 1.463415256526403863e-01 8.191478370269285048e-01 1.208789920634489728e-01 1.304671212478756281e-01 6.595414100079789732e-02 1.304446358304287290e-01 6.594039837224320577e-02 4.411897018363477446e-02
3.533577747746367015e-01 3.019364778897438706e-01 9.838885831324699627e-01 1.463417113754280352e-01 8.191409987064679488e-01 1.208787931071243493e-01 1.304184809163821124e-01 6.592571892972934333e-02 1.303939125630320939e-01 6.591221483445838802e-02 4.411755595895699295e-02
3.390478949001898279e-01 3.260212003692736782e-01 9.838624727512502721e-01 1.463415154753465730e-01 8.191468996128051794e-01 1.208791108918922247e-01 1.303804735058408659e-01 6.590331709009916716e-02 1.303620444528509337e-01 6.589455065843574655e-02 4.411683708728662140e-02
3.333865743621614586e-01 3.423997817324770376e-01 9.838648112789368794e-01 1.463415937601341699e-01 8.191435358492032970e-01 1.208787970740269890e-01 1.303860563601432487e-01 6.590592875204134837e-02 1.303988974988443406e-01 6.591499771160524990e-02 4.411707015600321163e-02
2.840948199819694486e-01 4.531773334689788157e-01 9.838533120217493044e-01 1.463467273049437190e-01 8.188535911773191511e-01 1.208386380604418719e-01 1.303304847543732825e-01 6.587621542708907429e-02 1.303864804469412053e-01 6.590988526128417624e-02 4.409218344742638074e-02
2.626203284369472701e-01 5.833937570303714404e-01 9.839379009153841338e-01 1.464471591176463305e-01 8.131849449560145660e-01 1.200593413658801595e-01 1.295153402991242042e-01 6.546131823497297608e-02 1.296149604497542629e-01 6.552029494389131903e-02 4.360040030098176478e-02
3.728251855281027871e-01 5.738078775495183415e-01 9.841760890775357318e-01 1.466278687707029127e-01 8.029755266321229046e-01 1.186560007283282980e-01 1.281876090562535653e-01 6.479505230239170077e-02 1.282277936745181979e-01 6.481883574088632971e-02 4.271512571660272817e-02
4.265504129492889152e-01 5.685671065967106141e-01 9.839881345234371413e-01 1.464464890893157067e-01 8.132143120164737615e-01 1.200633739090798680e-01 1.296204128839591740e-01 6.552203840553708081e-02 1.296255311049435976e-01 6.552507030070123251e-02 4.360309499789882109e-02
4.656408645840344196e-01 6.059846063362528401e-01 9.838768218680778999e-01 1.463466951369746527e-01 8.188532958933039119e-01 1.208384835703992383e-01 1.303942488360773089e-01 6.591356064286504890e-02 1.303944707774161438e-01 6.591369209692111986e-02 4.409201785717672267e-02
5.072122169143684633e-01 6.369101429818975202e-01 9.838710084025571456e-01 1.463414987210291396e-01 8.191468406437976135e-01 1.208788329736522893e-01 1.304344953567304621e-01 6.593392061931060977e-02 1.304344968152214568e-01 6.593392148316087886e-02 4.411747423185582995e-02
