3.497064210060145117e-01 2.748624572226451845e-01 9.839431419640880527e-01 1.463414655828447208e-01 8.191488931121820860e-01 1.208791150975657008e-01 1.304868223981622277e-01 6.596623067092213799e-02 1.304435169018983709e-01 6.593957989844240197e-02 4.411768332772648959e-02
3.469519714402434230e-01 2.879782081756149248e-01 9.839220044841616719e-01 1.463416890337981835e-01 8.191453095902281323e-01 1.208786310373508172e-01 1.304581341132440842e-01 6.594931976215262504e-02 1.304207256852508989e-01 6.592696989090503223e-02 4.411712842403430618e-02
3.344897393150324527e-01 3.352103061440931953e-01 9.838645697173356020e-01 1.463414879724450890e-01 8.191485879611550835e-01 1.208790821798644971e-01 1.303723117842860990e-01 6.589809521939632431e-02 1.303788478223460723e-01 6.590361383597055644e-02 4.411701990910908699e-02
3.231253764370020098e-01 3.647588493118208430e-01 9.838606588158170796e-01 1.463415109267036940e-01 8.191480767792912454e-01 1.208789801745413783e-01 1.303510090002334421e-01 6.588465067242360584e-02 1.304106076519910840e-01 6.592102740156824403e-02 4.411740720374614233e-02
2.717610166176877562e-01 5.210488668813094693e-01 9.838310428473809877e-01 1.463433730734317595e-01 8.190423403031489302e-01 1.208644579897351912e-01 1.303143768483568665e-01 6.586487215401161388e-02 1.304112883702553127e-01 6.592252323573243034e-02 4.410841581457169286e-02
2.511625063597283103e-01 6.034757161625079469e-01 9.838549177816229285e-01 1.463800490834232526e-01 8.169688551641185459e-01 1.205794566018303371e-01 1.300186602710479700e-01 6.571478819029122342e-02 1.301309693225673192e-01 6.578131967996073137e-02 4.392863581868611256e-02
2.960341010440898923e-01 5.967756405461096536e-01 9.839473775280809242e-01 1.464497324483822194e-01 8.130674459367870366e-01 1.200432026065309937e-01 1.295148678755839722e-01 6.546230799427754654e-02 1.296008291033998727e-01 6.551315977649301014e-02 4.358955483502915257e-02
4.297839182678032111e-01 5.945516113353928045e-01 9.839128532963498097e-01 1.463809081313059424e-01 8.169291198339853066e-01 1.205739989138546603e-01 1.301263723217498669e-01 6.577774500887938192e-02 1.301318755314354036e-01 6.578100243390069823e-02 4.392497895267660074e-02
4.672479330864145464e-01 6.384459922767190543e-01 9.838731170324291897e-01 1.463433917279310659e-01 8.190400180851933332e-01 1.208641496285819406e-01 1.304198349520139522e-01 6.592650310114056555e-02 1.304199305147231425e-01 6.592655970197582038e-02 4.410820307479620256e-02
4.926277782156446294e-01 6.485849594504431437e-01 9.838709823132943955e-01 1.463414763928828355e-01 8.191481841738159630e-01 1.208790176261925475e-01 1.304346797644237166e-01 6.593401390804069784e-02 1.304346803119868226e-01 6.593401423235531467e-02 4.411758348890513354e-02
