3.495352934758023111e-01 2.757483646698410396e-01 9.839421578517872913e-01 1.463414640823447743e-01 8.191489117763499639e-01 1.208791178655409942e-01 1.304856760222243839e-01 6.596553852402006757e-02 1.304428864704793578e-01 6.593922653215961160e-02 4.411769833524922801e-02
3.713855041857953010e-01 2.759839453153227207e-01 9.839166795447741309e-01 1.463414654660409042e-01 8.191488852151542766e-01 1.208791141752426218e-01 1.304658666467042871e-01 6.595326844108186093e-02 1.304467635576268547e-01 6.594160110501524896e-02 4.411946805692604917e-02
4.018592509744559060e-01 2.730982444581704915e-01 9.838849899369621621e-01 1.463414653594959647e-01 8.191488832724375113e-01 1.208791139852627150e-01 1.304431438829490586e-01 6.593920955466218981e-02 1.304524374991113678e-01 6.594516746964579346e-02 4.412198127225634703e-02
4.285290740561806255e-01 2.607004351763302363e-01 9.838879976875141153e-01 1.463414727615534872e-01 8.191486651267133601e-01 1.208790879276828711e-01 1.304096067604524900e-01 6.591997404153186746e-02 1.304276646421640429e-01 6.593162489584832031e-02 4.411962014052751846e-02
4.497639434072643327e-01 2.475718757938159265e-01 9.838885812347851756e-01 1.463414650203191947e-01 8.191488982273641417e-01 1.208791176801713718e-01 1.303759746910172213e-01 6.590045442043768187e-02 1.304068269640376865e-01 6.592026675018998472e-02 4.411761479034697481e-02
4.763649344839252509e-01 2.371642462980743660e-01 9.839188472914454087e-01 1.463415033007693100e-01 8.191479516393448401e-01 1.208789882450283376e-01 1.304284522860156559e-01 6.593124164004016130e-02 1.304196789236146403e-01 6.592674737792654505e-02 4.412011097306296759e-02
5.072348981040574190e-01 2.206061609243505639e-01 9.839568404769148957e-01 1.463415018652464983e-01 8.191479718265021193e-01 1.208789885491938221e-01 1.305006119332228209e-01 6.597361089693097591e-02 1.304391758020926328e-01 6.593682425715556572e-02 4.412213309993734400e-02
5.122560797296598079e-01 2.008982481687276445e-01 9.839517502114932812e-01 1.463415576091998405e-01 8.191464447368661528e-01 1.208787781511474202e-01 1.304984309755810590e-01 6.597260443979111044e-02 1.304389006509145965e-01 6.593670769341687665e-02 4.411966473385654786e-02
4.788466253480268553e-01 1.053074004810990311e-01 9.839643113301357324e-01 1.463415241687471557e-01 8.191469842931429213e-01 1.208788529551430152e-01 1.304084895027368129e-01 6.591877557124253828e-02 1.304348816575816028e-01 6.593428299011322435e-02 4.411772984004208586e-02
4.597390433234535001e-01 7.257267418634384681e-02 9.839690016455816535e-01 1.463414755018375979e-01 8.191485279307006984e-01 1.208790650766218000e-01 1.303716660595807542e-01 6.589667623337903957e-02 1.304344093634714763e-01 6.593389941864581660e-02 4.411764700345127688e-02
