3.455963025345201722e-01 3.036393853755793848e-01 9.839000324977553724e-01 1.463414675282932176e-01 8.191487778682288168e-01 1.208790992893104127e-01 1.304404998927271575e-01 6.593842956973197666e-02 1.304145478171533368e-01 6.592340029788035238e-02 4.411753035462990385e-02
3.566760229366330859e-01 3.106888970257860039e-01 9.838887742056838803e-01 1.463414909740570480e-01 8.191481053329279227e-01 1.208790193763644855e-01 1.304399732743627138e-01 6.593762649398562936e-02 1.304360056456255468e-01 6.593581306535288566e-02 4.411823382786012743e-02
3.929614028463458419e-01 2.914427030442369171e-01 9.838934635901350756e-01 1.463423144286732924e-01 8.191232517570453675e-01 1.208760580220706038e-01 1.304396895779995902e-01 6.593754208218526036e-02 1.304441627764065526e-01 6.594059314184712306e-02 4.411821552750898323e-02
4.315668370444538660e-01 2.723743457577659788e-01 9.839122286697750130e-01 1.463443219187096356e-01 8.190595750884079873e-01 1.208690163375790161e-01 1.304189101299334796e-01 6.592656431303528519e-02 1.304207350087526196e-01 6.592773289479482435e-02 4.411284950386629850e-02
4.659581049261313779e-01 2.553997429414011089e-01 9.839057972328821844e-01 1.463420040283210655e-01 8.191327129190187906e-01 1.208771860350580651e-01 1.304005650657058257e-01 6.591519256722039311e-02 1.304176049764638745e-01 6.592559056544157470e-02 4.411782271678484774e-02
5.035900776355777264e-01 2.456464422116966806e-01 9.839067773093879143e-01 1.463426312092988291e-01 8.191195226757592707e-01 1.208750933430588620e-01 1.304228501900824844e-01 6.592799081588732180e-02 1.304256831630049296e-01 6.592958918118060896e-02 4.411634374809880049e-02
5.153661914507463582e-01 2.143157594565637813e-01 9.839398970926630517e-01 1.463436476142338238e-01 8.190942877586557813e-01 1.208715936161773030e-01 1.304797136040990180e-01 6.596206916985801472e-02 1.304309545753057631e-01 6.593259595854568389e-02 4.411445679482089988e-02
5.196538326049656709e-01 1.941663272965862275e-01 9.839424791986171037e-01 1.463416389172283449e-01 8.191442884234261257e-01 1.208784814049478767e-01 1.304974578549830677e-01 6.597227361886694175e-02 1.304381926033315597e-01 6.593635544493431366e-02 4.411769778854374158e-02
5.137972622931014088e-01 1.536748227966952818e-01 9.839530325100296348e-01 1.463416978352659048e-01 8.191413313619633207e-01 1.208780754047962952e-01 1.304601752995671049e-01 6.594991407038257314e-02 1.304345617225552145e-01 6.593430218277086807e-02 4.411734310941178849e-02
4.814500503847650159e-01 8.286291963995490173e-02 9.839674779460698684e-01 1.463416211341112827e-01 8.191405243590536012e-01 1.208779627833735937e-01 1.303818106177591640e-01 6.590281314275840685e-02 1.304316136128046144e-01 6.593248231793905068e-02 4.411703581363850268e-02
