3.424210590023540335e-01 3.251989148692903675e-01 9.838682248168469924e-01 1.463414719289832244e-01 8.191486167101031945e-01 1.208790769254349390e-01 1.304081739184385913e-01 6.591890609959402680e-02 1.303962571683904559e-01 6.591307627613636477e-02 4.411747026357538265e-02
3.479879924073427944e-01 3.297363913867900620e-01 9.838738568593246026e-01 1.463415414021635164e-01 8.191467208275576839e-01 1.208788251172477624e-01 1.304267273929627935e-01 6.592957336221753895e-02 1.304320944191688092e-01 6.593371750372804818e-02 4.411752002492446562e-02
3.657407684564731865e-01 3.275064908206933856e-01 9.839066425963537421e-01 1.463624816411132346e-01 8.185213848161092542e-01 1.208049260591139568e-01 1.303628888272536923e-01 6.589803665899929275e-02 1.303680229829186632e-01 6.590175046941484926e-02 4.407074424524656808e-02
4.281084551665406135e-01 3.044672345581043715e-01 9.840500354223016277e-01 1.465141848729034912e-01 8.135271329547928421e-01 1.202876487588853821e-01 1.298486828688124595e-01 6.563821718888179779e-02 1.298517758936444666e-01 6.563961440626955857e-02 4.374380743866825016e-02
5.042159474303796740e-01 2.599527402368942974e-01 9.839200013421346425e-01 1.463630021872583953e-01 8.184541847164700235e-01 1.208056726084973248e-01 1.303504295648271472e-01 6.589094814388228583e-02 1.303607817415143311e-01 6.589668647758945008e-02 4.407147315374505131e-02
5.228174510909415762e-01 2.505797435594699363e-01 9.838939342313938186e-01 1.463421499656121783e-01 8.191308392796774474e-01 1.208766944104986696e-01 1.304216256730682255e-01 6.592673415604406728e-02 1.304322794650762674e-01 6.593280791598235546e-02 4.411613645759962510e-02
5.244439672476809422e-01 2.317360407487262519e-01 9.839189525260306768e-01 1.463648831677738238e-01 8.185509114057522018e-01 1.207967363128632510e-01 1.303641238898201882e-01 6.589977522283524403e-02 1.303546300581109596e-01 6.589370771069301413e-02 4.406283293101924403e-02
5.330977206503859644e-01 1.965834507405308795e-01 9.839395027219663969e-01 1.463514919538390080e-01 8.188928597946451005e-01 1.208438417854575953e-01 1.304451642259593647e-01 6.594414947953596007e-02 1.304023966500071074e-01 6.591810211144082110e-02 4.409421380841248295e-02
6.544999964991703445e-01 1.766339851778468695e-01 9.839258276235957057e-01 1.463429220656933538e-01 8.190246603514549362e-01 1.208619990407785033e-01 1.304271089544136730e-01 6.593156231314886706e-02 1.304063467600329873e-01 6.591967350872730835e-02 4.410641579268238105e-02
8.343489961660376375e-01 1.607435357969937140e-01 9.838901479514809978e-01 1.463418319792437472e-01 8.189460898200409122e-01 1.208511727304257544e-01 1.303628443251605706e-01 6.589387195509444073e-02 1.303736624931106369e-01 6.590248783072774619e-02 4.409907173627555799e-02
