3.397029955780588861e-01 3.306206958579515076e-01 9.838666843980857779e-01 1.463415051933523447e-01 8.191473908766067069e-01 1.208789297191550510e-01 1.303948248771437390e-01 6.591109961417901397e-02 1.303937446694895530e-01 6.591183504941405813e-02 4.411725871399242715e-02
3.411296621446819888e-01 3.394143887771421397e-01 9.838734462020793936e-01 1.463437207646516303e-01 8.190798582044741538e-01 1.208711292841462420e-01 1.303943416558577539e-01 6.591098781940292473e-02 1.304211599993044257e-01 6.592786097409496227e-02 4.411256140124742570e-02
3.583734829775124253e-01 3.405044283596945776e-01 9.840396132321799216e-01 1.465609109498117180e-01 8.120826169841358633e-01 1.201511514895750310e-01 1.296924973472651788e-01 6.555701363622831734e-02 1.297163047420388238e-01 6.557177159714459858e-02 4.365280654488780387e-02
4.392874526977472160e-01 3.228671787171555896e-01 9.848264434045830296e-01 1.475699393419025451e-01 7.767580314471482783e-01 1.165754324483543186e-01 1.261706210377510351e-01 6.377799328349037511e-02 1.262474959831776933e-01 6.381727746870534401e-02 4.142944893961220815e-02
5.074130465464692374e-01 2.740909937278883102e-01 9.840703408692126342e-01 1.465525960727562249e-01 8.118078965922340684e-01 1.201585547711532392e-01 1.297143533306809871e-01 6.556941659232190522e-02 1.297463243262980404e-01 6.558602784539051267e-02 4.367159042132036373e-02
5.263603149168090134e-01 2.555915893484817514e-01 9.839013142543026058e-01 1.463551103929540964e-01 8.187484771859853128e-01 1.208285389640333662e-01 1.303736877762702584e-01 6.590246187205003880e-02 1.303841090533659486e-01 6.590844180381565109e-02 4.408435069468631673e-02
5.535056019544983830e-01 2.548582269188582883e-01 9.839587065437700453e-01 1.464555202793770827e-01 8.159526723542461779e-01 1.204389586954492247e-01 1.299882136672934341e-01 6.570767452774274597e-02 1.299959893676580769e-01 6.571223547497308248e-02 4.382431494216979667e-02
7.181192778299241297e-01 2.123709536237606277e-01 9.839374819162587382e-01 1.463782753913409340e-01 8.180863914731293374e-01 1.207326505012046303e-01 1.302841343048908584e-01 6.585829310893125121e-02 1.302863000536845783e-01 6.585911261704742448e-02 4.401986968203031036e-02
8.410885829726678642e-01 1.916916239343916251e-01 9.838940548778464246e-01 1.463415192296523004e-01 8.191280000422833663e-01 1.208762365725221527e-01 1.304037264665507678e-01 6.591654547531433650e-02 1.304149205983296256e-01 6.592374963158403878e-02 4.411572866066965082e-02
8.756039835414151096e-01 1.731121456346739473e-01 9.838776100969758298e-01 1.463414585626736653e-01 8.191458505174367133e-01 1.208786959829280250e-01 1.303891620470976342e-01 6.590718999453919202e-02 1.304005012631601901e-01 6.591598314981109152e-02 4.411736578932117653e-02
