3.118923446649475295e-01 3.861433349417879857e-01 9.838653161897095156e-01 1.463437254527452103e-01 8.190288176490501115e-01 1.208626423973161307e-01 1.303302552538292136e-01 6.587368293320465529e-02 1.304054613209898184e-01 6.591892094841257654e-02 4.410713097671342675e-02
3.135581025939169764e-01 3.750416167862967165e-01 9.838728792453123040e-01 1.463468493167429385e-01 8.188792134942975975e-01 1.208430347019054246e-01 1.303101874826191053e-01 6.586322560957874606e-02 1.303895639715257349e-01 6.591104516873200203e-02 4.409482898360005121e-02
3.604587031167927891e-01 3.876066255399762128e-01 9.839251113273873584e-01 1.464176656512426733e-01 8.165978087138104913e-01 1.206209801593519093e-01 1.301189778656220708e-01 6.576910097737999339e-02 1.301732662030057885e-01 6.580174225234457219e-02 4.395234056117283683e-02
4.593313901075570804e-01 4.153574517806835620e-01 9.840158750854089975e-01 1.465334360418891202e-01 8.127378102751313671e-01 1.202493939276021578e-01 1.298083209842448571e-01 6.561707491784639357e-02 1.298140871390652817e-01 6.562026943422935576e-02 4.371626486890142077e-02
4.952150853703007338e-01 3.804634950468764321e-01 9.839690678858539208e-01 1.464446286282114207e-01 8.154845327461759386e-01 1.205208316123071444e-01 1.300759823325864928e-01 6.575240299643668462e-02 1.300970928093081180e-01 6.576332445464783127e-02 4.390037138393072108e-02
6.131406173131329629e-01 3.213114499314809192e-01 9.838837310912679213e-01 1.463488217386057777e-01 8.189121880760771299e-01 1.208502460562353581e-01 1.303633988384029219e-01 6.589521823357413766e-02 1.303766098654781380e-01 6.590439607790259113e-02 4.409667472156068857e-02
6.534926248512110680e-01 3.184308927279476675e-01 9.838748427884991266e-01 1.463423227128878290e-01 8.191211310591761663e-01 1.208752907736601878e-01 1.303762178481744083e-01 6.590097454051513370e-02 1.303912888332774966e-01 6.591174056692684913e-02 4.411170844665634333e-02
7.664632059306454304e-01 2.515239200119540053e-01 9.838955305085278491e-01 1.463420309398817676e-01 8.191158323078874259e-01 1.208745607925952453e-01 1.304003400242578770e-01 6.591525604086001522e-02 1.304146769344492196e-01 6.592387407862786153e-02 4.411331913661265675e-02
8.354543134129783777e-01 2.090578010183038737e-01 9.839036540951257015e-01 1.463414618090686514e-01 8.191482074818502435e-01 1.208790207393683341e-01 1.304174007469242336e-01 6.592482417160121233e-02 1.304307731807725079e-01 6.593210603815127802e-02 4.411755349770959261e-02
8.567142803787550775e-01 1.927888569648883998e-01 9.838921987019744186e-01 1.463414346489770035e-01 8.191272602259985769e-01 1.208761347494698435e-01 1.304025427172551543e-01 6.591583558424077283e-02 1.304146700074134135e-01 6.592361900295401478e-02 4.411565610375173946e-02
