2.576799939997265199e-01 5.493417912208505838e-01 9.838624879999960937e-01 1.463753183104981315e-01 8.172793881926877502e-01 1.206221583824777233e-01 1.300744218400713692e-01 6.574376584224890518e-02 1.301706516530218294e-01 6.580087988164468049e-02 4.395464911963946342e-02
2.779593905196545145e-01 4.554324879421457473e-01 9.839431288994557878e-01 1.464237680154450716e-01 8.145931788874782864e-01 1.202530116211354694e-01 1.297368400070073868e-01 6.557478722619958234e-02 1.298009212097138709e-01 6.561324261979800676e-02 4.372076405679352351e-02
3.954949133732993394e-01 4.317539598681285340e-01 9.839082992951079243e-01 1.463788662736392188e-01 8.171414986242262479e-01 1.206059191565100330e-01 1.301391710022356263e-01 6.578245519982557632e-02 1.301587188520870464e-01 6.579426949401985525e-02 4.394414334210248324e-02
4.625926913938054885e-01 4.321330700940519409e-01 9.838734619482608634e-01 1.463440458031938229e-01 8.190359262928538220e-01 1.208647292386299810e-01 1.304198745569273843e-01 6.592647232693611692e-02 1.304203548215606967e-01 6.592676190020700655e-02 4.410855958780238173e-02
4.957958543614588431e-01 4.192409996193544597e-01 9.838734275216427516e-01 1.463430753344935609e-01 8.190955065832653537e-01 1.208736089079532477e-01 1.304253648947115152e-01 6.592904980374714174e-02 1.304265239144247468e-01 6.592985727644375127e-02 4.411402418048093743e-02
6.302866589186365553e-01 3.389262301433519919e-01 9.838725943478145997e-01 1.463414770149307487e-01 8.191459950929468325e-01 1.208787247255480451e-01 1.303857292096612386e-01 6.590615293780059669e-02 1.303987572398520867e-01 6.591554650424823192e-02 4.411439141819969295e-02
6.527315364258864383e-01 3.237262298964238005e-01 9.838722323291727578e-01 1.463414543154012704e-01 8.191483805336212676e-01 1.208790438224157937e-01 1.303791783478255861e-01 6.590243095034793719e-02 1.303932033718766814e-01 6.591265133149108724e-02 4.411384310491980182e-02
6.971537574509544255e-01 2.970611666888655078e-01 9.838801705608336556e-01 1.463405306242949455e-01 8.191070989298417926e-01 1.208733765425127893e-01 1.303826664782347378e-01 6.590491524715363925e-02 1.303969212263882405e-01 6.591468184770980787e-02 4.411103575273733063e-02
8.433559151795325670e-01 2.198606658022015381e-01 9.838981136102216141e-01 1.463406409972765609e-01 8.190568509621811710e-01 1.208664541732630548e-01 1.304095285001015403e-01 6.592102312560431387e-02 1.304186932290447021e-01 6.592604619892532269e-02 4.410901240332682632e-02
8.901561516491844905e-01 2.184125012506249741e-01 9.838886693330191058e-01 1.463414483644639164e-01 8.191246528256094228e-01 1.208757767214827666e-01 1.304230269230526318e-01 6.592785730901726260e-02 1.304264606213908495e-01 6.592999604351090781e-02 4.411541693244561135e-02
