2.532827442275919494e-01 5.996602928573401270e-01 9.838883623988931015e-01 1.464093323553372905e-01 8.153285907624112649e-01 1.203539997076620710e-01 1.297963996772354134e-01 6.560263130146594401e-02 1.299064698123714168e-01 6.566770584566966606e-02 4.378610501525673909e-02
3.013753929837694190e-01 5.662942893844726822e-01 9.840867214104391802e-01 1.465675336864933065e-01 8.065722642327182168e-01 1.191504750501543447e-01 1.286417319985125873e-01 6.502179931806811863e-02 1.287133594878898668e-01 6.506424916604200415e-02 4.302284312251820897e-02
4.149751331095261064e-01 5.365181515193410133e-01 9.839599053024854491e-01 1.464242747369872699e-01 8.145533743384026915e-01 1.202474775645295119e-01 1.297992532318090753e-01 6.561211594348845266e-02 1.298068750724558351e-01 6.561666302138229045e-02 4.371735212902275181e-02
4.584470306179481702e-01 4.890383762366220521e-01 9.838755435629664703e-01 1.463456583448201342e-01 8.189171064141067546e-01 1.208472789561005900e-01 1.304028664088310863e-01 6.591790655326619508e-02 1.304031278537949312e-01 6.591806211889726652e-02 4.409747938661551930e-02
5.107428668919717918e-01 4.652729171132454766e-01 9.838711946656540919e-01 1.463415333733189549e-01 8.191449818674995109e-01 1.208785912135141999e-01 1.304320783063698252e-01 6.593255909145692706e-02 1.304326821974117478e-01 6.593298410090499273e-02 4.411730079014477418e-02
6.120778754575130209e-01 3.819476237179417200e-01 9.838724107642083938e-01 1.463410209475889956e-01 8.191278001228405881e-01 1.208762058719561605e-01 1.303971403976663668e-01 6.591280815977006158e-02 1.304065562323003802e-01 6.591957851891352971e-02 4.411374380849926446e-02
6.505260955107837750e-01 3.312752902176247516e-01 9.838740643776020534e-01 1.463394326479086904e-01 8.190665189556883830e-01 1.208678032736385938e-01 1.303692148240904181e-01 6.589744043309768429e-02 1.303833423693591120e-01 6.590767911729791817e-02 4.410666122445136561e-02
6.928469592173396308e-01 3.141783701094944536e-01 9.839143690529150721e-01 1.462947951443034633e-01 8.171561786190303378e-01 1.206055335757255376e-01 1.301130074310655749e-01 6.576828541101822911e-02 1.301242956569365061e-01 6.577663939361372281e-02 4.393072202193853276e-02
9.003182004451906195e-01 2.262251732306288510e-01 9.838889260005453385e-01 1.463359368542042072e-01 8.188725279837875126e-01 1.208411539222954689e-01 1.303898885880772351e-01 6.591108438355743060e-02 1.303904427796944154e-01 6.591175003949537037e-02 4.409202979219452312e-02
9.134989208201778066e-01 2.225232422282412137e-01 9.838802562570456711e-01 1.463414574955964609e-01 8.191486540179553355e-01 1.208790822828118977e-01 1.304304936939613135e-01 6.593175021463699992e-02 1.304283139906915745e-01 6.593097517304039035e-02 4.411762159968125874e-02
