3.120704278013202715e-01 6.169797421569451767e-01 9.838673014130718819e-01 1.463766430630625559e-01 8.172017421664646841e-01 1.206114863747030919e-01 1.300854425737355269e-01 6.575125765141577594e-02 1.301645656550647900e-01 6.579802771430239006e-02 4.394791806320114819e-02
3.935587255753998370e-01 5.796568740584622237e-01 9.839513668800061730e-01 1.464248868606316256e-01 8.145054243320707377e-01 1.202408756466570028e-01 1.297754767161835854e-01 6.559885884499236375e-02 1.298002009435605952e-01 6.561348090317226101e-02 4.371346909787186819e-02
4.272703049010083687e-01 5.615096455246695317e-01 9.838918301912991105e-01 1.463603837082859960e-01 8.180822763083901439e-01 1.207325036081008107e-01 1.302880037466247753e-01 6.585977288915810524e-02 1.302892798348152803e-01 6.586052871509998075e-02 4.402511159540164337e-02
4.638334120532045524e-01 5.425863777168893343e-01 9.838722084610184160e-01 1.463425829918458820e-01 8.190861936948590216e-01 1.208704966507414824e-01 1.304261714318940280e-01 6.592970903356408507e-02 1.304262245262837461e-01 6.592974045782719339e-02 4.411220532168019792e-02
5.239638812291681491e-01 5.132558280914980564e-01 9.838709921036475903e-01 1.463414779025410395e-01 8.191477975321235228e-01 1.208789629617970790e-01 1.304345839790431172e-01 6.593396281506284928e-02 1.304345931560070837e-01 6.593396893782806079e-02 4.411760373969113302e-02
5.599899758715447540e-01 4.930876190482326171e-01 9.838713563761667391e-01 1.463409630670282346e-01 8.191283466965407767e-01 1.208762862245939956e-01 1.304301677004862381e-01 6.593161174219065723e-02 1.304299565353974899e-01 6.593153995173682558e-02 4.411586152134851918e-02
7.594287778444371861e-01 4.134818824250643954e-01 9.838890782563024517e-01 1.463103870844810472e-01 8.180941639899692586e-01 1.207341777341004313e-01 1.302726251063822949e-01 6.585066188789950870e-02 1.302456456212367497e-01 6.583500170943173968e-02 4.401724629996772026e-02
9.156351711141661465e-01 3.823059586233930607e-01 9.839097141893446974e-01 1.462749031107878073e-01 8.169304571507576274e-01 1.205742357486539046e-01 1.301136577167330000e-01 6.577007303999407584e-02 1.300582553473971781e-01 6.573731584428911534e-02 4.390775819281161202e-02
9.318683724981283722e-01 2.923397969759412018e-01 9.838898037980946532e-01 1.463214490376996413e-01 8.184639080872300188e-01 1.207849803852312359e-01 1.303325239443924588e-01 6.588173183356185736e-02 1.303140845507349266e-01 6.587097129908464632e-02 4.405271725192934362e-02
9.334714346552014375e-01 2.504303711174865055e-01 9.838799491328003022e-01 1.463411451043626077e-01 8.191379749481538797e-01 1.208776143213965149e-01 1.304290615306415990e-01 6.593100763531090092e-02 1.304282706270918357e-01 6.593085288339392558e-02 4.411660637236209520e-02
