4.538811608642246975e-01 6.481647450855361203e-01 9.838707490011535661e-01 1.463432861438491439e-01 8.190482144667620146e-01 1.208652771329840059e-01 1.304166679909210813e-01 6.592458480032961643e-02 1.304208109790917780e-01 6.592703308576305932e-02 4.410886388862483853e-02
4.672777624563623222e-01 6.245243124793797840e-01 9.838750683490133930e-01 1.463457519721094724e-01 8.189106629541270665e-01 1.208463707148940275e-01 1.304009097570628661e-01 6.591684147948508044e-02 1.304022237814396468e-01 6.591761836592287260e-02 4.409689908870566971e-02
4.549887347014224259e-01 5.816377619420947109e-01 9.838725396331045037e-01 1.463429130112310905e-01 8.190681770063747980e-01 1.208680206855559242e-01 1.304236559074981594e-01 6.592843318906829730e-02 1.304237669434575864e-01 6.592849890061239226e-02 4.411062454051930398e-02
4.982180913635706476e-01 5.354807355025631432e-01 9.838710414336354626e-01 1.463415283860524940e-01 8.191452315754639280e-01 1.208786117174277114e-01 1.304342742199841310e-01 6.593380872236036250e-02 1.304342773284769275e-01 6.593381056133541807e-02 4.411733514071636275e-02
5.261044542974477878e-01 5.140752572911477802e-01 9.838709714535287532e-01 1.463414643686257455e-01 8.191487291139145643e-01 1.208790922781321359e-01 1.304347530903735841e-01 6.593405087953166377e-02 1.304347484959132442e-01 6.593404814216836940e-02 4.411764313357974254e-02
5.467213178562210230e-01 5.059089978778765762e-01 9.838714173576423860e-01 1.463405126139067369e-01 8.191182551667679501e-01 1.208749020468776053e-01 1.304301786545574438e-01 6.593169800560391702e-02 1.304286474935540119e-01 6.593079008728998380e-02 4.411476683560097006e-02
8.589845183860085331e-01 4.117041613408790046e-01 9.838933742083600942e-01 1.462962882079602844e-01 8.177536709320666342e-01 1.206872751328901261e-01 1.302307860340361778e-01 6.582961943437443120e-02 1.301807350186078849e-01 6.579992924148257705e-02 4.398442696901862237e-02
9.366982990782135587e-01 3.862068004094343920e-01 9.838891310149648906e-01 1.463019921773762444e-01 8.179320062248511825e-01 1.207117943998493315e-01 1.302533403813161961e-01 6.584084096260661711e-02 1.301949586871610776e-01 6.580619881385404990e-02 4.400001038301681877e-02
9.770299951593010013e-01 3.447250428969492186e-01 9.838706445451778082e-01 1.463398876683578709e-01 8.191003180906217818e-01 1.208724358315349939e-01 1.304246206797481100e-01 6.592858249480369748e-02 1.304111486040711032e-01 6.592058721903569507e-02 4.411202804258902710e-02
9.884325827134295972e-01 3.331603671089430341e-01 9.838709845506203866e-01 1.463414365792794491e-01 8.191480069009935416e-01 1.208789928611952863e-01 1.304345289581598788e-01 6.593392626352397035e-02 1.304341130875761035e-01 6.593368203397564908e-02 4.411761579258904192e-02
