4.831008825147790064e-01 6.503038784244785653e-01 9.838709626895890681e-01 1.463414763166182575e-01 8.191482232927693730e-01 1.208790228519579096e-01 1.304346479114214252e-01 6.593399504621733076e-02 1.304346835921119385e-01 6.593401613733820832e-02 4.411758542434372071e-02
4.987424308764630276e-01 6.459243248809065641e-01 9.838709913209806590e-01 1.463414864648756863e-01 8.191476007355696920e-01 1.208789373062119643e-01 1.304345942026926553e-01 6.593397021960806237e-02 1.304346003483118355e-01 6.593397385338707617e-02 4.411753498266933471e-02
5.122991689082485589e-01 6.287765948617934919e-01 9.838709840443575771e-01 1.463414745782358473e-01 8.191481247729582860e-01 1.208790096529060998e-01 1.304346708804276778e-01 6.593400938923336951e-02 1.304346717764100771e-01 6.593400991942331701e-02 4.411759347738395537e-02
5.297201128114465973e-01 5.662186102244678443e-01 9.838709747558634922e-01 1.463414644690428645e-01 8.191486087993846699e-01 1.208790761985111123e-01 1.304347375527958319e-01 6.593404314325845839e-02 1.304347375835941680e-01 6.593404316142367771e-02 4.411764378882499643e-02
5.296833612682056991e-01 5.172180869689462224e-01 9.838709712186395340e-01 1.463414610614997835e-01 8.191487237076352512e-01 1.208790916757480211e-01 1.304347526061965523e-01 6.593405064698189266e-02 1.304347480721585184e-01 6.593404795763664616e-02 4.411763865726647110e-02
5.419834282833901895e-01 5.082179851904897738e-01 9.838714231669503096e-01 1.463405082217039965e-01 8.191190356892917857e-01 1.208750097621989900e-01 1.304303498284295482e-01 6.593179069607607579e-02 1.304290748722585769e-01 6.593103451256716874e-02 4.411480720820281504e-02
8.082222758748428548e-01 4.273106355018294611e-01 9.838838093214303804e-01 1.463128930793839155e-01 8.182680825894776966e-01 1.207580043760201199e-01 1.303027627548445921e-01 6.586617129946789606e-02 1.302607208897627322e-01 6.584123691066068318e-02 4.403261988233631713e-02
9.522728160929191388e-01 3.701938360024331076e-01 9.838876967344653002e-01 1.463072424244612479e-01 8.180942549803331687e-01 1.207341030545632105e-01 1.302800910348155816e-01 6.585481674963505894e-02 1.302399269073710175e-01 6.583098966934229634e-02 4.401669719101367756e-02
9.866153133808389653e-01 3.359068325108686137e-01 9.838706984858599514e-01 1.463414360117499813e-01 8.191479956431046983e-01 1.208789913275650219e-01 1.304338622573229245e-01 6.593352252786040257e-02 1.304309776986264657e-01 6.593180796844821945e-02 4.411742274623688814e-02
9.890802507837417323e-01 3.333828614271775459e-01 9.838709745726932354e-01 1.463414456289258703e-01 8.191482677237530430e-01 1.208790286735742653e-01 1.304346743262021768e-01 6.593400950358710433e-02 1.304346168973038178e-01 6.593397533130526678e-02 4.411764316834133198e-02
