5.494603020621193767e-01 1.799934242217985370e-01 9.502668618241684184e-01 5.657407961619114189e-01 9.047365596174546942e-01
5.506123748787475902e-01 1.696053457967429123e-01 9.686711851927500838e-01 6.186818767222650450e-01 9.281034709318575215e-01
5.760387965640159091e-01 1.819109167622926237e-01 9.132478655283646773e-01 6.995876274495267388e-01 9.232135478597920386e-01
5.927874386747346014e-01 1.931965907222232826e-01 8.674616374173909072e-01 7.376349427746530241e-01 9.122837016021105860e-01
5.905598831803907656e-01 1.940391507184393016e-01 8.450101404548309159e-01 7.175191169422104887e-01 8.912975998253106491e-01
4.564973839111137743e-01 1.546478432433101291e-01 7.306910200221059526e-01 3.739515662092084414e-01 5.631739449947967824e-01
4.142119737831224668e-01 1.417348494452174146e-01 7.048859763454794480e-01 2.760276213187789485e-01 4.685913318381388359e-01
4.019701105433015065e-01 1.418158232148732656e-01 6.839913957461531968e-01 2.814391152458496914e-01 4.343151222830347602e-01
2.322111797348190565e-01 1.449561337122598770e-01 3.648626571629359772e-01 2.700327253708574848e-01 6.593092161064668943e-02
2.222166243187357892e-01 1.451488244514443915e-01 3.459457848838571881e-01 2.671210910357234014e-01 4.645560728089351277e-02
