5.370975271250778560e-01 1.710034481479598412e-01 9.331277828082429338e-01 6.382517219320076318e-01 8.605917807468451697e-01
5.466368322697179316e-01 1.680089021291333029e-01 9.549224711758892425e-01 6.424393870934359541e-01 8.971747018880774638e-01
5.965669685084166174e-01 1.792048317117068412e-01 9.135847452667844593e-01 7.086445138137534849e-01 8.768346404918946346e-01
6.152837235889434542e-01 1.868045259490752341e-01 8.787764692966510971e-01 7.356479557942240399e-01 8.565453385853984969e-01
6.252115917688904068e-01 1.862923117173674037e-01 8.564203258903907434e-01 7.224042269187421761e-01 8.199066330685538251e-01
5.446823292542640749e-01 1.668639828557107185e-01 7.749777368957260215e-01 5.244885100552213464e-01 6.277063636608359865e-01
4.215963851771794557e-01 1.448603304593047703e-01 7.011511601798741111e-01 3.551162700136558104e-01 4.167600324322048300e-01
3.886698620620703815e-01 1.430071369801463321e-01 6.643547489401313566e-01 4.361081546525723551e-01 2.580904708530148972e-01
3.100287555924512994e-01 1.437799877584864661e-01 5.123800113918735022e-01 4.234894143954284207e-01 1.022482539794350165e-01
2.801805986485109146e-01 1.439382988694141163e-01 4.525514676024913752e-01 4.034007864111539554e-01 5.942333127279525451e-02
