5.264235338808364029e-01 1.631386262509197105e-01 9.172339880888860097e-01 7.072941964400479842e-01 8.174256923568395949e-01
5.674461938232402414e-01 1.648648101683083400e-01 9.220047562689521747e-01 7.188277233726854121e-01 7.998433553051949030e-01
6.624080646988791399e-01 1.737999663459235122e-01 9.197792855085862307e-01 7.474129088969845292e-01 7.508412142334254247e-01
6.566316232999960256e-01 1.791917722453346684e-01 9.036026125040602652e-01 7.410514640143464060e-01 7.533254487640356212e-01
6.618232671664028288e-01 1.806700571426198831e-01 8.728427431225485034e-01 7.333912132157596186e-01 7.420997666884631139e-01
6.393561966517165018e-01 1.810689549950105781e-01 8.317795446633244882e-01 6.974774014837559211e-01 6.893141000462251755e-01
4.429638204129132117e-01 1.540510935252355773e-01 7.121860388295498945e-01 5.477464728297115615e-01 3.085918273228557829e-01
3.844479343775287217e-01 1.439751094643604012e-01 6.606774223937159629e-01 5.044540863932982511e-01 1.877619566561024300e-01
3.609961936607508082e-01 1.428449988176035690e-01 6.095751847854981031e-01 5.250910579154060009e-01 1.284061351494087122e-01
3.393193950967094974e-01 1.426672300124069426e-01 5.613667729699876041e-01 5.418060436369840360e-01 7.405364184931198523e-02
