5.306861951400297928e-01 1.759679663007507611e-01 9.170452709038525718e-01 7.314767073414899512e-01 7.752615888077882822e-01
6.092705192484861865e-01 1.722347622817343715e-01 9.241278261539682681e-01 7.469082016367748489e-01 7.544864425029209620e-01
6.710203987128980918e-01 1.741916833724846403e-01 9.256020941072709007e-01 7.585336306394496741e-01 7.378068852772579067e-01
6.593789733586715718e-01 1.839442483473728851e-01 9.144557316949405434e-01 7.541896767565005044e-01 7.396712912016255581e-01
6.522272357041549729e-01 1.869691720617563113e-01 8.946082193625337631e-01 7.457859793844546781e-01 7.272020298636190372e-01
5.486000217750404140e-01 1.819249005489860238e-01 8.967131326230334265e-01 7.266227870809666145e-01 4.971578752034345738e-01
4.634769010089024310e-01 1.743956201726770128e-01 8.930337877986570527e-01 7.022102362709671253e-01 3.204816030663004689e-01
4.168180434580214810e-01 1.544876939039748209e-01 7.635828754788412942e-01 6.157023411860065298e-01 2.369899275459851906e-01
3.890618728046774111e-01 1.395395007894850437e-01 6.734445440884524459e-01 6.078567786515902682e-01 1.783818531025885001e-01
3.679818952084663031e-01 1.406592413314829981e-01 6.156902616641370951e-01 5.838494548535883011e-01 1.294886185898738717e-01
