5.252576053847223259e-01 1.800634070368175854e-01 9.135012842331944327e-01 7.522759327810982777e-01 7.476890705237754231e-01
5.633686456615929483e-01 1.757609779294946883e-01 9.153749725047962693e-01 7.670537187315975558e-01 7.286680452214737702e-01
6.441604337892986587e-01 1.678529523614239460e-01 9.185426470780563291e-01 7.960490231885715140e-01 6.942296043885027856e-01
6.444959351996778496e-01 1.806703604604931457e-01 9.114071088211879168e-01 7.846787496732481326e-01 7.012745376298002986e-01
6.074560617395065032e-01 1.937922118346216416e-01 8.908278684784584067e-01 7.941566715491780171e-01 6.327972626402645906e-01
4.852274292311318793e-01 1.812701928114505701e-01 9.266558265426750873e-01 7.428137715688236664e-01 3.625200044257606002e-01
4.679075792384645438e-01 1.785033990232916257e-01 9.305559912679085555e-01 7.327832729238723530e-01 3.247198197332123448e-01
4.408216782151263002e-01 1.621465466127531008e-01 8.394560134733090040e-01 6.979430216097145534e-01 2.748556074749587963e-01
4.013953781464481563e-01 1.378190649064703899e-01 7.034925075085201041e-01 6.473119305818214597e-01 2.021956774632994169e-01
4.017702894623116361e-01 1.378262878524046109e-01 6.835029617462804463e-01 6.353307551744663551e-01 2.043363153707824231e-01
