5.140066487765433401e-01 1.687192863807375764e-01 9.050404448348009501e-01 7.651422532857320435e-01 7.463993509744178967e-01
5.625852269664838312e-01 1.655525118389692685e-01 9.073755499435208760e-01 7.962529187321122359e-01 7.019070833120314434e-01
6.197398929351765062e-01 1.613453089646237348e-01 9.092495163913312251e-01 8.365078609585616665e-01 6.494016483370084192e-01
6.160066425283420299e-01 1.730965071452159887e-01 8.970645645801474943e-01 8.428523405098428123e-01 6.352411369015343867e-01
5.913262647226504853e-01 1.967475115080577208e-01 8.737637902031365478e-01 8.372647176473735353e-01 5.952875740437102436e-01
5.215219357425689983e-01 1.870481480113258266e-01 8.995108792869834780e-01 7.854431437075942712e-01 4.479325114720340562e-01
4.674149557721151704e-01 1.772633913378953707e-01 9.188641464773185108e-01 7.415855737621600552e-01 3.285036455801635946e-01
4.397820374729609072e-01 1.598346098910166935e-01 8.152426589445086469e-01 7.267562275205728950e-01 2.864382831166759069e-01
3.849167587543655955e-01 1.374916731841208384e-01 6.846727510658190408e-01 6.529161622674245491e-01 2.101886504974075920e-01
3.537826286002537790e-01 1.358485682788302396e-01 6.496410085356421060e-01 6.350529610076351972e-01 2.087838336197334888e-01
