5.029233852817076578e-01 1.687883607741454128e-01 9.153374168575376668e-01 7.927977657795096667e-01 6.927003869621521925e-01
5.439845890392328576e-01 1.660145166061742505e-01 9.140595616972252424e-01 8.126231165027629766e-01 6.717217445623067107e-01
6.195582520647364699e-01 1.639158282174989212e-01 8.966146544476334412e-01 8.507961799191815500e-01 6.476503300112248507e-01
6.251637058164537519e-01 1.737743072522737187e-01 8.665080529513806695e-01 8.775907695320195323e-01 6.409556421110461644e-01
5.691557376683124003e-01 1.807472811980425642e-01 8.416423552303975431e-01 8.751461973313031661e-01 5.703175546446589417e-01
4.513271622240158099e-01 1.551044853565196613e-01 7.789998606378226720e-01 9.091440038216099806e-01 4.198274915789880213e-01
4.260445405390231866e-01 1.472982940110806882e-01 7.372210477276921470e-01 8.873783057749647929e-01 3.466440877474462057e-01
4.283610464546741547e-01 1.444946859425550456e-01 6.972566900438672555e-01 8.584703446831770668e-01 3.218850252389626743e-01
3.515040014191820328e-01 1.366648075140961260e-01 6.456262304318065581e-01 6.828675058149422661e-01 2.322197010486225788e-01
3.288201010433602356e-01 1.348870078013718610e-01 6.311809229253912967e-01 6.344791275203418568e-01 2.097088522646498032e-01
