4.855627866729282927e-01 1.751395236984356618e-01 9.343868620900636079e-01 8.224558359172967625e-01 6.271189181414009717e-01
4.681806587395139774e-01 1.739530976836969611e-01 9.388266565044588452e-01 8.360270399701077437e-01 6.199101583230343104e-01
5.598263040448766548e-01 1.735456351587954249e-01 8.753363437229774169e-01 8.654495535466991685e-01 6.361316295863665982e-01
6.249154282838872421e-01 1.743776175563125086e-01 8.261957111326554415e-01 8.813139557289487724e-01 6.460758609780619111e-01
5.091825328228035685e-01 1.572720630811867970e-01 7.848717513521042966e-01 9.170098844066417731e-01 4.962333030829434999e-01
4.025078487361858914e-01 1.411473616260092712e-01 7.458543955515428703e-01 9.497304572337331718e-01 3.553332824773592358e-01
4.136007113257449963e-01 1.409556789569338109e-01 7.274615123028539410e-01 9.326018851470808668e-01 3.326652572047879564e-01
4.247326408289681665e-01 1.385131644909380066e-01 7.109972987040255044e-01 9.174716733199187457e-01 3.142056000258101611e-01
3.820680566180502669e-01 1.370966269665849224e-01 6.737579999175384859e-01 8.148061321216224506e-01 2.751642646504053880e-01
3.146005222693258330e-01 1.354461762423465609e-01 6.201655047838933177e-01 6.589675382605546528e-01 2.170711747510029876e-01
