4.311288611288580097e-01 1.733963962187381747e-01 9.391728784678194941e-01 8.390372812811376368e-01 6.204486977475817122e-01
4.360629703345424435e-01 1.730674056783954862e-01 9.447204050835454892e-01 8.468474760240759514e-01 6.116335771929590770e-01
5.100475441383810482e-01 1.768079586654852375e-01 9.268030904484491073e-01 8.599681976577259190e-01 5.829298930361654918e-01
6.296404495615404162e-01 1.827054900662298531e-01 8.889071219682627145e-01 8.793452974360792540e-01 5.357203941683175152e-01
5.125080353900230978e-01 1.639802068474396080e-01 8.151233799793846657e-01 9.204387632077660752e-01 4.286689750580046088e-01
4.104661018989361754e-01 1.479513672708042404e-01 7.527206214019108721e-01 9.527922310132368455e-01 3.312465238263019307e-01
4.184342342658081138e-01 1.420476420883456936e-01 7.322936877834943514e-01 9.392293148450159279e-01 3.081896301474578159e-01
4.211530523068451881e-01 1.368216087527850677e-01 7.154993087317971234e-01 9.325711490148855809e-01 3.093642449741721423e-01
3.087254573647630895e-01 1.386496261082977577e-01 6.231479029023861971e-01 9.451610268942954862e-01 3.090159291884753134e-01
3.522632158560859428e-02 1.442372767777887199e-01 4.026174366551134587e-01 9.777927502125761672e-01 3.060273193891354659e-01
