3.847095833143917010e-01 1.723128768684234757e-01 9.381323565275888621e-01 8.450490611634370319e-01 6.258752321741176683e-01
4.122886085535524825e-01 1.729207611619315021e-01 9.419758375328176614e-01 8.478227604870897105e-01 6.149841027092980417e-01
5.835372892427387326e-01 1.842752899169290415e-01 9.364532161012041334e-01 8.712658685689635973e-01 5.084987472616442350e-01
6.443061859348845344e-01 1.887494439460683515e-01 9.322073547777651736e-01 8.805330596856429937e-01 4.673541023957413221e-01
6.042675800482426585e-01 1.821517711010689211e-01 9.004931772748239194e-01 8.934441034267462944e-01 4.402810598232173023e-01
4.252833253854294560e-01 1.508568208616054562e-01 7.579799497706551925e-01 9.443976685560708795e-01 2.951567525879623677e-01
4.210542616297655028e-01 1.461199190212384424e-01 7.433320288831763989e-01 9.401557208324612391e-01 2.760761102169411729e-01
4.088457657356890929e-01 1.405028344542743335e-01 7.164944022224043474e-01 9.376720978124042372e-01 2.937113878674966205e-01
1.128982373166002168e-01 1.429053191473684536e-01 4.664009454579610692e-01 9.796076815565228912e-01 3.093978351116320469e-01
6.751706152611554150e-03 1.449705563608729708e-01 3.800489404823969020e-01 9.953084170849288981e-01 3.102571944981937224e-01
