4.943966040439451981e-01 6.461261489149983106e-01 9.838709170736644749e-01 1.463414783028004484e-01 8.191481258344580629e-01 1.208790096132199982e-01 1.304345426143677655e-01 6.593393502346633905e-02 1.304346658831390116e-01 6.593400784151826066e-02 4.411757869327394971e-02
4.651497666316616320e-01 6.430182356808793465e-01 9.838682034288551703e-01 1.463422126583866778e-01 8.191100477517574419e-01 1.208737770508654108e-01 1.304226081558825245e-01 6.592740327377076548e-02 1.304291425004996119e-01 6.593126324142888073e-02 4.411420040917506113e-02
3.219329556355043365e-01 6.167547613385943039e-01 9.838382058810789532e-01 1.463499649595699503e-01 8.187075025443585341e-01 1.208184607457160609e-01 1.302939044679866376e-01 6.585688174732325095e-02 1.303706224024648030e-01 6.590220041885692936e-02 4.407851001290179205e-02
2.549408078770718511e-01 6.069283964764875527e-01 9.838216173729816827e-01 1.463533770740728657e-01 8.185294826145822489e-01 1.207939976654346798e-01 1.302304208700550414e-01 6.582188338263564309e-02 1.303443344301972173e-01 6.588917892234170959e-02 4.406274929722250183e-02
2.581535911633901503e-01 5.743666024029170369e-01 9.838288987008528830e-01 1.463528205354812095e-01 8.185610411575295897e-01 1.207983753811644745e-01 1.302443953520056319e-01 6.582951538967823923e-02 1.303468741601978009e-01 6.589017308642411419e-02 4.406555545423124914e-02
3.062726495529857207e-01 4.049360604085442961e-01 9.838615643469288408e-01 1.463435977011803835e-01 8.190459127062265088e-01 1.208657577127280613e-01 1.303527363204858847e-01 6.588680532976248783e-02 1.304044037471988049e-01 6.591807062570884113e-02 4.410905135848652153e-02
3.299207468173032676e-01 3.491804182278351876e-01 9.838665333567131466e-01 1.463418674673409858e-01 8.191347935617685483e-01 1.208784606582087584e-01 1.303730141288901578e-01 6.589806028543380989e-02 1.304022571029442856e-01 6.591652938756178970e-02 4.411699169555820949e-02
3.395330757763788676e-01 3.301772691058342812e-01 9.838676904634964249e-01 1.463421570226035029e-01 8.191295807233475168e-01 1.208782214787918335e-01 1.303901852486707702e-01 6.590869791303820280e-02 1.303863667583093910e-01 6.590799320213826251e-02 4.411660453423320999e-02
3.459261313549152894e-01 3.047182684986739498e-01 9.838985604853164313e-01 1.463431407700633846e-01 8.191155709106899829e-01 1.208759821161152354e-01 1.304305081491508866e-01 6.593297302954140293e-02 1.304052976287329302e-01 6.591863128891051193e-02 4.411532921940642532e-02
3.511440617802280562e-01 2.772102962736068821e-01 9.839380189222785011e-01 1.463421491270290309e-01 8.191372876783897805e-01 1.208776826563896928e-01 1.304798199940032377e-01 6.596215623725500132e-02 1.304397502247841845e-01 6.593759200281396060e-02 4.411682133356491231e-02
