5.050761740760270069e-01 6.254012077192869778e-01 9.838709607412294833e-01 1.463415137855750003e-01 8.191461828843878967e-01 1.208787426362680911e-01 1.304342860139801330e-01 6.593380593322070715e-02 1.304344012871420655e-01 6.593387402835686195e-02 4.411741507368581450e-02
4.650228780676984863e-01 6.097843171468428913e-01 9.838708261481918793e-01 1.463432948627853281e-01 8.190535407474017759e-01 1.208660119423057566e-01 1.304177722489921754e-01 6.592517152673423031e-02 1.304215798079023381e-01 6.592742078704590114e-02 4.410920130237113573e-02
3.837396021266508694e-01 5.853014672313486821e-01 9.838709571802639609e-01 1.463583460054667662e-01 8.182705706096338183e-01 1.207584183161672237e-01 1.302806579834841771e-01 6.585361843846843088e-02 1.303133369692493215e-01 6.587292331304400728e-02 4.403980569423113223e-02
3.086280392991802568e-01 5.904494425362238896e-01 9.838712473210445841e-01 1.463827191874422784e-01 8.170026776423543469e-01 1.205841969967341581e-01 1.300586636272846874e-01 6.573776830484959199e-02 1.301379906583816359e-01 6.578463340464629772e-02 4.392745219906318138e-02
3.278875207651652524e-01 5.311966216748579273e-01 9.838688103897488269e-01 1.463728956060912634e-01 8.175274889596668704e-01 1.206571100477837472e-01 1.301425539890548322e-01 6.578092917565415976e-02 1.302094433309042010e-01 6.582052703480209543e-02 4.397467558520336273e-02
3.839954187076003445e-01 4.126926942440206081e-01 9.838747702428468633e-01 1.463506340852505916e-01 8.187690998021200928e-01 1.208342018250982974e-01 1.303589291645057269e-01 6.589309943576236728e-02 1.303832002452131877e-01 6.590782793982975785e-02 4.408936636316314328e-02
3.542694042241080754e-01 3.530023446081747562e-01 9.838793784625678995e-01 1.463505351723080883e-01 8.188178280804302434e-01 1.208543844519196359e-01 1.303781046605086424e-01 6.590296470343515178e-02 1.303968906875444811e-01 6.591498549890259517e-02 4.410217503312882648e-02
3.484146472358409796e-01 3.309088528976175669e-01 9.838817315193622015e-01 1.463524188131886949e-01 8.188247105704791196e-01 1.208613023662582497e-01 1.303983087705821997e-01 6.591453997797135089e-02 1.304016192547048925e-01 6.591763819254924106e-02 4.410594878204297103e-02
3.605766163216684306e-01 3.061105287223043203e-01 9.839000461875344605e-01 1.463613705394638531e-01 8.187457880174652258e-01 1.208408577059440492e-01 1.303998510777486242e-01 6.591731542006680489e-02 1.303924973437642632e-01 6.591354559499983112e-02 4.409288686017202863e-02
3.752054391071747985e-01 2.769899082782272259e-01 9.839161494210477699e-01 1.463491424423033205e-01 8.190189590058245539e-01 1.208629227537402762e-01 1.304459035073528006e-01 6.594279041776900108e-02 1.304307163487249399e-01 6.593359616661675915e-02 4.410870197872315823e-02
