5.198758996751386974e-01 5.425953191751975435e-01 9.838709875184487030e-01 1.463414872642239406e-01 8.191475231732742168e-01 1.208789267573019549e-01 1.304345729458620817e-01 6.593395865364581887e-02 1.304345878945109283e-01 6.593396748348462344e-02 4.411753980298960959e-02
4.674920361373750555e-01 5.539010248054637708e-01 9.838714770970401480e-01 1.463421268308020551e-01 8.191142808213232041e-01 1.208743586458250890e-01 1.304296880257542202e-01 6.593146352240189523e-02 1.304300388367281016e-01 6.593167079826900423e-02 4.411458987441849861e-02
4.270977727279698932e-01 5.619324560796431500e-01 9.838750406673726356e-01 1.463464488961457866e-01 8.188894290869009884e-01 1.208434601867330038e-01 1.303971336134082393e-01 6.591486854717822086e-02 1.303992873640479611e-01 6.591614121688262051e-02 4.409465483544668801e-02
4.161521853150865757e-01 5.540674761703043849e-01 9.838885461256945408e-01 1.463641249136188871e-01 8.179703837510945430e-01 1.207172678912905722e-01 1.302619136188910565e-01 6.584578118997730378e-02 1.302734703693255447e-01 6.585261423371047140e-02 4.401334313508555030e-02
4.472505609466341236e-01 4.593183827594136126e-01 9.838880848520018541e-01 1.463642321810532942e-01 8.180797068317081644e-01 1.207373668992426652e-01 1.302828789897693684e-01 6.585643417080083717e-02 1.302930458149402504e-01 6.586247158949962155e-02 4.402730544118720057e-02
4.544585428645689373e-01 4.225602597583959508e-01 9.839011745507305617e-01 1.463781682182200283e-01 8.177992586424259747e-01 1.207207543394599181e-01 1.302749591509416716e-01 6.585301739021580392e-02 1.302777562838370318e-01 6.585470946099765410e-02 4.401987965575999973e-02
4.125660003995723080e-01 3.757420399700174274e-01 9.839620758889850993e-01 1.464425666002026338e-01 8.154024769866159428e-01 1.204892137328836682e-01 1.300439627798022635e-01 6.573619636360691909e-02 1.300505119757554284e-01 6.574020567179793273e-02 4.387737163056155271e-02
3.748519585269725063e-01 3.275506395107729007e-01 9.839562540671551449e-01 1.464293384894803374e-01 8.161283799040137676e-01 1.206331813870689523e-01 1.301903596061612933e-01 6.581074188053104290e-02 1.301962320668254292e-01 6.581441494132990455e-02 4.396430261676066709e-02
3.923572803498547312e-01 2.903796222815596129e-01 9.839224296279462934e-01 1.464012580857046164e-01 8.177665671848195483e-01 1.207495774526847199e-01 1.303122022328874474e-01 6.587295309639741581e-02 1.303182400829033250e-01 6.587681560600662511e-02 4.403533801488773020e-02
4.023945645337381749e-01 2.731245197843562011e-01 9.838961889447706000e-01 1.463562220354193699e-01 8.188911995214110950e-01 1.208473422529966756e-01 1.304106926973006564e-01 6.592283419813599332e-02 1.304198861197054249e-01 6.592873511182438528e-02 4.410017693219539514e-02
