5.278937862341959164e-01 5.148480300054654180e-01 9.838709793246699364e-01 1.463414571678320342e-01 8.191481891638500157e-01 1.208790181557706372e-01 1.304346721512667784e-01 6.593400924432996080e-02 1.304346432768399289e-01 6.593399212743475402e-02 4.411760972000118575e-02
5.012167705516035188e-01 5.274082069106627024e-01 9.838710448269515352e-01 1.463415231481252909e-01 8.191446088064164854e-01 1.208785261428963337e-01 1.304341603457863374e-01 6.593374891463067711e-02 1.304341465162544289e-01 6.593374100563030582e-02 4.411729227317033597e-02
4.471788465870071838e-01 5.505036337379878297e-01 9.838719433541537329e-01 1.463424380443167083e-01 8.190960614292163156e-01 1.208718572379053197e-01 1.304268511439473088e-01 6.593000850280406056e-02 1.304271807989167697e-01 6.593022073172370712e-02 4.411295265434313911e-02
4.754140373341522730e-01 5.041561911548204655e-01 9.838755702320517438e-01 1.463460205882086418e-01 8.189123787436426438e-01 1.208471674489896980e-01 1.303936138541455236e-01 6.591264112460101798e-02 1.303968769507435066e-01 6.591485720797918280e-02 4.409671924246223729e-02
5.299115995159738857e-01 4.074556207586013112e-01 9.838878574934639687e-01 1.463608146833778878e-01 8.184039198204062782e-01 1.207901721406924728e-01 1.303294759814389303e-01 6.587972011940310124e-02 1.303348747925923146e-01 6.588345539133623474e-02 4.406142042525674346e-02
4.923383846443109557e-01 4.022608058223814953e-01 9.839688200644052252e-01 1.464578611842907718e-01 8.148528560673371501e-01 1.203819525352951142e-01 1.299354740293771904e-01 6.568116368224018176e-02 1.299421687267113545e-01 6.568500592391834925e-02 4.381140497979320314e-02
4.610939438970259596e-01 3.574849593675815118e-01 9.841518523085199810e-01 1.466539301719404498e-01 8.071031272195415829e-01 1.195409245097347473e-01 1.291068101469407259e-01 6.526255380040460463e-02 1.291501265466858117e-01 6.528470634633366798e-02 4.331007914658328850e-02
4.393696461661691366e-01 2.969457788228888617e-01 9.840847490115843810e-01 1.465369502739695406e-01 8.109362876288008781e-01 1.200588111478645414e-01 1.296173224810129032e-01 6.552095498391978523e-02 1.296979700396964919e-01 6.556180840791345221e-02 4.364959418598183399e-02
4.325352579451346990e-01 2.667633447451948636e-01 9.839337482608520036e-01 1.463855535193553103e-01 8.175844314532533241e-01 1.207306262417171538e-01 1.302682952469362831e-01 6.584924678748339810e-02 1.303021158595279172e-01 6.586774897089774095e-02 4.403652269776463235e-02
4.295883683987137269e-01 2.586766264965815187e-01 9.838888464409901724e-01 1.463491433952898990e-01 8.189817810709357770e-01 1.208599396334638504e-01 1.303846211396452737e-01 6.590693327294384896e-02 1.304071002975825122e-01 6.592125035735985072e-02 4.410762521136148140e-02
