5.568218682675519782e-01 5.032737123513902899e-01 9.838713261424378853e-01 1.463403665387151831e-01 8.191136235862180870e-01 1.208742653102675285e-01 1.304290906724655807e-01 6.593110267268580127e-02 1.304260633053153096e-01 6.592930796658745540e-02 4.411422194200265157e-02
5.453119889633141204e-01 5.078712882657179239e-01 9.838713792810934722e-01 1.463404247350648113e-01 8.191138059867467680e-01 1.208742915019785230e-01 1.304289870649016636e-01 6.593104653670649185e-02 1.304264569841702415e-01 6.592955519389288865e-02 4.411425251369636286e-02
5.333733882988351827e-01 4.811254042964303035e-01 9.838730616068261936e-01 1.463396225054520994e-01 8.190599454770250976e-01 1.208669259258342010e-01 1.304087155802758913e-01 6.591999069628470820e-02 1.304114899304758546e-01 6.592210029385313363e-02 4.410866001774872702e-02
6.249453879551215563e-01 3.526422984577007314e-01 9.838741922004050622e-01 1.463404579705180897e-01 8.190703413215747464e-01 1.208686953752588222e-01 1.303743176888917943e-01 6.590030176334629730e-02 1.303879799746170687e-01 6.591010505006283937e-02 4.410780751283025630e-02
6.415057207464253120e-01 3.311634209616208246e-01 9.838763295925216923e-01 1.463449076047738939e-01 8.189997355259505118e-01 1.208626273419779462e-01 1.303636771715068199e-01 6.589462184993155613e-02 1.303787060312510127e-01 6.590538688604405393e-02 4.410400111847147253e-02
6.119443247995262070e-01 3.331567876059393640e-01 9.839369378623552542e-01 1.464104993800972865e-01 8.165408336302255599e-01 1.205973439390366359e-01 1.301115809307445137e-01 6.576783249973366940e-02 1.301310329051152959e-01 6.578025769402993939e-02 4.394088205741538550e-02
5.245463841780040326e-01 2.861979431734335555e-01 9.840751948892331180e-01 1.465315212032718417e-01 8.112511249098991462e-01 1.200268523370288387e-01 1.295770052164066377e-01 6.549955025896729566e-02 1.296642947740731522e-01 6.554452707591196248e-02 4.362648636142024000e-02
5.034395130083588743e-01 2.583759127059093719e-01 9.839789008793020653e-01 1.464001939453744017e-01 8.157079308153633024e-01 1.205080788221568194e-01 1.300526150359066768e-01 6.574023421940865253e-02 1.301708741461367613e-01 6.580054791738700060e-02 4.395005548826429881e-02
4.669314781229406686e-01 2.506583633567883718e-01 9.839137832653668259e-01 1.463476084735579608e-01 8.185325969011665315e-01 1.208119346889506285e-01 1.303275168336855971e-01 6.587769469628941554e-02 1.303828830208463296e-01 6.590783420289232641e-02 4.409785390448481279e-02
4.502136271391914968e-01 2.464049512681708021e-01 9.838830801879953070e-01 1.463419873326383125e-01 8.191142658833368007e-01 1.208751905145261235e-01 1.303707708498005324e-01 6.589789405023031843e-02 1.304017036793264084e-01 6.591768053865584842e-02 4.411678175593111706e-02
