8.244654347289576135e-01 4.222339483716435193e-01 9.838758666299711741e-01 1.463252531866358896e-01 8.186481145911119750e-01 1.208102585956472297e-01 1.303536329003305294e-01 6.589178335134909803e-02 1.303091925895839276e-01 6.586543723498360092e-02 4.406751664953444114e-02
7.730530029142653747e-01 4.348180224350858825e-01 9.838761842337234720e-01 1.463268327706345184e-01 8.186817439179006062e-01 1.208148970449463705e-01 1.303593677786451521e-01 6.589484035383623428e-02 1.303235179127996968e-01 6.587362968240448313e-02 4.407129351929515992e-02
6.620038376281173198e-01 3.779101861329252632e-01 9.838854720126914977e-01 1.463233457621917755e-01 8.184337994949041351e-01 1.207809614702484297e-01 1.302978048851517745e-01 6.586224479715202529e-02 1.302993675932924700e-01 6.586443739328752545e-02 4.404881013331100187e-02
6.515160217003663767e-01 3.251323069643461405e-01 9.838786154197571854e-01 1.463345475578476662e-01 8.188611845670710210e-01 1.208396710907673893e-01 1.303367328624698562e-01 6.588075454471081782e-02 1.303528007228416385e-01 6.589228684548692483e-02 4.408769774257985385e-02
6.520379024608261576e-01 3.239190952240408317e-01 9.838742648702112348e-01 1.463408043264693703e-01 8.190831425110195463e-01 1.208705265223542907e-01 1.303671050980618473e-01 6.589607774788688865e-02 1.303832402416034153e-01 6.590765662890106513e-02 4.410843206736287520e-02
6.435989855765666956e-01 3.201603994994224878e-01 9.838883095983622651e-01 1.463581884562909774e-01 8.185460241490457589e-01 1.208112282482355498e-01 1.303119688312300573e-01 6.586841794979879372e-02 1.303292490919366331e-01 6.588038756196230861e-02 4.407070626080009101e-02
5.430990526943479946e-01 2.640824727450724052e-01 9.839432113540741431e-01 1.464039391259974177e-01 8.167994721145191983e-01 1.206098681961159796e-01 1.301509825956335131e-01 6.578948641833506916e-02 1.301884353976928144e-01 6.580948358955314437e-02 4.395706198444963159e-02
5.210023174730192830e-01 2.500093232243302266e-01 9.839134037989589743e-01 1.463602713393211130e-01 8.182728056793853177e-01 1.207718307118378492e-01 1.303183991220858429e-01 6.587471198720815102e-02 1.303564380083809815e-01 6.589444009127753965e-02 4.406591236359681807e-02
4.987348757554072587e-01 2.429230550789850118e-01 9.839149665381021759e-01 1.463461108242978814e-01 8.188648164182882327e-01 1.208424727656599862e-01 1.303910589974703604e-01 6.591210671333956606e-02 1.304058642583145189e-01 6.591953150061205524e-02 4.410501742368656136e-02
4.753734362520045664e-01 2.370662118994749656e-01 9.839140009158853228e-01 1.463418143019643292e-01 8.191254828208133221e-01 1.208760531048646281e-01 1.304225378931249402e-01 6.592808687395007583e-02 1.304164060875222519e-01 6.592515667017793957e-02 4.411884553183162416e-02
