9.298982347140765103e-01 3.906621718000539145e-01 9.838776345364244058e-01 1.463192969439727209e-01 8.184655223486092535e-01 1.207851523556256468e-01 1.303240137886826078e-01 6.587634731564494250e-02 1.302632116894814340e-01 6.584030099700330374e-02 4.404913903011001275e-02
9.203600728156562383e-01 3.912152848264597305e-01 9.838790525978934332e-01 1.463182954141245551e-01 8.184131374924071833e-01 1.207779699702015014e-01 1.303171226711013486e-01 6.587291321405085165e-02 1.302594298206933565e-01 6.583873108986947054e-02 4.404454589681655596e-02
7.669355688371434221e-01 3.530464723781926439e-01 9.839055423826501556e-01 1.462962231334783980e-01 8.173669029181385159e-01 1.206344678237473711e-01 1.301530629031743824e-01 6.578903494253282580e-02 1.301397562301895572e-01 6.578225659728857699e-02 4.394946364527911598e-02
6.573885782948717393e-01 3.224722514183602784e-01 9.838974964854992900e-01 1.463121445144844879e-01 8.179345168988400028e-01 1.207124561234913657e-01 1.302107898516598750e-01 6.581716457280339938e-02 1.302268121187925842e-01 6.582865312640991118e-02 4.400227793319486103e-02
6.564372173832113688e-01 3.211887234719830175e-01 9.838798490303872768e-01 1.463351468834993563e-01 8.188390156403481113e-01 1.208367343967063495e-01 1.303343876645974841e-01 6.587962097783346682e-02 1.303505633171587186e-01 6.589116788917860623e-02 4.408580082803963129e-02
6.610006969208093164e-01 3.074907453926970513e-01 9.838882235041497282e-01 1.463517721458479637e-01 8.186780272657943058e-01 1.208177292146558196e-01 1.303229122550870756e-01 6.587433489008694132e-02 1.303387389504668536e-01 6.588524022177184858e-02 4.407419116532935999e-02
5.649515396368058884e-01 2.506074549572901433e-01 9.839345557826605360e-01 1.463923861919765868e-01 8.176133321610414839e-01 1.206774343180000708e-01 1.302261986130915372e-01 6.582837192904807122e-02 1.302356406347591755e-01 6.583341653354179979e-02 4.398671412730469771e-02
5.236017372546205584e-01 2.317294718563738254e-01 9.839349980235658766e-01 1.463748076859807123e-01 8.182394050210266556e-01 1.207556654526421719e-01 1.303278656231417476e-01 6.588185354318758236e-02 1.303184142692075109e-01 6.587541544178723840e-02 4.403866347194224096e-02
5.133626753937472476e-01 2.188080887219523707e-01 9.839461137464704521e-01 1.463508524675537492e-01 8.188999079138440385e-01 1.208449538821766978e-01 1.304505247946401714e-01 6.594702619485241779e-02 1.304053018199871905e-01 6.591958991870974782e-02 4.409803535023162219e-02
5.054026488874119316e-01 2.213403899000646879e-01 9.839559376825848247e-01 1.463422134665541274e-01 8.191289102074024164e-01 1.208763689641623035e-01 1.304946931990712267e-01 6.597035497485220779e-02 1.304357159960757850e-01 6.593509271939849981e-02 4.412031446110450256e-02
