9.597369183420940697e-01 3.632997955179205207e-01 9.838745789580748413e-01 1.463294695964511283e-01 8.187791540815608782e-01 1.208282762801532878e-01 1.303748498565139025e-01 6.590283680096373220e-02 1.303419672777481608e-01 6.588334252322135265e-02 4.408060036140048349e-02
9.616516710153484304e-01 3.580879743642313984e-01 9.838751948013375603e-01 1.463299618331674046e-01 8.187835279462153393e-01 1.208288875773528143e-01 1.303764497522739430e-01 6.590375625649397273e-02 1.303479590405876298e-01 6.588687338355796175e-02 4.408138962278358025e-02
9.117391395060502335e-01 3.043891184350250301e-01 9.838951633110945005e-01 1.463167634990267252e-01 8.181451846795593230e-01 1.207412949444294226e-01 1.302829519099510114e-01 6.585629510835938616e-02 1.302741671554823177e-01 6.585146849609838093e-02 4.402360534111129237e-02
8.088203368089542655e-01 2.511454098600604534e-01 9.839097940747073556e-01 1.463133763722227199e-01 8.178122437715247273e-01 1.206955622161142161e-01 1.302197140477841242e-01 6.582332732409204579e-02 1.302300680849710901e-01 6.583045877270266022e-02 4.399321188492790607e-02
7.946362546979119923e-01 2.385506948007252159e-01 9.839065501298948080e-01 1.463344873276598568e-01 8.184340171326974778e-01 1.207808264721628305e-01 1.303066577530046788e-01 6.586766978254261773e-02 1.303202847454143221e-01 6.587612379484038272e-02 4.405089152501386746e-02
8.087962995690665124e-01 2.212218419642311418e-01 9.839163351060864482e-01 1.463438498798674547e-01 8.185380126563980285e-01 1.207951085003988595e-01 1.303321450527445413e-01 6.588162236436150010e-02 1.303457009362793684e-01 6.588912615316473709e-02 4.406124150730927891e-02
7.015249338377613775e-01 2.127082401641421372e-01 9.839422031688686010e-01 1.463583111695184735e-01 8.183899713575611967e-01 1.207750073733796781e-01 1.303337431310684358e-01 6.588413617014048096e-02 1.303316025725255456e-01 6.588210639096953036e-02 4.404838270058448330e-02
5.330637652800067627e-01 2.011849150054788593e-01 9.839600617425919848e-01 1.463581012661838987e-01 8.187080910791838528e-01 1.208184713647464936e-01 1.304212157079120138e-01 6.593218031638499455e-02 1.303781522081946531e-01 6.590586167806662676e-02 4.407762796924896698e-02
5.162598165802101402e-01 1.972297018360964216e-01 9.839524888377310097e-01 1.463457691135749694e-01 8.190394773133210515e-01 1.208640437167744219e-01 1.304825838198677423e-01 6.596469000920633652e-02 1.304240851017895719e-01 6.592920143885952489e-02 4.410851953615149701e-02
5.083668065121232926e-01 1.983888398657308039e-01 9.839581807158893634e-01 1.463424706844810574e-01 8.191226919922879324e-01 1.208755047543303290e-01 1.304915549685773390e-01 6.596873554798814154e-02 1.304355494073692889e-01 6.593499854321471787e-02 4.411780650834453560e-02
