9.887371725706146641e-01 3.337270070825694157e-01 9.838710299362916079e-01 1.463412837103148512e-01 8.191433435903185956e-01 1.208783518122861222e-01 1.304338929522998181e-01 6.593360373876215597e-02 1.304334534948171920e-01 6.593334322697837202e-02 4.411714073653200813e-02
9.877064222210217848e-01 3.324393339170059747e-01 9.838712631498729433e-01 1.463412303180198215e-01 8.191414450230616318e-01 1.208780908657369202e-01 1.304334916063095706e-01 6.593339297322629855e-02 1.304329791503609226e-01 6.593309173680547697e-02 4.411695385756411042e-02
9.437941422179231266e-01 2.664653052366459662e-01 9.838815405927071600e-01 1.463404521192670504e-01 8.190755349779683669e-01 1.208690263775800688e-01 1.304177913367177699e-01 6.592508059878973703e-02 1.304198611322280876e-01 6.592652591036807230e-02 4.411087029653082414e-02
9.031145209481988845e-01 2.094956232066724489e-01 9.838896098154026326e-01 1.463403815019823084e-01 8.189200254242640087e-01 1.208476014616175070e-01 1.303847625350456341e-01 6.590747188973286597e-02 1.303907872132153700e-01 6.591175049210577785e-02 4.409658714834883281e-02
8.694064787772781688e-01 1.973306109592861401e-01 9.838999731623279121e-01 1.463412974034979108e-01 8.186537243628740912e-01 1.208109010272700179e-01 1.303406669584231126e-01 6.588472242471912765e-02 1.303515421449439604e-01 6.589179219583177205e-02 4.407211334723428603e-02
8.400345058034890400e-01 2.053086731653905594e-01 9.839147494141212702e-01 1.463423869191022020e-01 8.185441413444812797e-01 1.207958014468159119e-01 1.303330597355153164e-01 6.588196425564733782e-02 1.303466033096515875e-01 6.588953284749313188e-02 4.406204565266194639e-02
7.914787106352847434e-01 2.053313306502402569e-01 9.839277826064423138e-01 1.463446868226531972e-01 8.185729725380432864e-01 1.207997753985390471e-01 1.303467971435726680e-01 6.588983394962984186e-02 1.303546735341107043e-01 6.589372607048014918e-02 4.406475284650149260e-02
5.581279295272567609e-01 1.776438872700338290e-01 9.839671991543440521e-01 1.463561108361591534e-01 8.186851539121092758e-01 1.208152042802418391e-01 1.304025989591553747e-01 6.592133339819787607e-02 1.303733122748080564e-01 6.590335042521987263e-02 4.407526572611999982e-02
4.976149083748043767e-01 1.458533383375256454e-01 9.839706266539081092e-01 1.463545363512790132e-01 8.187964807405826440e-01 1.208305331540806132e-01 1.304057615036849915e-01 6.592167266105636303e-02 1.303889112145595885e-01 6.591123822195026072e-02 4.408547488457281033e-02
4.762807530875204365e-01 1.060060056062561012e-01 9.839750143296976947e-01 1.463466295351618651e-01 8.190096319381825474e-01 1.208599167172059036e-01 1.303939163227594011e-01 6.591172092792503545e-02 1.304165273198737707e-01 6.592503648883904499e-02 4.410514509684167195e-02
