9.891283461592232928e-01 3.333304686715436449e-01 9.838709791747747291e-01 1.463414472781203735e-01 8.191483839337333483e-01 1.208790448572070603e-01 1.304347069487307720e-01 6.593402763509947917e-02 1.304347058727473307e-01 6.593402700975072028e-02 4.411764549474136987e-02
9.884073714433796454e-01 3.322420602723404892e-01 9.838711445225537533e-01 1.463414470302387138e-01 8.191483289022890579e-01 1.208790372760929765e-01 1.304346173042990054e-01 6.593397900116149124e-02 1.304346494299884474e-01 6.593399987164093312e-02 4.411763989588018270e-02
9.408082672274402647e-01 2.600425562426577075e-01 9.838817156141500542e-01 1.463413965120275717e-01 8.191196357699033204e-01 1.208750843600457092e-01 1.304238272203445681e-01 6.592815486092554189e-02 1.304263640820840786e-01 6.592987171049428941e-02 4.411497249369145807e-02
9.076538666398592525e-01 2.094476433939190529e-01 9.838872743387961917e-01 1.463411979382274186e-01 8.189944199895087262e-01 1.208578327579126338e-01 1.303954087842967846e-01 6.591285697740587035e-02 1.304008624590859422e-01 6.591684426531185803e-02 4.410344568592621667e-02
8.881767844919488120e-01 1.891769514741079294e-01 9.838894306156700242e-01 1.463409602645417695e-01 8.187298576854411536e-01 1.208213832157834650e-01 1.303445056895871645e-01 6.588576223495101747e-02 1.303537644974678555e-01 6.589271313160154075e-02 4.407912345626575218e-02
8.594242768224458207e-01 1.916359154328243219e-01 9.839025999551939128e-01 1.463415802224550533e-01 8.185645069780338456e-01 1.207986043225497130e-01 1.303249968558355121e-01 6.587652301978376423e-02 1.303372307718619061e-01 6.588448606147581654e-02 4.406392570393233982e-02
7.985953596463386539e-01 1.921885403646786394e-01 9.839259135247597765e-01 1.463462705370067729e-01 8.185245174882818109e-01 1.207930875931657738e-01 1.303336089440671752e-01 6.588237197828890335e-02 1.303423943751436387e-01 6.588736842186934672e-02 4.406039320956901817e-02
5.475298569895993284e-01 1.248668941091963108e-01 9.839959934513402562e-01 1.463789638356588485e-01 8.180526740644288308e-01 1.207280005813879953e-01 1.302785459797854983e-01 6.585480963802606280e-02 1.302837628727842312e-01 6.585787698665120093e-02 4.401731330812230086e-02
4.684657696064714050e-01 8.239438405889938644e-02 9.839939400808322967e-01 1.463709118656965902e-01 8.183537063585062388e-01 1.207694899985984477e-01 1.302830100424559601e-01 6.585355764150473135e-02 1.303261396705132635e-01 6.587923583664150040e-02 4.404467289022418602e-02
4.599862283198188906e-01 7.315868201515329794e-02 9.839772767411585352e-01 1.463482931656457375e-01 8.189646484057220288e-01 1.208537148981008169e-01 1.303502398711284538e-01 6.588609912447487837e-02 1.304093519481681340e-01 6.592125440408613812e-02 4.410073446454708390e-02
