3.500870494619686135e-01 2.757778688903689823e-01 9.839410699708573960e-01 1.463416999607014546e-01 8.191451930955659932e-01 1.208786057741525755e-01 1.304843486512879402e-01 6.596479130700744209e-02 1.304421261713242797e-01 6.593884985607328941e-02 4.411737622789572988e-02
3.452053097341089005e-01 3.034860842824790850e-01 9.838992852891451646e-01 1.463422788971519561e-01 8.191358372568151580e-01 1.208773586845999226e-01 1.304330199009827163e-01 6.593440315606369229e-02 1.304055311159006414e-01 6.591867704553246166e-02 4.411617975696460053e-02
3.389741208897721902e-01 3.303814228293487920e-01 9.838662915151045185e-01 1.463416451826406728e-01 8.191444903118112464e-01 1.208788435386690951e-01 1.303891249662490204e-01 6.590807828102746013e-02 1.303853647227814216e-01 6.590738710273502665e-02 4.411692413676381042e-02
3.273522748480586220e-01 3.507024457340781054e-01 9.838659906775479858e-01 1.463417861942142850e-01 8.191369558083502200e-01 1.208789403016540670e-01 1.303686445514550263e-01 6.589539652007243842e-02 1.304043116582901951e-01 6.591759850990973335e-02 4.411729438209539833e-02
2.916649141084708963e-01 3.981573385034317125e-01 9.838626401552427181e-01 1.463427048837042388e-01 8.190907435571705975e-01 1.208731882262816526e-01 1.303574613916720082e-01 6.588877017871028197e-02 1.304120403417154683e-01 6.592178664776690566e-02 4.411388964774912852e-02
2.498844510071077107e-01 5.833165720729347470e-01 9.838252231121671354e-01 1.463517665681809687e-01 8.186132929959992754e-01 1.208056080405482818e-01 1.302478411041613771e-01 6.583097205834202714e-02 1.303539353615805751e-01 6.589377182333736038e-02 4.407027523178082273e-02
2.514501134502120094e-01 6.077487587688230608e-01 9.838208200522909896e-01 1.463529864315219198e-01 8.185450081534116906e-01 1.207961289014065909e-01 1.302311325893954486e-01 6.582208199782062230e-02 1.303464219220816511e-01 6.589024190176683005e-02 4.406424188956566124e-02
3.143889535084496423e-01 6.179203235160583008e-01 9.838359063748740585e-01 1.463495807087404621e-01 8.187263070904485796e-01 1.208210442543431740e-01 1.302925513391507417e-01 6.585588656738099178e-02 1.303729700783861634e-01 6.590341010408931610e-02 4.408020586097625981e-02
4.688681129686371185e-01 6.461503560899704013e-01 9.838694556285749737e-01 1.463418146356398053e-01 8.191306267001015051e-01 1.208766048998571596e-01 1.304286318552676516e-01 6.593068515244773775e-02 1.304321054672298585e-01 6.593273812748166873e-02 4.411602676262595807e-02
4.944026698649695573e-01 6.476462085071988950e-01 9.838709602560449241e-01 1.463414653442957347e-01 8.191488021273052311e-01 1.208791025572057698e-01 1.304347447608051047e-01 6.593404533111171806e-02 1.304347635386718385e-01 6.593405643111638348e-02 4.411763816327345794e-02
