3.755778245162468831e-01 2.755467324099052928e-01 9.839161745149912486e-01 1.463471362631615091e-01 8.190593626571047725e-01 1.208667898339752800e-01 1.304508788764004446e-01 6.594539596220534705e-02 1.304355480509547804e-01 6.593607231554254877e-02 4.411138194672106771e-02
3.595301282800228981e-01 3.059235230347235879e-01 9.838956860061961462e-01 1.463590176317924318e-01 8.188661012736955236e-01 1.208411217784822606e-01 1.304007942765095240e-01 6.591783044665995572e-02 1.303947068075795579e-01 6.591480602582143467e-02 4.409302624768483836e-02
3.462228779719035976e-01 3.306855001895540047e-01 9.838752976834950204e-01 1.463466436620278477e-01 8.190123115585566937e-01 1.208693758984860783e-01 1.304069282671357910e-01 6.591894350114881063e-02 1.304121523258636173e-01 6.592317490883549402e-02 4.411116724267460237e-02
3.399493764505417404e-01 3.424917795542711807e-01 9.838847125251759529e-01 1.463544064493470520e-01 8.186428084785593029e-01 1.208598148859807569e-01 1.303794494610830967e-01 6.590330902227248266e-02 1.304024256376332402e-01 6.591787266444747162e-02 4.410550649824344915e-02
3.135870947351715454e-01 3.877059292708051053e-01 9.838904971167569125e-01 1.463645879650997128e-01 8.181817195726767133e-01 1.208165393468850490e-01 1.303174248102960120e-01 6.587002189725957302e-02 1.303588229299214862e-01 6.589517894171680046e-02 4.407807709759212905e-02
2.747651206018018044e-01 5.697243992325236039e-01 9.838791645733689917e-01 1.463966564971715123e-01 8.162936898818693443e-01 1.204910090519078630e-01 1.299490746016303544e-01 6.568099006447557231e-02 1.300427060988201822e-01 6.573640331973994166e-02 4.386737404863357004e-02
2.980668292550429088e-01 5.944454102007948881e-01 9.838860252341684598e-01 1.463999699575802282e-01 8.161019747171543992e-01 1.204604255706058918e-01 1.299291378195594482e-01 6.567178394778035166e-02 1.300148796519959848e-01 6.572245577662849669e-02 4.384769719315250586e-02
3.856019451509466456e-01 5.828704516704410477e-01 9.838763697242820516e-01 1.463620778516269982e-01 8.180758367145500864e-01 1.207316581751639306e-01 1.302568990510945546e-01 6.584180875075214268e-02 1.302869164439531546e-01 6.585954854410265569e-02 4.402256056645099253e-02
4.687048455704556083e-01 6.131368198359214983e-01 9.838712718477227170e-01 1.463427357744083723e-01 8.190826981885214186e-01 1.208700187159121447e-01 1.304237460122618930e-01 6.592833855028434886e-02 1.304256525471608197e-01 6.592946520602468996e-02 4.411178407517576255e-02
5.080650125664482042e-01 6.300943665313828435e-01 9.838709728857847336e-01 1.463414721161801491e-01 8.191483403531316654e-01 1.208790390932471259e-01 1.304346878146930289e-01 6.593401699426440499e-02 1.304347006796556796e-01 6.593402459717251363e-02 4.411760740895727395e-02
