4.021162915420641859e-01 2.728615149951398311e-01 9.838919619289594465e-01 1.463511745244508166e-01 8.189952096011634541e-01 1.208579640599528465e-01 1.304217384914708455e-01 6.592838174764310832e-02 1.304323756019744318e-01 6.593515835993912777e-02 4.410759410454372781e-02
3.926394538833148928e-01 2.863920287138380649e-01 9.839101977495806617e-01 1.464004912625569976e-01 8.181537741928849305e-01 1.207467187424493132e-01 1.303118674979689695e-01 6.587294550469841026e-02 1.303189946434691049e-01 6.587751459018036104e-02 4.403299026391536281e-02
3.661564355564777551e-01 3.243370834150852700e-01 9.839414795257122037e-01 1.464221920359011775e-01 8.166243543022272400e-01 1.206367546116925843e-01 1.301972418563191181e-01 6.581451207743822807e-02 1.302030911821094872e-01 6.581834822903223636e-02 4.396651321339651447e-02
3.772729776399259549e-01 3.335018145354070596e-01 9.840712339124954022e-01 1.465502081295495529e-01 8.111319277404441808e-01 1.201786665174349872e-01 1.297387298659845034e-01 6.558221228149255233e-02 1.297386776921581331e-01 6.558254779165960391e-02 4.368277259808558965e-02
4.211289149276584154e-01 3.873157659749947856e-01 9.840152071683788693e-01 1.464937118118333215e-01 8.132578728515974520e-01 1.203520334599394309e-01 1.299088547640676605e-01 6.566794731612582425e-02 1.299072546766677494e-01 6.566716908639742833e-02 4.378930486042726528e-02
4.451073642876430814e-01 4.509467573431200638e-01 9.838932015820719412e-01 1.463662513952333766e-01 8.179482856098183596e-01 1.207265807354461623e-01 1.302771675510551175e-01 6.585392763956321449e-02 1.302828310914228571e-01 6.585728363800608109e-02 4.401975808854991651e-02
4.224554092442599496e-01 5.430680091229447282e-01 9.838935421544413584e-01 1.463663168805821313e-01 8.178562176480836943e-01 1.207015297932452075e-01 1.302517193650548077e-01 6.584102836968942773e-02 1.302582479889249079e-01 6.584488698064167034e-02 4.400311799617565023e-02
4.265268547329009730e-01 5.615687478782077635e-01 9.838749870264191788e-01 1.463457972971815013e-01 8.189223263206131254e-01 1.208479802187426982e-01 1.304028037278850971e-01 6.591782178467615883e-02 1.304038346090332090e-01 6.591843131236721498e-02 4.409759364219316413e-02
4.641590025296516431e-01 5.540273309431439364e-01 9.838713078476931662e-01 1.463418334615330940e-01 8.191296051565016834e-01 1.208764645245780645e-01 1.304320485954354458e-01 6.593267672986989625e-02 1.304321420593823055e-01 6.593273197723766021e-02 4.411594637979106975e-02
5.228372495117550312e-01 5.423916868200304719e-01 9.838709743738525138e-01 1.463414676661165537e-01 8.191485888032129514e-01 1.208790732450033545e-01 1.304347341793795079e-01 6.593404133104649456e-02 1.304347350650267023e-01 6.593404185447583610e-02 4.411763173241887992e-02
