4.275392099153734748e-01 2.587940910123375793e-01 9.838834672026138817e-01 1.463467798829428956e-01 8.190577466501451909e-01 1.208665975075356308e-01 1.303899682873456700e-01 6.590938435632896775e-02 1.304137237837654228e-01 6.592459886494911325e-02 4.411152453958730457e-02
4.288845160280744251e-01 2.649061979659125265e-01 9.839145748207588360e-01 1.463723216641240610e-01 8.183033777068414727e-01 1.207707040938026666e-01 1.303097983262575532e-01 6.587055771740454868e-02 1.303450114865410681e-01 6.588965105832472746e-02 4.406455413730384768e-02
4.309694030166033030e-01 2.916991980575741605e-01 9.841205968622276368e-01 1.465699784134444905e-01 8.095645197133107818e-01 1.198260797411554307e-01 1.293925338785579804e-01 6.540799193772039999e-02 1.295086617539915608e-01 6.546634089860417505e-02 4.353408504191710882e-02
4.398510898046129602e-01 3.189687831560163445e-01 9.844082633572426300e-01 1.469383521063233888e-01 7.958158137199955462e-01 1.183949196394398634e-01 1.279724285381092230e-01 6.468911885472883316e-02 1.280222758433849084e-01 6.471438971448406630e-02 4.259816722297467273e-02
4.575903674272696620e-01 4.011794298162906780e-01 9.840358145196753670e-01 1.465294057929004412e-01 8.119339294318042022e-01 1.201148285253066661e-01 1.296767940066845537e-01 6.555076661991862674e-02 1.296791369376092407e-01 6.555199963188017287e-02 4.364166565080635635e-02
4.624112894696129628e-01 4.317560686256978753e-01 9.838762994665563033e-01 1.463471646515814573e-01 8.189242889512186041e-01 1.208546723804494877e-01 1.304104650044270453e-01 6.592176438248116555e-02 1.304105275985145140e-01 6.592180096931596345e-02 4.410232304810203507e-02
4.547293484943105701e-01 4.831812691067101651e-01 9.838726930025972761e-01 1.463431610103999025e-01 8.190615477834140012e-01 1.208671907531089218e-01 1.304227448446813875e-01 6.592796709879743255e-02 1.304229004335452635e-01 6.592805654541412930e-02 4.411000501650905875e-02
4.426153547696942692e-01 5.494207145015317373e-01 9.838714575834438536e-01 1.463419461174763070e-01 8.191236289838239593e-01 1.208756411064155767e-01 1.304312734509368576e-01 6.593228821143319596e-02 1.304313170110374120e-01 6.593231326191581476e-02 4.411542553759304625e-02
5.023615343268338362e-01 5.265172103882584942e-01 9.838709945271366664e-01 1.463414838587644429e-01 8.191475536632251142e-01 1.208789307788924600e-01 1.304345905425180474e-01 6.593396857879796347e-02 1.304345881329761758e-01 6.593396711813920286e-02 4.411755507368356199e-02
5.279737092030569734e-01 5.146635244121431363e-01 9.838709746488043528e-01 1.463414643997747455e-01 8.191485668044820034e-01 1.208790701386927430e-01 1.304347307899994257e-01 6.593403957791017789e-02 1.304347254148039148e-01 6.593403638998393546e-02 4.411764059319941284e-02
