4.475860293849049376e-01 2.461504537487866628e-01 9.838755760542002848e-01 1.463414877068940911e-01 8.191357618338516167e-01 1.208773256789942296e-01 1.303643049552292987e-01 6.589376760105242203e-02 1.304001235686217952e-01 6.591674884022913350e-02 4.411724630942183423e-02
4.515991613839031582e-01 2.497202610784543253e-01 9.839079441218848698e-01 1.463404089056701829e-01 8.186775284452525447e-01 1.208182439330852259e-01 1.303227546379253365e-01 6.587493062003445254e-02 1.303969710069940724e-01 6.591505427578359111e-02 4.411209150337525725e-02
4.893447226861543098e-01 2.591814440849536938e-01 9.840264689951987442e-01 1.464034272346270704e-01 8.143813478673982420e-01 1.203457827999779711e-01 1.298961213369200507e-01 6.566189328609542408e-02 1.301158701061956580e-01 6.577282208950488429e-02 4.391855083739933802e-02
5.111350591687047196e-01 2.639207067872532120e-01 9.840529116389026276e-01 1.464948761320568338e-01 8.125471101062389234e-01 1.202111867732614109e-01 1.297645210009554240e-01 6.559467205220634312e-02 1.298327185148675234e-01 6.562971264668680804e-02 4.373159558346538522e-02
4.982278226408120014e-01 3.232667000172352312e-01 9.839737648698853034e-01 1.464341386289270963e-01 8.155097528320651712e-01 1.205151336817451985e-01 1.300683753221340000e-01 6.574842230412879240e-02 1.300799704089857234e-01 6.575470352323371792e-02 4.389009329494396316e-02
4.864327464424041958e-01 4.132248092484430702e-01 9.838785712388081750e-01 1.463470890729791918e-01 8.189338476227017161e-01 1.208570861164527804e-01 1.304097025256579778e-01 6.592117486217256850e-02 1.304109486361277048e-01 6.592199385373866127e-02 4.410354369835881028e-02
5.208940174449794291e-01 4.175909848941096181e-01 9.838718711340708190e-01 1.463414116701336198e-01 8.191284933427347426e-01 1.208764052701146452e-01 1.304220636971089586e-01 6.592699657830604354e-02 1.304248068418565609e-01 6.592894743232834143e-02 4.411544820135010481e-02
5.171570774229240497e-01 4.819177275349943446e-01 9.838723161396728534e-01 1.463401635567935510e-01 8.190912282492597285e-01 1.208711838526234372e-01 1.304201173713591677e-01 6.592621964150963132e-02 1.304217323098338932e-01 6.592739752027620970e-02 4.411204039103787389e-02
5.393615357232144358e-01 5.086125658926488047e-01 9.838712234065662976e-01 1.463409379020343404e-01 8.191299646105443255e-01 1.208765129941876265e-01 1.304316973394273049e-01 6.593246357015584980e-02 1.304306142485483211e-01 6.593182708486219901e-02 4.411588604529152746e-02
5.492162792879423661e-01 5.051789627322303966e-01 9.838711601429517284e-01 1.463409184167688282e-01 8.191304897088355075e-01 1.208765843557558645e-01 1.304318204837455197e-01 6.593252476899061354e-02 1.304302736955097464e-01 6.593160772835653105e-02 4.411592216823458784e-02
