4.514069127100162060e-01 2.445462545479283323e-01 9.838832674871899053e-01 1.463413500525006516e-01 8.191388046880206941e-01 1.208777429105728357e-01 1.303721925618367694e-01 6.589857142842285576e-02 1.304016975963771807e-01 6.591779590839086378e-02 4.411777289725876683e-02
4.761273832336974099e-01 2.390341654356015477e-01 9.839348915497984072e-01 1.463396417275057981e-01 8.189328838054732440e-01 1.208508389062706578e-01 1.303971260763034379e-01 6.591581250451306051e-02 1.304183579891368683e-01 6.592585141276396943e-02 4.412008727668462887e-02
5.109431700351556582e-01 2.396812343952854918e-01 9.839417926523181812e-01 1.463445902244643326e-01 8.185960158862437552e-01 1.208178091179431951e-01 1.303973014668371178e-01 6.591767564294855053e-02 1.304138668443844684e-01 6.592366503245078446e-02 4.410587560410412361e-02
5.213012799015741550e-01 2.487962091486551897e-01 9.839166902096077028e-01 1.463564466058906721e-01 8.184565822875158325e-01 1.208159673690479136e-01 1.303698875314071026e-01 6.590133697926146839e-02 1.303833023478497832e-01 6.590810836834846975e-02 4.408353650943612478e-02
5.265701234589105217e-01 2.624205943458383095e-01 9.839114535293592700e-01 1.463668983302700288e-01 8.182724619510872710e-01 1.207823419277516130e-01 1.303283366382279040e-01 6.587957405186299631e-02 1.303393717680251529e-01 6.588583472829433185e-02 4.405451724365680444e-02
6.157053851871372441e-01 3.309344761125059819e-01 9.838802930293324422e-01 1.463491198709587493e-01 8.189033757344855724e-01 1.208470340307449403e-01 1.303582259596856030e-01 6.589249550697072466e-02 1.303711086056406621e-01 6.590161545626838091e-02 4.409376106892980846e-02
6.433276677766371909e-01 3.303653052964543591e-01 9.838731369303055363e-01 1.463412784419098611e-01 8.191298886751887665e-01 1.208765053364918574e-01 1.303769850473963932e-01 6.590132993707330245e-02 1.303919910998552201e-01 6.591210303677227933e-02 4.411267798166308013e-02
6.453910798728569320e-01 3.415370738769492598e-01 9.838776733488591164e-01 1.463349972107152452e-01 8.188875282787292376e-01 1.208432324276151881e-01 1.303472738833008904e-01 6.588651702522232978e-02 1.303599860093674900e-01 6.589580813457451836e-02 4.409042625790857844e-02
7.670676593864136361e-01 4.251480315892819939e-01 9.838789645048969801e-01 1.463242084652669750e-01 8.185631610912406098e-01 1.207986276807056225e-01 1.303395415848936367e-01 6.588461352702283669e-02 1.303072770139980519e-01 6.586567777172540328e-02 4.406031314941823152e-02
8.362062996877012155e-01 4.185434671098550163e-01 9.838759495178446279e-01 1.463248427081663694e-01 8.186344910897551674e-01 1.208083862418142668e-01 1.303512488068263864e-01 6.589052708369436129e-02 1.303050983901035131e-01 6.586316843499523399e-02 4.406610371726191189e-02
