5.023779246474089355e-01 2.079383108396381241e-01 9.839374993534651948e-01 1.463436078534067208e-01 8.190880554126751534e-01 1.208707357549248657e-01 1.304663790789841460e-01 6.595476804066920107e-02 1.304233486351559224e-01 6.592895890411486215e-02 4.411323243458681320e-02
5.099505660140851715e-01 2.120990397141493400e-01 9.839527294443892735e-01 1.463416803962801216e-01 8.191349223539265978e-01 1.208772358242906353e-01 1.304945451677166635e-01 6.597053089652678282e-02 1.304373495335062472e-01 6.593586653691897725e-02 4.411993684232615870e-02
5.094001414583012588e-01 2.245129446508123683e-01 9.839543954733085407e-01 1.463427710537785198e-01 8.190995360116546387e-01 1.208728103320115266e-01 1.304877752766928911e-01 6.596649804929013983e-02 1.304343943397591465e-01 6.593434269417895732e-02 4.411872487300598500e-02
5.171744559425270893e-01 2.365567819457778942e-01 9.839393833359010300e-01 1.463562161408974993e-01 8.187246954702521728e-01 1.208226388054444017e-01 1.304061389567328644e-01 6.592228571619140887e-02 1.303824029078215763e-01 6.590784937057590775e-02 4.408309775650740697e-02
5.577200815974427961e-01 2.600468728755861436e-01 9.839472576171712781e-01 1.464200951955176300e-01 8.168458322406182415e-01 1.205640434988757004e-01 1.301125004032333554e-01 6.577060047304052193e-02 1.301176394892223642e-01 6.577373870434802261e-02 4.390773820381296128e-02
6.535459404912103976e-01 3.198345705439232245e-01 9.838793067758900834e-01 1.463491102764950536e-01 8.188961542356798518e-01 1.208443101015210797e-01 1.303436153238816952e-01 6.588437555048905214e-02 1.303594571190453966e-01 6.589565750798044574e-02 4.409114522412883180e-02
6.527933960260287050e-01 3.235375950723327620e-01 9.838745821088906718e-01 1.463396676426997889e-01 8.190671173876302724e-01 1.208678878915139115e-01 1.303642219468120755e-01 6.589462372140168778e-02 1.303802955515324657e-01 6.590616096193684104e-02 4.410661323475149193e-02
6.584486679878075455e-01 3.254790495425291530e-01 9.838808705366836049e-01 1.463313471715002867e-01 8.187380588806233428e-01 1.208227195782160257e-01 1.303204287507513104e-01 6.587254653807506077e-02 1.303349376735257470e-01 6.588312524118872249e-02 4.407624199765847184e-02
8.922560713285926370e-01 3.825000588620622310e-01 9.838842112487565794e-01 1.463134336590216911e-01 8.181929297431255188e-01 1.207477589442129823e-01 1.302811511484394391e-01 6.585440805273251597e-02 1.302301744746605094e-01 6.582446007956914424e-02 4.402422731539735318e-02
9.316140493258879829e-01 3.905436519345908408e-01 9.838779812524357515e-01 1.463186522883052343e-01 8.184440501471968998e-01 1.207822014755999679e-01 1.303207989929235922e-01 6.587469724937107529e-02 1.302586965313786982e-01 6.583787495340298612e-02 4.404705756605903355e-02
