5.127995123976901715e-01 1.781199985190801693e-01 9.839637851962603765e-01 1.463562790225971799e-01 8.187491560005608626e-01 1.208240070202092481e-01 1.304356079234478827e-01 6.594025411825790717e-02 1.303836347431239218e-01 6.590874269141733244e-02 4.408107708674773029e-02
5.165335043865653120e-01 1.956029266736289962e-01 9.839473278050729910e-01 1.463428915131813890e-01 8.191107146569319708e-01 1.208738525744556952e-01 1.304942257045990650e-01 6.597080540935292003e-02 1.304338127356813870e-01 6.593414661010242594e-02 4.411483424894516864e-02
5.142668708655174781e-01 2.093917406424980754e-01 9.839602980267275756e-01 1.463485685625789956e-01 8.189699914231630684e-01 1.208544756976102641e-01 1.304745259485656783e-01 6.596050008256706954e-02 1.304149961556816395e-01 6.592460060010731093e-02 4.410385487127047727e-02
5.418873916511621758e-01 2.166936328760877273e-01 9.840131729078329670e-01 1.464110834460891075e-01 8.173317546187254257e-01 1.206288182912733514e-01 1.302259638177109546e-01 6.583229333145497464e-02 1.301896590330829939e-01 6.581045235306774710e-02 4.395327587425452293e-02
7.490368639823298258e-01 2.192941076443195858e-01 9.839621302460040964e-01 1.463990457037805670e-01 8.171807250076638107e-01 1.206078967142632796e-01 1.301534135516449475e-01 6.579152494526376016e-02 1.301606411060603485e-01 6.579552245276915068e-02 4.393673365197574288e-02
7.552682084098636395e-01 2.593601645522626287e-01 9.839017263438574190e-01 1.463456682533416930e-01 8.186996824948037377e-01 1.208172252548893461e-01 1.303399937567200351e-01 6.588447355488195878e-02 1.303548049607342330e-01 6.589358556149899071e-02 4.407486663353767792e-02
6.856471338414164007e-01 3.047066298715064847e-01 9.838864814232682887e-01 1.463338656018946526e-01 8.187436214742876972e-01 1.208234454595634860e-01 1.303280710849102353e-01 6.587699239760314018e-02 1.303436797953621828e-01 6.588777683939299468e-02 4.407741260691742935e-02
6.764872914942835491e-01 3.193841891189322379e-01 9.839051712343114264e-01 1.463037267734318414e-01 8.175869270809500433e-01 1.206647064720103024e-01 1.301668235865536816e-01 6.579519200264362377e-02 1.301810149660847515e-01 6.580544492318332606e-02 4.397035503836813075e-02
9.215689704953383687e-01 3.632689850578828539e-01 9.838900870758841011e-01 1.463105910166283274e-01 8.180070832630765842e-01 1.207222986984857749e-01 1.302625087091784928e-01 6.584561761944686398e-02 1.302300168505955147e-01 6.582658933865437323e-02 4.400888426158520994e-02
9.521265478406719662e-01 3.708663887496650990e-01 9.838758321459259992e-01 1.463260902005482644e-01 8.186687060072765920e-01 1.208130958131775345e-01 1.303573096829649391e-01 6.589372987816867477e-02 1.303160860924011122e-01 6.586929323527131175e-02 4.406964887617724480e-02
