4.760680799122679607e-01 9.816936638918738467e-02 9.839912384036755277e-01 1.463614067272161756e-01 8.186107838324048203e-01 1.208049308734423927e-01 1.303379286673254644e-01 6.588318832292482108e-02 1.303616928073797476e-01 6.589729760318283058e-02 4.406828038345387416e-02
4.987687362848662320e-01 1.469201911979135244e-01 9.839663019322090198e-01 1.463507443521197549e-01 8.188987665581556330e-01 1.208446331940049578e-01 1.304237210037192674e-01 6.593114945140046701e-02 1.304026791590471024e-01 6.591821831167289647e-02 4.409479779899104501e-02
5.304314374744195648e-01 1.780698603258315249e-01 9.839627036671844129e-01 1.463547453887490135e-01 8.187859689810332853e-01 1.208291152301195492e-01 1.304286384081122241e-01 6.593554867719582380e-02 1.303862032835182705e-01 6.590989839346537982e-02 4.408498866810906663e-02
7.792020791099882882e-01 1.802845578886732858e-01 9.839383696446016847e-01 1.463713127599261810e-01 8.179368304370283616e-01 1.207121371696246726e-01 1.302457820611058747e-01 6.583667683058037901e-02 1.302465775698759820e-01 6.583851318953949650e-02 4.400651428619817285e-02
8.514637677629645074e-01 1.908335018663466776e-01 9.839058969117211451e-01 1.463448532224398413e-01 8.185477841761226170e-01 1.207962998778711050e-01 1.303222460047531173e-01 6.587509312324155153e-02 1.303345790238027713e-01 6.588312712790883596e-02 4.406238415483935966e-02
8.459078575596032934e-01 2.098666116431158191e-01 9.839098414978958429e-01 1.463421825004420362e-01 8.187229394649491176e-01 1.208204356043048183e-01 1.303591524230249266e-01 6.589527584052644327e-02 1.303717010492653761e-01 6.590225495774680586e-02 4.407844395416218169e-02
8.667991826094860741e-01 2.227734765388261484e-01 9.839025628278510460e-01 1.463389651413310177e-01 8.187889415991175257e-01 1.208295882385843206e-01 1.303722553761061664e-01 6.590207746125190114e-02 1.303808965460546976e-01 6.590697859020631932e-02 4.408434649024456364e-02
9.063687328934120213e-01 2.573011060987381304e-01 9.838959245483739346e-01 1.463282461794307432e-01 8.185526458933990446e-01 1.207972482708097040e-01 1.303427872795810405e-01 6.588709878266452158e-02 1.303472555970688895e-01 6.588993856495602153e-02 4.406240996022504214e-02
9.871576608328027636e-01 3.327370580996285576e-01 9.838733077577832553e-01 1.463386975403341284e-01 8.190367641738995896e-01 1.208637228412405423e-01 1.304191188797859391e-01 6.592612775146404480e-02 1.304188689757065089e-01 6.592598927069341641e-02 4.410731264830100584e-02
9.888151181223732156e-01 3.336292776791608961e-01 9.838710804706368718e-01 1.463412462973141537e-01 8.191414627568854856e-01 1.208780938386679188e-01 1.304336663511985739e-01 6.593349244331032921e-02 1.304333306896659495e-01 6.593329342493850498e-02 4.411698764042285698e-02
