4.596204409764108600e-01 7.240427940215575509e-02 9.839754437406674770e-01 1.463438572467764820e-01 8.190843328276810054e-01 1.208702147931741272e-01 1.303652404523336084e-01 6.589355983295969166e-02 1.304256204864693014e-01 6.592947036080094858e-02 4.411173156309128318e-02
4.650470341133542962e-01 7.797265253950211306e-02 9.839744349050180139e-01 1.463452528898404326e-01 8.190464345644414834e-01 1.208649906057376183e-01 1.303704125411960790e-01 6.589717252889328025e-02 1.304200846345114351e-01 6.592670673081216237e-02 4.410830764076934668e-02
5.723723134864660000e-01 1.179050477434927940e-01 9.839586710840345640e-01 1.463480545963652679e-01 8.188411976389150526e-01 1.208367128511512179e-01 1.303742015966973256e-01 6.590206653292933481e-02 1.303833319836145421e-01 6.590799739560108950e-02 4.408991386593350686e-02
8.639010668349696997e-01 1.660314696736251427e-01 9.838907672333174759e-01 1.463415767079933039e-01 8.185651001985406738e-01 1.207986840718716648e-01 1.303091591447417819e-01 6.586654766319655074e-02 1.303192284274780621e-01 6.587491481712537400e-02 4.406405800802196127e-02
8.776157302394931303e-01 1.735463035215866479e-01 9.838864302081887780e-01 1.463409681475182078e-01 8.186887202716406353e-01 1.208157154699833064e-01 1.303269215746372112e-01 6.587570525342317795e-02 1.303386563335309500e-01 6.588479953651288357e-02 4.407534234810148166e-02
8.798341814344610157e-01 2.023423546894575487e-01 9.838951395278177081e-01 1.463415614999685199e-01 8.188527235372871083e-01 1.208383121810103211e-01 1.303716009177821877e-01 6.590064476512690061e-02 1.303807623888257883e-01 6.590663206526148343e-02 4.409041699996506247e-02
9.072641966220045262e-01 2.210875740415197688e-01 9.838900971290180930e-01 1.463414403152981935e-01 8.190895681704006837e-01 1.208709445928864840e-01 1.304178154464197548e-01 6.592517696051626575e-02 1.304219201486730428e-01 6.592772269433859467e-02 4.411218941796300752e-02
9.337145935173435385e-01 2.514007309346117935e-01 9.838841002300495742e-01 1.463409776704812371e-01 8.191206431703418334e-01 1.208752335318720450e-01 1.304249678330053897e-01 6.592888868530014101e-02 1.304275212938933726e-01 6.593051836904442742e-02 4.411505337465754933e-02
9.885363043674979533e-01 3.324684600143901769e-01 9.838711538881663721e-01 1.463413736896113093e-01 8.191453860161574951e-01 1.208786332828706567e-01 1.304342396634544099e-01 6.593378933820048804e-02 1.304342550294221859e-01 6.593380076117584532e-02 4.411737923397329036e-02
9.891285766015689429e-01 3.333304077284228173e-01 9.838709838938071162e-01 1.463414403947811693e-01 8.191481470099839512e-01 1.208790121683954027e-01 1.304346749001341899e-01 6.593401143141562615e-02 1.304346741676530030e-01 6.593401100827694927e-02 4.411764295117961976e-02
