3.499764027376243147e-01 2.758247452122707943e-01 9.839412522404075157e-01 1.463416969920595112e-01 8.191452398940277657e-01 1.208786121389928553e-01 1.304842740347174623e-01 6.596475338364518604e-02 1.304420430197703040e-01 6.593880406353669343e-02 4.411737504771254953e-02
3.750982203428891992e-01 2.755863507588572348e-01 9.839170387700507669e-01 1.463473110808284072e-01 8.190566085696879828e-01 1.208664094968443375e-01 1.304509255766651277e-01 6.594547242598645942e-02 1.304351360204798194e-01 6.593586650711448505e-02 4.411108420467747121e-02
4.024144467752636678e-01 2.729459676347366637e-01 9.838932284357712055e-01 1.463524549730025603e-01 8.189749232878684726e-01 1.208551681047514564e-01 1.304190969078157236e-01 6.592706736576212090e-02 1.304294941260952245e-01 6.593370795923361727e-02 4.410561023038132161e-02
4.280893154192961236e-01 2.589099897724396748e-01 9.838836792444967116e-01 1.463468179455369722e-01 8.190559658372212892e-01 1.208663448737145735e-01 1.303899844379691475e-01 6.590933648784996768e-02 1.304131730326385519e-01 6.592431110062077493e-02 4.411100602112257019e-02
4.477999114347470111e-01 2.464300852309042056e-01 9.838771837440384305e-01 1.463414638315817529e-01 8.191341730346934913e-01 1.208770992372511371e-01 1.303661279760860436e-01 6.589485147012415223e-02 1.304008348153608554e-01 6.591715660495905960e-02 4.411697848219457013e-02
4.527606547275331850e-01 2.453370034158788293e-01 9.838946755024620128e-01 1.463413608367065410e-01 8.191398970036065652e-01 1.208778911783009169e-01 1.303770847690604029e-01 6.590225874710016474e-02 1.304050212788197272e-01 6.591942367681294379e-02 4.412015867790793772e-02
4.957172386995792324e-01 2.143424373451376652e-01 9.839409030501423681e-01 1.463434851756718613e-01 8.190921712684118283e-01 1.208713053351522237e-01 1.304555102005605371e-01 6.594915164315898193e-02 1.304224690586489044e-01 6.592842387776634561e-02 4.411589481122287631e-02
5.121372820465408537e-01 1.776588574321842362e-01 9.839675372898311068e-01 1.463616806107497226e-01 8.186034205878260916e-01 1.208039158308185229e-01 1.304150640473003830e-01 6.592982749316450564e-02 1.303637199545187308e-01 6.589867005540873957e-02 4.406777330122459146e-02
4.756015299612189606e-01 9.728025979313213722e-02 9.839996963205207559e-01 1.463749596291360477e-01 8.182451175735580007e-01 1.207545194467999489e-01 1.302880672473910317e-01 6.585794871711982135e-02 1.303120075011066359e-01 6.587218084847755450e-02 4.403467437987013122e-02
4.594604098432447659e-01 7.228311807365810082e-02 9.839777265231098857e-01 1.463478469701181561e-01 8.189766883546544252e-01 1.208553747420636898e-01 1.303503027370256917e-01 6.588597204432511401e-02 1.304110325222470057e-01 6.592209471765660134e-02 4.410183723323792687e-02
