3.450236412934966079e-01 3.038381660195593748e-01 9.838984884300568945e-01 1.463422679546064475e-01 8.191360423753873965e-01 1.208773797412211470e-01 1.304316882120904464e-01 6.593361354566640298e-02 1.304041266824274292e-01 6.591789575980115667e-02 4.411619286666384337e-02
3.592336161169852327e-01 3.061576083360220135e-01 9.838955618728317809e-01 1.463592029589158294e-01 8.188637753092906646e-01 1.208406768676153487e-01 1.303998228978452134e-01 6.591729986022465404e-02 1.303934606961753839e-01 6.591412781142513833e-02 4.409269811956623153e-02
3.923014480223190326e-01 2.872834829472908913e-01 9.839101124828272260e-01 1.463992145614898821e-01 8.181775234741972547e-01 1.207493139199775078e-01 1.303147707686562184e-01 6.587443223599881437e-02 1.303212270145468754e-01 6.587861561924625298e-02 4.403463197687253194e-02
4.266542915234328159e-01 2.672952795843323570e-01 9.839118429564768231e-01 1.463721112985155448e-01 8.182918018887950229e-01 1.207683215761558709e-01 1.303106350904825739e-01 6.587079168511174310e-02 1.303457423623309297e-01 6.589010185681469511e-02 4.406334174168035495e-02
4.505649797282740843e-01 2.510508750390728627e-01 9.839029890320355465e-01 1.463393782468137005e-01 8.186165730505030602e-01 1.208091351848482875e-01 1.303144280419991641e-01 6.586998356486696571e-02 1.303963966362007565e-01 6.591483724871204097e-02 4.411022691106799426e-02
4.757769366987421589e-01 2.400675351565325077e-01 9.839370407564301813e-01 1.463393823054039700e-01 8.189317767767140266e-01 1.208502742498607785e-01 1.303962919056470271e-01 6.591533276373905126e-02 1.304189981960516276e-01 6.592613413662039290e-02 4.412053283190568720e-02
5.087088303249334142e-01 2.131063107618428876e-01 9.839536184400272667e-01 1.463418261825845390e-01 8.191295337266735199e-01 1.208764765332525776e-01 1.304915750055350154e-01 6.596894174432386959e-02 1.304363437349283505e-01 6.593532653429003132e-02 4.411983310978973699e-02
5.162639446195564918e-01 1.952371971685918639e-01 9.839491028645032111e-01 1.463445931567122216e-01 8.190649660069334592e-01 1.208675457993728386e-01 1.304883872519755350e-01 6.596789530481096675e-02 1.304275528640564119e-01 6.593097604032614745e-02 4.411063566555230991e-02
4.981756560774949771e-01 1.455776403544839226e-01 9.839702082914967285e-01 1.463564669658627138e-01 8.187444951322395692e-01 1.208233652875120301e-01 1.304020120248060854e-01 6.592009756773850593e-02 1.303816543020869523e-01 6.590758456793792408e-02 4.408062168359624250e-02
4.650054042595342940e-01 7.785128102109445392e-02 9.839751844068026498e-01 1.463475471951717899e-01 8.189844863012343268e-01 1.208564503292849368e-01 1.303617232568118067e-01 6.589275678820583071e-02 1.304116585959031460e-01 6.592244622180273850e-02 4.410261597335351363e-02
