3.389902108785068924e-01 3.297580644843289832e-01 9.838658258945995883e-01 1.463416597286519294e-01 8.191442116249609828e-01 1.208788133025355954e-01 1.303883166448754349e-01 6.590761591997472413e-02 1.303821207729314591e-01 6.590560073082789294e-02 4.411693925618091761e-02
3.461874551294427671e-01 3.304202625822018069e-01 9.838753071619421586e-01 1.463469820663061693e-01 8.190073858104429672e-01 1.208687578781318245e-01 1.304057131422662885e-01 6.591829478600300107e-02 1.304095678481613230e-01 6.592175774986155923e-02 4.411077236543514690e-02
3.637951338812542290e-01 3.254703968531015845e-01 9.839368155962207041e-01 1.464171084986220783e-01 8.167981930343748420e-01 1.206468585532062404e-01 1.302078464133858693e-01 6.581993872633508380e-02 1.302132234565787361e-01 6.582351109796344413e-02 4.397336815532400939e-02
4.232304029232252240e-01 2.977827428651628194e-01 9.841392525159912141e-01 1.466005065838144605e-01 8.083148750236707203e-01 1.196815181797642874e-01 1.292512034712046676e-01 6.533636545257222317e-02 1.293814257627832198e-01 6.540215394395043624e-02 4.345321310825520783e-02
4.934488238823737660e-01 2.600715321936534208e-01 9.840282634704211606e-01 1.464053827301499133e-01 8.138983987793044772e-01 1.202793628015916133e-01 1.298326757110978280e-01 6.562939430308786792e-02 1.300887520965811062e-01 6.575917331652347819e-02 4.390009454155894414e-02
5.117729201031133712e-01 2.399312605631108153e-01 9.839390025240649651e-01 1.463412467108391457e-01 8.186336561421346802e-01 1.208165559677374518e-01 1.303951418798849904e-01 6.591641070125094093e-02 1.304211471166060177e-01 6.592732730695584353e-02 4.411059608713280983e-02
5.094054518597153081e-01 2.249678984537190063e-01 9.839533824765757108e-01 1.463430347955950450e-01 8.190895693769618680e-01 1.208711358767741578e-01 1.304848047032889091e-01 6.596487641845605321e-02 1.304331565633609913e-01 6.593370299697887127e-02 4.411790065371297420e-02
5.140111694456297453e-01 2.094289482689556670e-01 9.839600592563060300e-01 1.463513725581045977e-01 8.188995402027208215e-01 1.208447679998216340e-01 1.304653720962283547e-01 6.595590938208717446e-02 1.304054307595162443e-01 6.591976620619482974e-02 4.409739507682476634e-02
5.302744969038062361e-01 1.775520803371981593e-01 9.839625052771254765e-01 1.463550559441171295e-01 8.187755371605954791e-01 1.208276767385445538e-01 1.304270156390978097e-01 6.593470900403770873e-02 1.303847476270964534e-01 6.590916198598155418e-02 4.408403939778565012e-02
5.711899285576915730e-01 1.175362615278646716e-01 9.839600824259780998e-01 1.463505826410265998e-01 8.187718674761647053e-01 1.208271543854200214e-01 1.303648102195059943e-01 6.589732285154409341e-02 1.303739732307660493e-01 6.590326919138705941e-02 4.408355478583794035e-02
