3.281327042975050734e-01 3.495420794406077780e-01 9.838662440596439573e-01 1.463417580902327819e-01 8.191379346052407584e-01 1.208789565008031031e-01 1.303699295600095898e-01 6.589618406236234793e-02 1.304023993360407252e-01 6.591653901232469304e-02 4.411730453779909994e-02
3.398850213809106457e-01 3.421524941762519312e-01 9.838836594716947603e-01 1.463532352740865294e-01 8.186887875842047135e-01 1.208605694222094490e-01 1.303805379272509890e-01 6.590390483187855142e-02 1.304024039449847017e-01 6.591781839717672509e-02 4.410602333504645006e-02
3.746003088303973549e-01 3.344994306877636103e-01 9.840666881481080486e-01 1.465465043987978222e-01 8.112734233717050492e-01 1.201747483615699524e-01 1.297355260277182065e-01 6.558067984178307663e-02 1.297349559746101832e-01 6.558070991357328738e-02 4.368111977282367053e-02
4.373438620944770650e-01 3.225964486794455355e-01 9.844209874787919201e-01 1.469577503036202659e-01 7.950629913648977753e-01 1.182976603621297695e-01 1.278755043131972746e-01 6.464002136852503577e-02 1.279280527741607776e-01 6.466675452088556375e-02 4.254108888055238569e-02
5.123953771575764371e-01 2.636003571291861136e-01 9.840295301101238401e-01 1.464717577191533282e-01 8.133570725730990825e-01 1.202706474241163198e-01 1.298229971927485349e-01 6.562417974099429840e-02 1.298989987834636706e-01 6.566321611723445473e-02 4.377644470183723185e-02
5.216131535828116839e-01 2.490886102018717296e-01 9.839067795185968412e-01 1.463478378638300714e-01 8.187658447494635672e-01 1.208385693135096972e-01 1.303907366485272668e-01 6.591174268894824106e-02 1.304083007828763519e-01 6.592073248785089434e-02 4.410042227190844738e-02
5.172024747340819850e-01 2.371845810241120511e-01 9.839368714304611574e-01 1.463584644616600094e-01 8.186723403675115751e-01 1.208145439518834158e-01 1.303967577442979586e-01 6.591741705979636823e-02 1.303745021464642884e-01 6.590384749578244439e-02 4.407772995715383835e-02
5.417197338279301499e-01 2.170069548859318298e-01 9.840120563987598823e-01 1.464172979369161298e-01 8.171715866117053029e-01 1.206067453763884495e-01 1.302046513571419040e-01 6.582155646869602972e-02 1.301679037708582121e-01 6.579945869011702420e-02 4.393859316615243010e-02
7.804592067398485877e-01 1.800311128962250318e-01 9.839373856912396743e-01 1.463708608570696290e-01 8.179214334801704345e-01 1.207100150722224263e-01 1.302435044860581204e-01 6.583550808864450932e-02 1.302443390252380206e-01 6.583737733051188423e-02 4.400510505712448839e-02
8.631697387051150416e-01 1.659094339919199856e-01 9.838924791117327207e-01 1.463415722691829013e-01 8.184841492139586228e-01 1.207875311010703501e-01 1.302983653552397814e-01 6.586111533452261579e-02 1.303083193708317877e-01 6.586940132348344246e-02 4.405662179199815176e-02
