2.924396183755306189e-01 3.979574342250825625e-01 9.838625456130448699e-01 1.463425955228865871e-01 8.190961666629950066e-01 1.208737919613703526e-01 1.303579342975564048e-01 6.588901293617456523e-02 1.304128984256127111e-01 6.592224304047042405e-02 4.411427776455451033e-02
3.132467344309423640e-01 3.880802761510655507e-01 9.838899810578152216e-01 1.463646907152362231e-01 8.181793964883157244e-01 1.208160399277837943e-01 1.303166315052990964e-01 6.586960475994547981e-02 1.303584180022882011e-01 6.589498426943568576e-02 4.407778978234246081e-02
4.211584424265962245e-01 3.882639226882955708e-01 9.840160741607687500e-01 1.464961236151471335e-01 8.131657280953927813e-01 1.203401975459644641e-01 1.298973554148397935e-01 6.566216422247303508e-02 1.298955533362058101e-01 6.566126143989003960e-02 4.378208735337114910e-02
4.574628864670214901e-01 4.017168478361502482e-01 9.840302090258417067e-01 1.465236100944898312e-01 8.121685011349580874e-01 1.201321030129408191e-01 1.296938479791075183e-01 6.555937876973896850e-02 1.296962276117228641e-01 6.556063890142146966e-02 4.365343709330905819e-02
4.983432566301266298e-01 3.236698961750901771e-01 9.839648480026366162e-01 1.464263319635052130e-01 8.158230055119615187e-01 1.205392263982189988e-01 1.300921446831956596e-01 6.576042967285965213e-02 1.301038321575851975e-01 6.576676340053337622e-02 4.390624687988298191e-02
5.267219013746150535e-01 2.623782248917028159e-01 9.839078228090004652e-01 1.463645386297912077e-01 8.183712329046083367e-01 1.207890893167984092e-01 1.303349808758992034e-01 6.588292913873132484e-02 1.303461527939346609e-01 6.588926146920937033e-02 4.405908199605722275e-02
5.576935049531099864e-01 2.600681791773501450e-01 9.839492653310002446e-01 1.464257445555582904e-01 8.166908878753047496e-01 1.205423791059493932e-01 1.300910673022533937e-01 6.575975704629632990e-02 1.300962744443472097e-01 6.576293754354241294e-02 4.389329296468383323e-02
7.500088826698884104e-01 2.195211641739098218e-01 9.839621573498973373e-01 1.464024120180467126e-01 8.170976942899891293e-01 1.205964474316165019e-01 1.301419759810895915e-01 6.578572896501271028e-02 1.301493039484448999e-01 6.578978979763600021e-02 4.392910351482522818e-02
8.521972551441220345e-01 1.909906328581659762e-01 9.839068388728020587e-01 1.463458373983592686e-01 8.184524750480238753e-01 1.207831690807731895e-01 1.303094405546842971e-01 6.586864163221418933e-02 1.303217331248423816e-01 6.587663645645483457e-02 4.405362222114604653e-02
8.776439056337977940e-01 1.739071218418603015e-01 9.838894364885444332e-01 1.463407099472407713e-01 8.185425772494804297e-01 1.207955805650148678e-01 1.303076240529816021e-01 6.586602008497181859e-02 1.303191215254594915e-01 6.587493278279792086e-02 4.406190807225891098e-02
