2.498597379809814889e-01 5.846921215838782881e-01 9.838221511401255004e-01 1.463496648140127920e-01 8.187238557936440397e-01 1.208207904067533228e-01 1.302619142015605525e-01 6.583805866753900116e-02 1.303692045005701017e-01 6.590152238425456277e-02 4.408003518106352880e-02
2.745595880110095477e-01 5.703247608637488364e-01 9.838751651861312730e-01 1.463932007517037281e-01 8.164739161122952504e-01 1.205157503817360920e-01 1.299732053641399487e-01 6.569317037002152249e-02 1.300673361014280383e-01 6.574886539050608936e-02 4.388332430882737473e-02
4.452794926988586921e-01 4.508013496554705846e-01 9.838915688955123251e-01 1.463647509884712927e-01 8.180270525446002861e-01 1.207370108641523249e-01 1.302875727358551450e-01 6.585919239897759792e-02 1.302931937061926337e-01 6.586252190189076372e-02 4.402650281250269221e-02
4.624495555788494805e-01 4.317728806505557460e-01 9.838755694540968211e-01 1.463464296525796571e-01 8.189541644439679580e-01 1.208576124444067368e-01 1.304133912333403644e-01 6.592324464186104238e-02 1.304134437752731412e-01 6.592327514484443152e-02 4.410423566870926015e-02
4.863244330514141511e-01 4.134485366269323170e-01 9.838778650803724490e-01 1.463466915642184785e-01 8.189507223949127335e-01 1.208583307918830868e-01 1.304109633935136570e-01 6.592181391076050445e-02 1.304121963977699916e-01 6.592262470472262659e-02 4.410437510812975637e-02
6.149019196221205963e-01 3.311089947860976213e-01 9.838800797006187482e-01 1.463494293378830302e-01 8.188974380359765881e-01 1.208458524918401972e-01 1.303573037337705798e-01 6.589204319945855814e-02 1.303701520648159196e-01 6.590113312319312300e-02 4.409299180359269738e-02
6.532986485701689494e-01 3.197791256189028153e-01 9.838791093084198192e-01 1.463492574749232222e-01 8.188969371489565052e-01 1.208443971260405869e-01 1.303436735287749892e-01 6.588439960380444715e-02 1.303597449848301615e-01 6.589582538459681782e-02 4.409122576560836615e-02
7.551516752147974243e-01 2.595418625732707207e-01 9.839015342051272706e-01 1.463461984285084339e-01 8.186948658231826270e-01 1.208165575838488909e-01 1.303392257647902341e-01 6.588407501917015185e-02 1.303541217968275101e-01 6.589324537843024854e-02 4.407442390904080937e-02
8.461031075945852908e-01 2.101711638945923388e-01 9.839086530544528530e-01 1.463421077491432187e-01 8.187756343658714187e-01 1.208276933255442304e-01 1.303665523609748855e-01 6.589904352501407825e-02 1.303790696901930279e-01 6.590598393404281663e-02 4.408328988661118497e-02
8.803083946199058429e-01 2.030581561300091875e-01 9.838960124537144969e-01 1.463414242402024390e-01 8.188219991952027099e-01 1.208340788409371508e-01 1.303679955729179218e-01 6.589888272905061739e-02 1.303770935010251930e-01 6.590478641544458838e-02 4.408759342741915693e-02
