2.511803207356204104e-01 6.079038530909672833e-01 9.838137234563006928e-01 1.463474986721637339e-01 8.188401154314617347e-01 1.208366862830325544e-01 1.302702135728223409e-01 6.584185919554719213e-02 1.303866194285711322e-01 6.591058316999011402e-02 4.409016271213921784e-02
2.964038572459672394e-01 5.949593225027286492e-01 9.838685927539104759e-01 1.463845671724289255e-01 8.169198480946417984e-01 1.205728217695704596e-01 1.300392622485039562e-01 6.572738248059288579e-02 1.301263488096361387e-01 6.577881369014769442e-02 4.391978021073961180e-02
4.226000582532858929e-01 5.423203574243385949e-01 9.838877965219251509e-01 1.463609453026395724e-01 8.181414892432821162e-01 1.207407289878892759e-01 1.302906603914541217e-01 6.586071692198836036e-02 1.302971394635834279e-01 6.586454417123414895e-02 4.402825684540872392e-02
4.547922077069098679e-01 4.824721436427719112e-01 9.838723885868883023e-01 1.463428711928777270e-01 8.190767783802809232e-01 1.208692763332233633e-01 1.304248272174210188e-01 6.592902062030922550e-02 1.304249697500666494e-01 6.592910247206852647e-02 4.411134582703535312e-02
5.206220691955402158e-01 4.176695575390815263e-01 9.838718467519341759e-01 1.463414352013614750e-01 8.191293256908147580e-01 1.208765163716987306e-01 1.304220926739504960e-01 6.592700582829609524e-02 1.304248624477553908e-01 6.592897519310281229e-02 4.411551622390601918e-02
6.431660748761873769e-01 3.303072689399051409e-01 9.838729453737348196e-01 1.463413944562348967e-01 8.191340858296966010e-01 1.208770789076264451e-01 1.303774009692601765e-01 6.590152731222914673e-02 1.303926759471790986e-01 6.591247218858259371e-02 4.411307513673299457e-02
6.527299553769109197e-01 3.235501980831869129e-01 9.838727501157403799e-01 1.463411970173506549e-01 8.191330437669933628e-01 1.208769378801373418e-01 1.303732207795845754e-01 6.589916796453568204e-02 1.303902457184163699e-01 6.591131885063543361e-02 4.411277567997407001e-02
6.855720927083218674e-01 3.047502426901146366e-01 9.838833261718782364e-01 1.463375025307043498e-01 8.188930450723856946e-01 1.208439556262807801e-01 1.303483514987142100e-01 6.588722808963667910e-02 1.303642115678907976e-01 6.589817327529026714e-02 4.409120992034721437e-02
8.675122480311399098e-01 2.227900630397980364e-01 9.839012888777624033e-01 1.463402030427821687e-01 8.188528399769003929e-01 1.208383649529816140e-01 1.303810134699897316e-01 6.590650175067956640e-02 1.303897089423978750e-01 6.591142901942081966e-02 4.409024002876704706e-02
9.076809154267376778e-01 2.213204627584236528e-01 9.838903481292672337e-01 1.463414864324737719e-01 8.191001178726761145e-01 1.208723964970098430e-01 1.304191546690245118e-01 6.592584325956661606e-02 1.304235904290099446e-01 6.592855862144365864e-02 4.411316147158953621e-02
