3.140108381539438165e-01 6.179611216246396754e-01 9.838329379278156761e-01 1.463473457045322834e-01 8.188446847147906604e-01 1.208373123890325584e-01 1.303079513239226994e-01 6.586365422389683921e-02 1.303891011375240272e-01 6.591157565779705296e-02 4.409064603972111945e-02
3.844612345768447237e-01 5.835073869287836779e-01 9.838696751784538064e-01 1.463564050833595365e-01 8.183780915712921544e-01 1.207731966661284434e-01 1.302971135689226512e-01 6.586207622937864659e-02 1.303280878353498262e-01 6.588036782369811883e-02 4.404917550864086151e-02
4.266895105697526835e-01 5.615177833810792718e-01 9.838728276802677364e-01 1.463438204911027274e-01 8.190292193218630112e-01 1.208626711369433088e-01 1.304173846466482600e-01 6.592519310716116188e-02 1.304184077920060025e-01 6.592579722900540617e-02 4.410696916132628154e-02
4.430654325135360838e-01 5.491917418619758351e-01 9.838713337818764115e-01 1.463418275058819829e-01 8.191298996581689584e-01 1.208765029216908315e-01 1.304321336849576241e-01 6.593272341036542084e-02 1.304321720201249146e-01 6.593274541165156100e-02 4.411597955549491357e-02
5.169686995718374423e-01 4.820873743089892915e-01 9.838722749836391612e-01 1.463402165914756692e-01 8.190934196521442168e-01 1.208714847217082639e-01 1.304203395669249754e-01 6.592632691300448489e-02 1.304219760003301198e-01 6.592751996813681070e-02 4.411223898175840874e-02
6.454599747187861336e-01 3.414209991805129962e-01 9.838770291583198713e-01 1.463358211907700990e-01 8.189205155354734034e-01 1.208477609388882434e-01 1.303516126463812042e-01 6.588869764267588081e-02 1.303643934396229720e-01 6.589803255100118440e-02 4.409346056207850972e-02
6.580727616793288215e-01 3.253934007124233974e-01 9.838777442850583643e-01 1.463350848622318734e-01 8.188896856214722408e-01 1.208435332732478995e-01 1.303409508293219277e-01 6.588290176376138119e-02 1.303557622146993000e-01 6.589367034510659749e-02 4.409024081018236840e-02
6.764126857171566254e-01 3.193446255307356152e-01 9.839009878905004003e-01 1.463088587436608135e-01 8.177975582296976853e-01 1.206936187790675907e-01 1.301954869385438252e-01 6.580966649091438136e-02 1.302096659138136103e-01 6.581990865765945109e-02 4.398977235867022190e-02
9.067187581625023585e-01 2.570077760203308137e-01 9.838947770933260673e-01 1.463296301520445042e-01 8.186129570073479300e-01 1.208055283083379755e-01 1.303510858593175115e-01 6.589129488175514415e-02 1.303555350759245390e-01 6.589411916273164860e-02 4.406797458786383681e-02
9.334501689870778884e-01 2.509226554999534620e-01 9.838842114793857618e-01 1.463411075682018447e-01 8.191261831909003588e-01 1.208759940680244199e-01 1.304256458572464472e-01 6.592922614976774731e-02 1.304283356711154196e-01 6.593092878101865228e-02 4.411556436326766889e-02
