4.687927613123176740e-01 6.459583271234784485e-01 9.838692804297042294e-01 1.463417028964380528e-01 8.191365858818461243e-01 1.208774238602347839e-01 1.304293586990534770e-01 6.593104829815780998e-02 1.304329151428671729e-01 6.593314833639792039e-02 4.411655130652491347e-02
4.695265722212532133e-01 6.137873211532605122e-01 9.838709335455807503e-01 1.463424252531881353e-01 8.190990867594669655e-01 1.208722708982167826e-01 1.304259741044181409e-01 6.592946504329741386e-02 1.304278874542112998e-01 6.593059501606979289e-02 4.411323065422515649e-02
4.656296678039205106e-01 5.542343367362989603e-01 9.838711849817438626e-01 1.463417168733375517e-01 8.191357580901087454e-01 1.208773100751870250e-01 1.304328905597971766e-01 6.593310256645160128e-02 1.304329810891912966e-01 6.593315603661428770e-02 4.411649013420330251e-02
5.030670193592163830e-01 5.262691490709153763e-01 9.838709880529061813e-01 1.463414782100360412e-01 8.191478856115125273e-01 1.208789763733257305e-01 1.304346361187843917e-01 6.593399164209857999e-02 1.304346335765618203e-01 6.593399010623580969e-02 4.411758572554476399e-02
5.390397464480553014e-01 5.087856596856703550e-01 9.838711690315565805e-01 1.463410248383118784e-01 8.191327952564475545e-01 1.208769020600624911e-01 1.304320895082291265e-01 6.593266232395583737e-02 1.304310276480539210e-01 6.593203835629500575e-02 4.411614928538425129e-02
7.667278802510648639e-01 4.251998468276276255e-01 9.838780651229555030e-01 1.463255761459190951e-01 8.186085503995592649e-01 1.208048655607306260e-01 1.303457159932587539e-01 6.588773300244828157e-02 1.303135165493954362e-01 6.586883566966138248e-02 4.406450672600098484e-02
8.920256717379877465e-01 3.824895682150842302e-01 9.838814172026354443e-01 1.463175786028907410e-01 8.183321683525239809e-01 1.207668931610646340e-01 1.303000772242344507e-01 6.586396637424288270e-02 1.302491335160287367e-01 6.583403726189578087e-02 4.403707302794245687e-02
9.218705468336171327e-01 3.632776616876899345e-01 9.838882819332183116e-01 1.463130741959510484e-01 8.180975123966734985e-01 1.207347193794543611e-01 1.302748895549099839e-01 6.585187563151401191e-02 1.302423635081663145e-01 6.583282329269496413e-02 4.401722702175455554e-02
9.874376230853286751e-01 3.326778897832767812e-01 9.838721777832021287e-01 1.463400980233057758e-01 8.190936417284289117e-01 1.208715303381873163e-01 1.304269326568962550e-01 6.593007913523903085e-02 1.304266874940886722e-01 6.592994100158977577e-02 4.411256090274080083e-02
9.884705083877698417e-01 3.323514474630658300e-01 9.838711298200090161e-01 1.463414414050955292e-01 8.191481404360980711e-01 1.208790114133982269e-01 1.304346042736859723e-01 6.593397304210801835e-02 1.304346313024887516e-01 6.593399081165605968e-02 4.411762469666832137e-02
