4.945631499718844970e-01 6.472431038220375354e-01 9.838709587805677392e-01 1.463414645716550888e-01 8.191488431695679306e-01 1.208791081698378789e-01 1.304347492936078767e-01 6.593404756018302060e-02 1.304347690762162892e-01 6.593405923999329232e-02 4.411764177873036402e-02
5.081125457788964184e-01 6.298822595749331565e-01 9.838709701842330846e-01 1.463414696057637743e-01 8.191484776813998669e-01 1.208790579511791058e-01 1.304347068137260146e-01 6.593402662685453330e-02 1.304347193763427115e-01 6.593403404563245862e-02 4.411761896769347130e-02
5.228457668689593385e-01 5.437326438949496854e-01 9.838709736604618339e-01 1.463414668384822592e-01 8.191486243312116056e-01 1.208790781088236455e-01 1.304347390432334941e-01 6.593404379108756819e-02 1.304347398846067430e-01 6.593404428803249784e-02 4.411763581273633883e-02
5.278478145891533080e-01 5.147725559450011534e-01 9.838709742269979852e-01 1.463414655623533900e-01 8.191485920246425190e-01 1.208790735521856757e-01 1.304347343373906121e-01 6.593404138952499438e-02 1.304347295829976494e-01 6.593403856925526829e-02 4.411764384692967028e-02
5.486425649822762596e-01 5.054156293168997616e-01 9.838710669347766613e-01 1.463410776589826046e-01 8.191354224016345054e-01 1.208772625694511799e-01 1.304325078909683577e-01 6.593287362470888480e-02 1.304310186521586423e-01 6.593199064281464461e-02 4.411638129993251944e-02
8.346562678707898364e-01 4.190130797774461180e-01 9.838741013326988138e-01 1.463278476866617106e-01 8.187272463561592328e-01 1.208211398789381941e-01 1.303639338061998720e-01 6.589694124263860420e-02 1.303180144258140050e-01 6.586971842804477395e-02 4.407468528219728870e-02
9.315124088527866331e-01 3.905869822922548029e-01 9.838730453215938088e-01 1.463265038799712314e-01 8.186866792079210420e-01 1.208155622208270247e-01 1.303537868003473155e-01 6.589135873954503342e-02 1.302915088437805458e-01 6.585442846581940346e-02 4.406942027804131717e-02
9.523178403900330879e-01 3.707080777294678442e-01 9.838738806204724296e-01 1.463292141593006968e-01 8.187661951037789043e-01 1.208264993424728040e-01 1.303706256090453319e-01 6.590046107308848711e-02 1.303295585734499940e-01 6.587611594200222520e-02 4.407866008751798459e-02
9.888985229464836157e-01 3.335558075258224786e-01 9.838709639801256346e-01 1.463414258210914698e-01 8.191476621671265335e-01 1.208789456515770855e-01 1.304345339529588144e-01 6.593393297804070463e-02 1.304342769668023205e-01 6.593378043457209792e-02 4.411755911289559628e-02
9.891285690466533609e-01 3.333302272727916571e-01 9.838709789272417350e-01 1.463414477667934199e-01 8.191484020749202344e-01 1.208790473302862184e-01 1.304347095056380135e-01 6.593402893880813409e-02 1.304347089913495128e-01 6.593402863934458291e-02 4.411764701217425061e-02
