3.511080333222322269e-01 2.772403609240314259e-01 9.839379630348861205e-01 1.463421405211773330e-01 8.191382015036786646e-01 1.208776488631044116e-01 1.304797128842782872e-01 6.596209682591536172e-02 1.304396680869954472e-01 6.593755087076894061e-02 4.411680216230461776e-02
3.752157228529611199e-01 2.768145783656106307e-01 9.839159366566704312e-01 1.463488613616390488e-01 8.190317025445230659e-01 1.208630261246364662e-01 1.304461411305098961e-01 6.594292911607947671e-02 1.304309365416130573e-01 6.593372625308786816e-02 4.410878422003141480e-02
4.024115647823111597e-01 2.727331988352365566e-01 9.838952860068614914e-01 1.463554921060648828e-01 8.189247858807431335e-01 1.208483670036139684e-01 1.304117917272667460e-01 6.592340614563189927e-02 1.304211066408072217e-01 6.592938352744689978e-02 4.410089604996822454e-02
4.295239955148901778e-01 2.580453560185309025e-01 9.838870448806953384e-01 1.463482668553969246e-01 8.190260654462928613e-01 1.208623873832861267e-01 1.303860165869692722e-01 6.590756438440023568e-02 1.304093285251031464e-01 6.592239623947032667e-02 4.410934898829537570e-02
4.502391291156391806e-01 2.460360226115486104e-01 9.838823160610168372e-01 1.463417665510602650e-01 8.191258997033012967e-01 1.208760236226808643e-01 1.303708909504536495e-01 6.589791056216413867e-02 1.304021447703743175e-01 6.591789883525342453e-02 4.411733658747572090e-02
4.753808586335187547e-01 2.369398755806278178e-01 9.839137838723519547e-01 1.463417973652694215e-01 8.191267915688358325e-01 1.208761158185594903e-01 1.304224234835976992e-01 6.592802335623529353e-02 1.304163853783993077e-01 6.592514522547167355e-02 4.411889993787734138e-02
5.053640862918873378e-01 2.212964010581697505e-01 9.839558063174383973e-01 1.463422320866136495e-01 8.191283885175210111e-01 1.208762948574763907e-01 1.304944431536942118e-01 6.597021544905826151e-02 1.304356082456943344e-01 6.593503871572467534e-02 4.412025434679172492e-02
5.083001867690223330e-01 1.980950862541825674e-01 9.839581690332612762e-01 1.463425244023836835e-01 8.191212809732630884e-01 1.208753103489762087e-01 1.304910766190065241e-01 6.596846741718624674e-02 1.304353367222032545e-01 6.593488996626145626e-02 4.411766402937201265e-02
4.763466457616377658e-01 1.060481960983544608e-01 9.839750542387241117e-01 1.463467387462238090e-01 8.190066933433018947e-01 1.208595116270761577e-01 1.303935906506670794e-01 6.591156332642343629e-02 1.304161192511666956e-01 6.592482983483198555e-02 4.410487663139927433e-02
4.600410807666509561e-01 7.321125088145026549e-02 9.839775014834961642e-01 1.463486044590273094e-01 8.189562488178357968e-01 1.208525569257846294e-01 1.303492369163088693e-01 6.588560457893481714e-02 1.304082081628510636e-01 6.592067658416062015e-02 4.409996314989061972e-02
