3.457843564158209482e-01 3.046202058394730794e-01 9.838981925417472629e-01 1.463429223011097069e-01 8.191250288686415804e-01 1.208759843549572083e-01 1.304303499257583876e-01 6.593288213538743558e-02 1.304051856763944750e-01 6.591857020281247093e-02 4.411533169315974556e-02
3.599821217134540063e-01 3.049713114964704985e-01 9.838963010153320976e-01 1.463587386820624225e-01 8.188628372969812830e-01 1.208414851887411878e-01 1.304002875243650827e-01 6.591752798259505053e-02 1.303934377031114589e-01 6.591406157371439145e-02 4.409334426805489732e-02
3.924059671172944741e-01 2.865176322150078669e-01 9.839094281876251680e-01 1.463929006235376029e-01 8.182121486601677818e-01 1.207583360096708830e-01 1.303206115556598821e-01 6.587717165650959494e-02 1.303293628450039043e-01 6.588263430907329021e-02 4.404170164040273339e-02
4.341063400247743842e-01 2.630871005061195533e-01 9.839183194168712454e-01 1.463731800402132410e-01 8.182079621118315549e-01 1.207627220284945430e-01 1.302974387664065647e-01 6.586376762784518224e-02 1.303357861676741336e-01 6.588485313670633392e-02 4.405953300565405850e-02
4.676525738176712244e-01 2.494658617769758835e-01 9.839088974637227869e-01 1.463441052974655265e-01 8.187099620683419010e-01 1.208240615020143571e-01 1.303380871911369865e-01 6.588292939804324400e-02 1.303941817474916498e-01 6.591354096432426590e-02 4.410595449948558067e-02
4.989790916711998592e-01 2.425409475543289506e-01 9.839143170295540086e-01 1.463459200340685162e-01 8.188808997990482119e-01 1.208436867110548180e-01 1.303923688732958608e-01 6.591278189375061880e-02 1.304066046660326272e-01 6.591990874637373987e-02 4.410557603053390924e-02
5.133637567206243979e-01 2.187870810006157241e-01 9.839459108934875964e-01 1.463507626859496258e-01 8.189024237291915309e-01 1.208452846268359276e-01 1.304508786792773212e-01 6.594720735762744923e-02 1.304056098362551541e-01 6.591974726547343566e-02 4.409824966095157728e-02
5.162264861019673079e-01 1.972277383206327006e-01 9.839523104820273591e-01 1.463457860419208889e-01 8.190389513650535580e-01 1.208639714128429549e-01 1.304823777068121193e-01 6.596456986452060856e-02 1.304240122786944345e-01 6.592916441973237229e-02 4.410848258237316799e-02
4.975799828260135671e-01 1.457864392540839382e-01 9.839705991709392086e-01 1.463547417833981901e-01 8.187908960028026373e-01 1.208297633641638447e-01 1.304048546966994904e-01 6.592119809854629642e-02 1.303881475126591472e-01 6.591085130574872442e-02 4.408496918353245475e-02
4.685263594067982096e-01 8.255509036733407746e-02 9.839941778401543049e-01 1.463712963272569556e-01 8.183432495227341841e-01 1.207680484123252046e-01 1.302817191561893295e-01 6.585291660675868242e-02 1.303247340797786535e-01 6.587852612240131800e-02 4.404371174393173494e-02
