3.393277715977204845e-01 3.300856749551471236e-01 9.838673386869857262e-01 1.463419789790098569e-01 8.191369421337230117e-01 1.208782231071669905e-01 1.303899951068222263e-01 6.590858719986933401e-02 1.303862017087022152e-01 6.590790094418905176e-02 4.411660610624375256e-02
3.466073365291247876e-01 3.299623091683225318e-01 9.838776346359670022e-01 1.463499777403967361e-01 8.189313213666310487e-01 1.208612340148026015e-01 1.303971747563231753e-01 6.591388241467800724e-02 1.304013316973689773e-01 6.591751253372114816e-02 4.410594301400522915e-02
3.709550016042342246e-01 3.200801037765544921e-01 9.839434942243363569e-01 1.464227138858732735e-01 8.165482871471119175e-01 1.206209722019906949e-01 1.301775258142478520e-01 6.580419308137272494e-02 1.301876442901840347e-01 6.581032918796277109e-02 4.395844381586100358e-02
4.420479110222419461e-01 2.856577923275954167e-01 9.840650833377609930e-01 1.465164284173527676e-01 8.119661666190581828e-01 1.200990239686833411e-01 1.296572248564512586e-01 6.554114010168210491e-02 1.297446126976844472e-01 6.558553169996131360e-02 4.368168116729847367e-02
5.034226413710338743e-01 2.571045510217747077e-01 9.839723561479799541e-01 1.463939502995717790e-01 8.160500785096234111e-01 1.205317790706129794e-01 1.300763900921440286e-01 6.575226725317488696e-02 1.301923127955537940e-01 6.581139890691925509e-02 4.396461229021511596e-02
5.210815646774619170e-01 2.498664913292450718e-01 9.839130705655410036e-01 1.463603024902938587e-01 8.182887660189619439e-01 1.207732114032631782e-01 1.303199179801294294e-01 6.587549108444187840e-02 1.303566814102976312e-01 6.589456422297625127e-02 4.406610670172871058e-02
5.235729033582632308e-01 2.316694911066571605e-01 9.839347866211674010e-01 1.463746974146181434e-01 8.182420297000878584e-01 1.207560255852955511e-01 1.303285593559714850e-01 6.588223370036061510e-02 1.303187924910412243e-01 6.587560924979121713e-02 4.403893542943451006e-02
5.330702464896935888e-01 2.014056789294099981e-01 9.839591602632511425e-01 1.463582006806882774e-01 8.187044442077191508e-01 1.208179750293710275e-01 1.304207368160938130e-01 6.593193460370448677e-02 1.303776861451478586e-01 6.590562578080762235e-02 4.407734650967227302e-02
5.582568761390743761e-01 1.780559335858026004e-01 9.839663588106321024e-01 1.463564767402754374e-01 8.186718918572184478e-01 1.208133775247611369e-01 1.304007739109422082e-01 6.592040659684185455e-02 1.303715478522724791e-01 6.590245915845173441e-02 4.407408116520862562e-02
5.486200908323926040e-01 1.257396967342578054e-01 9.839953723163437083e-01 1.463797182474067815e-01 8.180263118360451280e-01 1.207243669621351073e-01 1.302747170436602264e-01 6.585285849945610170e-02 1.302802599561526387e-01 6.585610805385953836e-02 4.401488770932066724e-02
