3.288749783917761516e-01 3.483533785180355502e-01 9.838668581277959513e-01 1.463421406545009906e-01 8.191236714310422551e-01 1.208783497542536972e-01 1.303726529125522338e-01 6.589786258094287863e-02 1.304017425388625528e-01 6.591625230799690038e-02 4.411691803099233866e-02
3.411633517881968447e-01 3.414716278146631145e-01 9.838868834119429696e-01 1.463561825150088147e-01 8.185887086837159154e-01 1.208479624886057979e-01 1.303692390193397221e-01 6.589832503894278715e-02 1.303882691638720004e-01 6.591058505149377522e-02 4.409808417443488587e-02
3.761291825682749335e-01 3.318886642710409673e-01 9.840297504107502480e-01 1.465044193180995435e-01 8.129218457745652771e-01 1.203060022498470827e-01 1.298613384883072763e-01 6.564394135831125299e-02 1.298668775670681064e-01 6.564740832807849924e-02 4.376281187041254628e-02
4.468207879984708586e-01 3.129097478481462358e-01 9.842589130621705040e-01 1.467551033580053454e-01 8.028365910127063243e-01 1.191634944340077551e-01 1.287323516960242609e-01 6.507334156433276784e-02 1.287851434299189524e-01 6.510017300043223487e-02 4.307721755032580674e-02
5.233445237039218156e-01 2.775930285286342114e-01 9.840929595409808606e-01 1.465465177933990004e-01 8.105437377592092929e-01 1.199714306208314873e-01 1.295216838867992992e-01 6.547157736702997888e-02 1.296102037520140138e-01 6.551717572050703986e-02 4.359098488698957136e-02
5.431336088003748674e-01 2.637980157660528291e-01 9.839444042211984431e-01 1.464048358266017424e-01 8.167560426519229200e-01 1.206066781521550058e-01 1.301479627808615758e-01 6.578797429154542575e-02 1.301851088690232361e-01 6.580780177885463267e-02 4.395493786180978274e-02
5.646376404102827484e-01 2.503617468156048576e-01 9.839345211521133283e-01 1.463918287086411196e-01 8.176231632014184791e-01 1.206790476546442115e-01 1.302286992230466678e-01 6.582971557940169027e-02 1.302375718227730128e-01 6.583439958329612152e-02 4.398804010847664342e-02
6.991184967993694377e-01 2.129518122793722656e-01 9.839415843288539243e-01 1.463583603382634934e-01 8.183830608054548650e-01 1.207740924543021510e-01 1.303334275844319490e-01 6.588402081388178289e-02 1.303307428737666973e-01 6.588167466256937554e-02 4.404784454989189857e-02
7.907971383221227279e-01 2.053544933604456724e-01 9.839275929286980249e-01 1.463448378748500589e-01 8.185632341175096416e-01 1.207984347614560194e-01 1.303455852187827280e-01 6.588922777930612817e-02 1.303533181106215910e-01 6.589304055273974281e-02 4.406386345285786404e-02
7.989890215386759031e-01 1.923430621822394548e-01 9.839258441954065182e-01 1.463465797781880740e-01 8.185041996858721802e-01 1.207902878901675053e-01 1.303307048108728605e-01 6.588088968611210960e-02 1.303395771833353589e-01 6.588594304787860623e-02 4.405852228394012415e-02
