2.973539625518165641e-01 4.034349329412460494e-01 9.838623732218858553e-01 1.463450078060814508e-01 8.189842293048925637e-01 1.208616323537764214e-01 1.303447573799171311e-01 6.588246866843215643e-02 1.303991024223972450e-01 6.591535775083949555e-02 4.410635698346239419e-02
3.202099259648342744e-01 3.905214699721766269e-01 9.838943547064014084e-01 1.463708000087973193e-01 8.179304015699481178e-01 1.207788226437522955e-01 1.302812812889401761e-01 6.585204619167754625e-02 1.303211337371568135e-01 6.587629922153794004e-02 4.405426561235521732e-02
4.044399687441490587e-01 3.699938159903217172e-01 9.840268439182895399e-01 1.465054367117769873e-01 8.127643197460363567e-01 1.202771790586332074e-01 1.298245941209448806e-01 6.562460425157880251e-02 1.298327302048901677e-01 6.562962986067989724e-02 4.374252989213861520e-02
5.055150642014892837e-01 3.586072758646873249e-01 9.840824366363080111e-01 1.465746126209316047e-01 8.101281681101162313e-01 1.199381098345749103e-01 1.294878279226823747e-01 6.545439177006887044e-02 1.294999576116152018e-01 6.546134492397133464e-02 4.353345018852211590e-02
6.150549907934144134e-01 3.270500444497538295e-01 9.839486476495629130e-01 1.464212581335413710e-01 8.160483035706872501e-01 1.205578979638345510e-01 1.300707537552768245e-01 6.574708361938198797e-02 1.300910989122506800e-01 6.576005347495178510e-02 4.391526015753748763e-02
6.432917350035500803e-01 3.199968805252431103e-01 9.838889166017010801e-01 1.463587145645199594e-01 8.185214982476002321e-01 1.208092528619128803e-01 1.303101395245491456e-01 6.586750128989199426e-02 1.303273723783966720e-01 6.587943752224087457e-02 4.406941996565573449e-02
6.608367375410399980e-01 3.071745914826466417e-01 9.838884619059682368e-01 1.463519402847094364e-01 8.186706107967260948e-01 1.208169367054027082e-01 1.303224050536044565e-01 6.587409808646689513e-02 1.303382005332245075e-01 6.588496999974588486e-02 4.407372736167666089e-02
8.079405231882220706e-01 2.214760048798904424e-01 9.839162771376039895e-01 1.463439527666008377e-01 8.185309015926730547e-01 1.207941475639330436e-01 1.303311303660982523e-01 6.588110016468212704e-02 1.303446171220694338e-01 6.588857608920091480e-02 4.406059913183414667e-02
8.400889428214510790e-01 2.052614383887766403e-01 9.839145377873392828e-01 1.463423579730332991e-01 8.185512699038646200e-01 1.207967835423004316e-01 1.303339911622598823e-01 6.588242923960359321e-02 1.303475170523064330e-01 6.588999310768557660e-02 4.406270092180169379e-02
8.594917371474000145e-01 1.916502295486725294e-01 9.839026888741458921e-01 1.463415720997265912e-01 8.185585504988439620e-01 1.207977836621303702e-01 1.303241967099233178e-01 6.587611860641164052e-02 1.303364178535012796e-01 6.588407482769786938e-02 4.406337804460233598e-02
