2.538173754608018529e-01 5.771527845528527934e-01 9.838293942564879657e-01 1.463544145657495188e-01 8.184843957665043357e-01 1.207883906615905417e-01 1.302321032608828033e-01 6.582312357678318793e-02 1.303367684145305960e-01 6.588507558530906638e-02 4.405899524614152740e-02
2.899199861617680618e-01 5.573688822807907339e-01 9.838694395152874916e-01 1.463817023963526476e-01 8.170845331902794051e-01 1.206045847493114748e-01 1.300708155491598628e-01 6.574318956480437737e-02 1.301556536722916491e-01 6.579342412902502990e-02 4.394116108000460652e-02
4.356426365191698458e-01 4.676244317275198847e-01 9.838999375123779201e-01 1.463768250894519340e-01 8.175130276142661412e-01 1.206831502647354309e-01 1.302237148997459348e-01 6.582613452213098570e-02 1.302381127939650496e-01 6.583470710003978821e-02 4.399302137947330715e-02
5.066581331332954408e-01 4.123420971864652507e-01 9.838860049479339898e-01 1.463573735935068953e-01 8.185172896056540637e-01 1.208109772314407276e-01 1.303556544026030772e-01 6.589331684306302950e-02 1.303591305919679644e-01 6.589574591549099414e-02 4.407434318843388849e-02
6.211768406317024205e-01 3.421514318781638808e-01 9.838761443024778286e-01 1.463448393075094944e-01 8.190014800037572762e-01 1.208635442476994060e-01 1.303709291886178956e-01 6.589869293966781061e-02 1.303841945793166035e-01 6.590819741507907004e-02 4.410491513330377922e-02
6.510117524001637346e-01 3.245620628092891757e-01 9.838742682223152736e-01 1.463408418762351393e-01 8.190830438925309487e-01 1.208705581873208701e-01 1.303675482508755978e-01 6.589632817198520787e-02 1.303835496968854535e-01 6.590781311486146321e-02 4.410847734527131164e-02
6.564169704347385670e-01 3.212000798819273362e-01 9.838798245894411210e-01 1.463352557185036429e-01 8.188412467762457014e-01 1.208370574421359089e-01 1.303348270673802267e-01 6.587985060741656518e-02 1.303509622727297146e-01 6.589136838880253755e-02 4.408602794960454763e-02
7.943333791706678193e-01 2.387504976818838331e-01 9.839063418873269518e-01 1.463347530063258684e-01 8.184385546387533683e-01 1.207814537515640718e-01 1.303072026957852458e-01 6.586793524448951442e-02 1.303208051301564530e-01 6.587638453157609875e-02 4.405131106921596207e-02
8.693759665252061009e-01 1.973161209268426142e-01 9.839001040853377900e-01 1.463412758502779520e-01 8.186458236976568159e-01 1.208098125372668863e-01 1.303395763756296510e-01 6.588416899670956894e-02 1.303504416218965178e-01 6.589123511756485307e-02 4.407138667037915902e-02
8.881220839588978011e-01 1.891272406379006232e-01 9.838900055262306266e-01 1.463408985130664475e-01 8.186997016036481334e-01 1.208172284387803580e-01 1.303403747814871616e-01 6.588367097817202089e-02 1.303496277618574339e-01 6.589062113818314192e-02 4.407635131946759099e-02
