2.551845152535365813e-01 6.069161800431815967e-01 9.838223041450561146e-01 1.463540341060380057e-01 8.184982886621133824e-01 1.207897177235920383e-01 1.302262963611103830e-01 6.581980942282687763e-02 1.303400872139436895e-01 6.588703061177540732e-02 4.405991585774621244e-02
3.132115060336144730e-01 5.868952167996424052e-01 9.838716898004270517e-01 1.463817992357329678e-01 8.170482552855027336e-01 1.205905435833121014e-01 1.300675775468208839e-01 6.574246856878952772e-02 1.301444171117334681e-01 6.578786310963395667e-02 4.393160528153081806e-02
4.292189786977769761e-01 5.191458065028995428e-01 9.838842014235950062e-01 1.463578951404146955e-01 8.182924909733897412e-01 1.207616537621414576e-01 1.303101551507364619e-01 6.587047543113820625e-02 1.303177690560013424e-01 6.587497672941372562e-02 4.404198593620143459e-02
4.651611798056593527e-01 4.579221626533381828e-01 9.838726230448003873e-01 1.463430405232747367e-01 8.190672926716222602e-01 1.208681575830253124e-01 1.304210164199936239e-01 6.592692035201942746e-02 1.304219742050041764e-01 6.592757474019440844e-02 4.411048321512160697e-02
5.699823854380089427e-01 3.766944381535632935e-01 9.838729437739002215e-01 1.463408689252125860e-01 8.191037290356955047e-01 1.208731599902458098e-01 1.303966634129394842e-01 6.591274074305111808e-02 1.304054359187479528e-01 6.591903368046655998e-02 4.411183822691082390e-02
6.455703470432295754e-01 3.287152123789578995e-01 9.838782642648442600e-01 1.463348971138797860e-01 8.188751728529630736e-01 1.208415953172385232e-01 1.303409439999022590e-01 6.588302934155984558e-02 1.303563689059258068e-01 6.589410075768267760e-02 4.408913671191759531e-02
6.568730418626325118e-01 3.229274838884776400e-01 9.838967956321557073e-01 1.463130312925920440e-01 8.179696982187725229e-01 1.207172921600612459e-01 1.302160216373425550e-01 6.581983466414437212e-02 1.302319060989091948e-01 6.583122623032382215e-02 4.400555516711437271e-02
8.086843320466849949e-01 2.514445447292862901e-01 9.839087526767120728e-01 1.463147619109665953e-01 8.178625482288888193e-01 1.207024673683714661e-01 1.302266011295168391e-01 6.582680683594963056e-02 1.302369084466361016e-01 6.583390887260764934e-02 4.399785445670511413e-02
9.029547174248307995e-01 2.094777018331192009e-01 9.838896305279223320e-01 1.463403814928384838e-01 8.189171470300720124e-01 1.208472049105472207e-01 1.303843021706067029e-01 6.590723329886584436e-02 1.303903352905961821e-01 6.591152012756067158e-02 4.409632184267025384e-02
9.075866155445834194e-01 2.093597216462161903e-01 9.838874782558599819e-01 1.463411729722034482e-01 8.189806092924015735e-01 1.208559299920012042e-01 1.303934757646755538e-01 6.591187322838902574e-02 1.303989060720794346e-01 6.591585373918670832e-02 4.410217606963919706e-02
