3.228116535275131205e-01 6.163194198428292303e-01 9.838390756236686796e-01 1.463506217565553047e-01 8.186760620666484467e-01 1.208141418538734024e-01 1.302900851277078720e-01 6.585498702353900780e-02 1.303663577654782246e-01 6.590004147320864536e-02 4.407565755394196594e-02
3.867976980767561801e-01 5.820745034272210017e-01 9.838711919103760861e-01 1.463577892882949871e-01 8.182986281881170498e-01 1.207622743004844179e-01 1.302860416196154891e-01 6.585645541182957863e-02 1.303172401306765260e-01 6.587488512573533295e-02 4.404231518773713688e-02
4.301253977091856751e-01 5.510227992192201496e-01 9.838746453823355997e-01 1.463459130860660928e-01 8.189173330347139235e-01 1.208472951204059842e-01 1.304012654399957227e-01 6.591698120693248453e-02 1.304031089977225610e-01 6.591807047742483106e-02 4.409712783278785936e-02
4.505583163579055528e-01 5.152406937591241798e-01 9.838716557339518554e-01 1.463421428442491790e-01 8.191120580658507455e-01 1.208740548988343627e-01 1.304292958111784861e-01 6.593126184623424035e-02 1.304295047272564789e-01 6.593139583825473327e-02 4.411438657701543392e-02
5.156700810628483955e-01 4.571275073812617884e-01 9.838723758130467623e-01 1.463402308617971215e-01 8.190897438507752648e-01 1.208710100211084354e-01 1.304170270921009289e-01 6.592446631860972295e-02 1.304189937747942674e-01 6.592595349971057395e-02 4.411167348142535499e-02
6.461142923023950324e-01 3.800452768054742858e-01 9.838838691402919112e-01 1.463253390837594980e-01 8.185122360704649713e-01 1.207917309041476178e-01 1.303122191752638104e-01 6.586977273417231327e-02 1.303136046410085513e-01 6.587173941228061103e-02 4.405633582261578307e-02
7.634010492731615471e-01 3.538535609044966557e-01 9.839036916096406404e-01 1.462985966545468086e-01 8.174612934570388845e-01 1.206474285904030330e-01 1.301667169444399030e-01 6.579598682376935903e-02 1.301537482679626656e-01 6.578938636940248608e-02 4.395826081101381066e-02
9.114888060702259764e-01 3.047136383216627609e-01 9.838941660482309892e-01 1.463179849692008150e-01 8.181922000229457925e-01 1.207477483963842607e-01 1.302893712106523716e-01 6.585953766539300036e-02 1.302807220512545439e-01 6.585479306485914064e-02 4.402795175147088125e-02
9.441559638596330739e-01 2.671133610574830675e-01 9.838814047264385909e-01 1.463404566870126211e-01 8.190764354442435780e-01 1.208691502639602233e-01 1.304179233542540617e-01 6.592514584484539253e-02 1.304199575402438249e-01 6.592657066299771607e-02 4.411095141303051498e-02
9.411031699556972052e-01 2.604900696605491062e-01 9.838816139959996043e-01 1.463413950425284937e-01 8.191191632365797393e-01 1.208750192704681481e-01 1.304237834984035005e-01 6.592813232043676086e-02 1.304262923532593654e-01 6.592983415153766402e-02 4.411492914809846122e-02
