4.652085057104376475e-01 6.424528790455745764e-01 9.838682618846305017e-01 1.463423126587964362e-01 8.191051672992927246e-01 1.208731065525066595e-01 1.304218663798238920e-01 6.592702279564800760e-02 1.304284731758137139e-01 6.593092544255892140e-02 4.411376026672900880e-02
4.644857189078688275e-01 6.070018965937485911e-01 9.838708567615542799e-01 1.463432672980497784e-01 8.190545537640662177e-01 1.208661509468024198e-01 1.304180096146964341e-01 6.592529886423018071e-02 1.304217227910945687e-01 6.592749231630740114e-02 4.410930194964181317e-02
4.662587345640941128e-01 5.518677762869924619e-01 9.838714480785012428e-01 1.463420845750232069e-01 8.191162560724334352e-01 1.208746299559860377e-01 1.304299782586414713e-01 6.593161177601421230e-02 1.304303091687035454e-01 6.593180727735381552e-02 4.411477058230361264e-02
5.007146243821769538e-01 5.244538250860150130e-01 9.838710453756047691e-01 1.463415217265351953e-01 8.191445649314970101e-01 1.208785200066558457e-01 1.304341528563066621e-01 6.593374502692912753e-02 1.304341385499160899e-01 6.593373679657053843e-02 4.411728905277261664e-02
5.458789672330278675e-01 5.038990416688242657e-01 9.838713944635280040e-01 1.463403885580317476e-01 8.191126468611206191e-01 1.208741317925405151e-01 1.304287880619577344e-01 6.593094261573957671e-02 1.304261915796286753e-01 6.592941237006409716e-02 4.411413868405620470e-02
7.716380275306774505e-01 4.336396142440319679e-01 9.838761286888080271e-01 1.463269573749196861e-01 8.186857847495299101e-01 1.208154521821562521e-01 1.303599041227373467e-01 6.589511239433028245e-02 1.303243229102110656e-01 6.587406373519119618e-02 4.407168223014100439e-02
9.197175250056789375e-01 3.910566554685953045e-01 9.838790155087218103e-01 1.463184139289682439e-01 8.184169378722543353e-01 1.207784923251357251e-01 1.303176830847126155e-01 6.587320226304015092e-02 1.302603617943331182e-01 6.583924225767498473e-02 4.404492440625523003e-02
9.618162079439780410e-01 3.577841627506494482e-01 9.838752059584718879e-01 1.463300016700080086e-01 8.187849998395286821e-01 1.208290896879265358e-01 1.303767254340222892e-01 6.590390336986046149e-02 1.303485383549991272e-01 6.588720090742575253e-02 4.408155231762451998e-02
9.876961116133977647e-01 3.324378535778849120e-01 9.838712610053429453e-01 1.463412324229929895e-01 8.191414986305820545e-01 1.208780982380511793e-01 1.304334965581030459e-01 6.593339525807973001e-02 1.304329773002366744e-01 6.593309003347268271e-02 4.411695753085548982e-02
9.884088130847804576e-01 3.322443505104745731e-01 9.838711430120444801e-01 1.463414474995958225e-01 8.191483329084277010e-01 1.208790378275057253e-01 1.304346185091608545e-01 6.593397961830226028e-02 1.304346494056748684e-01 6.593399985761613791e-02 4.411763874426526816e-02
