4.946380846337215531e-01 6.457899089346359478e-01 9.838709169157224821e-01 1.463414821959581336e-01 8.191479292921075572e-01 1.208789826137295076e-01 1.304345078826810445e-01 6.593391686793868833e-02 1.304346387061895707e-01 6.593399414650644164e-02 4.411756137275683887e-02
5.046715181014812535e-01 6.239070018943714269e-01 9.838709611696466739e-01 1.463415177519127308e-01 8.191459417544648680e-01 1.208787094799326917e-01 1.304342444200004003e-01 6.593378423660105347e-02 1.304343679702563430e-01 6.593385722155277462e-02 4.411739510147646981e-02
5.180198973040758270e-01 5.416346406969136940e-01 9.838709878012230625e-01 1.463414876454253721e-01 8.191474759321282217e-01 1.208789202521515505e-01 1.304345650306763804e-01 6.593395456736687865e-02 1.304345811708746972e-01 6.593396410060377300e-02 4.411753602938063568e-02
5.274157614211123501e-01 5.147792307857390615e-01 9.838709795570238503e-01 1.463414562332449598e-01 8.191481651624060722e-01 1.208790148651108648e-01 1.304346682773888100e-01 6.593400723955726572e-02 1.304346375630050792e-01 6.593398903051929383e-02 4.411760645357064303e-02
5.571847627312049855e-01 5.030844240133081069e-01 9.838713459647124848e-01 1.463403137583606795e-01 8.191120257747808164e-01 1.208740456076423386e-01 1.304288422442076434e-01 6.593097412776757760e-02 1.304257111054041574e-01 6.592911787665753365e-02 4.411406300554102100e-02
8.251616093889585501e-01 4.219985887870505992e-01 9.838759362865455715e-01 1.463251137848441685e-01 8.186438181735220532e-01 1.208096678512613209e-01 1.303530071530089318e-01 6.589146328063022473e-02 1.303084509913818578e-01 6.586504837732087836e-02 4.406710891979285366e-02
9.299406538607913886e-01 3.906008390368998495e-01 9.838776959123554100e-01 1.463192016426048403e-01 8.184625708432406999e-01 1.207847465383148772e-01 1.303236274412055695e-01 6.587615387809613032e-02 1.302628964627343122e-01 6.584014872448096245e-02 4.404887543499631103e-02
9.599320302362600588e-01 3.630955345458421468e-01 9.838746172485494101e-01 1.463294460357527083e-01 8.187784223263467887e-01 1.208281756695626513e-01 1.303748136549094105e-01 6.590282493888885429e-02 1.303421491693148859e-01 6.588345942780240994e-02 4.408055532718514052e-02
9.887352917831554455e-01 3.337287979283562467e-01 9.838710307283803358e-01 1.463412817936798893e-01 8.191432852598685699e-01 1.208783437956759133e-01 1.304338842869225967e-01 6.593359929395282981e-02 1.304334426044059803e-01 6.593333744239723848e-02 4.411713359720753624e-02
9.891283135558155415e-01 3.333305060789313323e-01 9.838709789778381509e-01 1.463414475872807929e-01 8.191483941669912561e-01 1.208790462690236683e-01 1.304347083367561333e-01 6.593402833504923011e-02 1.304347072387394002e-01 6.593402769762482518e-02 4.411764566957167982e-02
