3.501572714398759611e-01 2.754936641545644993e-01 9.839441395842232208e-01 1.463497222262298558e-01 8.190185998910444187e-01 1.208611685473199165e-01 1.304672615140772540e-01 6.595617300790111714e-02 1.304248218737346088e-01 6.593008575743028454e-02 4.410572155678366829e-02
3.750988575208998865e-01 2.745840660246129383e-01 9.839263637536334040e-01 1.463730693311781628e-01 8.186501537988438715e-01 1.208104211769789327e-01 1.303964184636107748e-01 6.591799342327099576e-02 1.303795013812391601e-01 6.590766791696489602e-02 4.407372046038376262e-02
4.023776078413028867e-01 2.723358950603395057e-01 9.838924252070586629e-01 1.463500232572188253e-01 8.190136547866164740e-01 1.208605030242696915e-01 1.304239707492612643e-01 6.592948902860583382e-02 1.304348138921750666e-01 6.593637143050332106e-02 4.410943287245266270e-02
4.299062307400270400e-01 2.573816647934253354e-01 9.838830555415508661e-01 1.463420460603844231e-01 8.191390337535784383e-01 1.208778068062726502e-01 1.303988948948536231e-01 6.591382475429136134e-02 1.304219187583796902e-01 6.592871479353781816e-02 4.411858958090632971e-02
4.493190515419603903e-01 2.456554492854161609e-01 9.838787536638717857e-01 1.463414755142351253e-01 8.191484269809267138e-01 1.208790728994302704e-01 1.303699242149317650e-01 6.589700386946410748e-02 1.304009416181184378e-01 6.591721940459321916e-02 4.411772186948967334e-02
4.747120295289070091e-01 2.367444822653814451e-01 9.839141015444742289e-01 1.463415830721759847e-01 8.191458507443362125e-01 1.208787044938525596e-01 1.304253042532704243e-01 6.592943602916247203e-02 1.304170251200360842e-01 6.592544082823720286e-02 4.411971678434288557e-02
5.059486422893239022e-01 2.218924982403799873e-01 9.839587548120087845e-01 1.463419555131234284e-01 8.191360091225821094e-01 1.208773400464656922e-01 1.304991493194549712e-01 6.597286137377975090e-02 1.304373394847145318e-01 6.593590631239193423e-02 4.412125666057924167e-02
5.089176999558099324e-01 1.986584553646786322e-01 9.839675853183385001e-01 1.463511007399735941e-01 8.188892007143604435e-01 1.208433140357639407e-01 1.304638744823288232e-01 6.595509374951621928e-02 1.304038080732795313e-01 6.591895522761569148e-02 4.409647468019679828e-02
4.760103403565276725e-01 9.924661295426819019e-02 9.839970757322611394e-01 1.463674487130658397e-01 8.184477775436383995e-01 1.207824585643033216e-01 1.303182129070093453e-01 6.587342409933459597e-02 1.303396109002106229e-01 6.588614377078634565e-02 4.405345028766887577e-02
4.598385079395024277e-01 7.248826665167068528e-02 9.839775670879521430e-01 1.463466920415655292e-01 8.190078468941734968e-01 1.208596703413681306e-01 1.303557010548918038e-01 6.588881288462505870e-02 1.304152038074379849e-01 6.592420888851188709e-02 4.410470559174741595e-02
