3.451533211673963319e-01 2.988136033843958317e-01 9.839041702197345307e-01 1.463463697686705478e-01 8.190714004608437016e-01 1.208684544609590905e-01 1.304248648543782918e-01 6.593048524005976074e-02 1.303903050159848365e-01 6.591053601199732548e-02 4.411017454175613500e-02
3.673115140901040410e-01 2.905194187972328645e-01 9.839062142186165705e-01 1.463637750344688182e-01 8.187913091427367895e-01 1.208305650555198119e-01 1.303917504044471432e-01 6.591365135996550551e-02 1.303738800804220277e-01 6.590351614813466652e-02 4.408625267088721322e-02
4.041817410643212538e-01 2.764206823156075687e-01 9.838992718589684161e-01 1.463516523369755851e-01 8.189308857431448763e-01 1.208534532592879934e-01 1.304180834012139134e-01 6.592676600640373641e-02 1.304229081461950046e-01 6.593000671299420468e-02 4.410397653085464803e-02
4.335904797977076508e-01 2.626856631667530140e-01 9.839080555225693248e-01 1.463482411987395704e-01 8.188794170849126308e-01 1.208522225411551715e-01 1.303883607444215054e-01 6.591013894126074302e-02 1.304026725982507517e-01 6.591865746270615667e-02 4.410406880642513822e-02
4.632899154828765131e-01 2.486825513202560733e-01 9.839037522452057649e-01 1.463434840902309020e-01 8.190439724554339218e-01 1.208688107159508751e-01 1.303777375414427453e-01 6.590293995621911149e-02 1.304046310439962164e-01 6.591876803504738425e-02 4.411486419489701882e-02
4.975313024830341768e-01 2.431971845590013837e-01 9.839117927268938857e-01 1.463445857744809786e-01 8.190552488114998253e-01 1.208670827787502178e-01 1.304122980711757973e-01 6.592267554140888997e-02 1.304155259372418441e-01 6.592436024476494572e-02 4.411229700198242287e-02
5.130465154649860304e-01 2.166502699454182779e-01 9.839483660199759285e-01 1.463476641904780384e-01 8.189916440928429742e-01 1.208574871922906552e-01 1.304676362932557510e-01 6.595612131425458713e-02 1.304169913531696978e-01 6.592552549975944087e-02 4.410567297305969386e-02
5.165924401224660789e-01 1.953690492118237421e-01 9.839541117519730040e-01 1.463451446279236401e-01 8.190521107900251563e-01 1.208657764586721917e-01 1.304876950571160488e-01 6.596763937644162246e-02 1.304258879622181289e-01 6.593013359116645100e-02 4.410942537368006677e-02
4.984041454870334897e-01 1.447824272229608633e-01 9.839730882898829467e-01 1.463533868514204084e-01 8.188274878788392996e-01 1.208348067589615771e-01 1.304139277813760045e-01 6.592618367009762947e-02 1.303928326426032624e-01 6.591322661993101462e-02 4.408826193759087658e-02
4.652770312210353643e-01 7.791379660080570424e-02 9.839755788929380742e-01 1.463461987459999669e-01 8.190209114334363605e-01 1.208614719447218266e-01 1.303678665458799235e-01 6.589596951179409190e-02 1.304165541787052351e-01 6.592492543258204885e-02 4.410596576342719344e-02
