3.403402015959715587e-01 3.234799765684765460e-01 9.838647255124695068e-01 1.463416164728822688e-01 8.191461055657043300e-01 1.208787851283912168e-01 1.303891328091771884e-01 6.590838548508544392e-02 1.303663282237893239e-01 6.589674713243656723e-02 4.411670646767673620e-02
3.477664911768524325e-01 3.250645654192826917e-01 9.838744345935037661e-01 1.463442565616044078e-01 8.190563090719988892e-01 1.208714726266298528e-01 1.304023533390504808e-01 6.591636107874770945e-02 1.303927781270247110e-01 6.591210644867455393e-02 4.411249681647376464e-02
3.825263808188315573e-01 3.156269016324469989e-01 9.839602602444983415e-01 1.464138701560498412e-01 8.163310818534326163e-01 1.206157078975306218e-01 1.301762708621483910e-01 6.580395688967066725e-02 1.301745632626555293e-01 6.580330436774406433e-02 4.395494528276232965e-02
4.411854124918254128e-01 2.893579554103990481e-01 9.841082827872691396e-01 1.465546027870607004e-01 8.103779965891824144e-01 1.199886469399635558e-01 1.295511394174930497e-01 6.548786297667244516e-02 1.295974957865808630e-01 6.551098400722885073e-02 4.359079443379774293e-02
5.041222218076168993e-01 2.569342576403428891e-01 9.839689373619846524e-01 1.463946725771182733e-01 8.163471413715386316e-01 1.206014068337013662e-01 1.301449555069937591e-01 6.578707363843125377e-02 1.302215923282117604e-01 6.582617643633455196e-02 4.398333362441646244e-02
5.213414162949818742e-01 2.502723100901598774e-01 9.839044524048201623e-01 1.463514155223201718e-01 8.186698701557806324e-01 1.208267585454765591e-01 1.303706534647259274e-01 6.590096737078730837e-02 1.303963397213617481e-01 6.591460232094255300e-02 4.409255443758728493e-02
5.236384524061155066e-01 2.310184600744727978e-01 9.839345613255616740e-01 1.463772223916752768e-01 8.181946071339947224e-01 1.207485462804180620e-01 1.303183850292186918e-01 6.587683391882029338e-02 1.303084234551197262e-01 6.587036633944909347e-02 4.403161641007791172e-02
5.246242811632877423e-01 1.981113501583730840e-01 9.839611410675453973e-01 1.463562649371326907e-01 8.187610470929476136e-01 1.208256789035783985e-01 1.304302658490138767e-01 6.593689982267979255e-02 1.303852235319410691e-01 6.590947487065473842e-02 4.408210905674734420e-02
5.330780859926250725e-01 1.777138273091526943e-01 9.839598861035430133e-01 1.463461761614455736e-01 8.190031993347235417e-01 1.208590370471206987e-01 1.304514982442499804e-01 6.594649784533322678e-02 1.304155196285934348e-01 6.592469423693841923e-02 4.410442400733634305e-02
5.734604337841993082e-01 1.190193650187777452e-01 9.839601241976579926e-01 1.463496217480785011e-01 8.188083819783642525e-01 1.208321850176071049e-01 1.303700796859587618e-01 6.590001049692857660e-02 1.303792578189795492e-01 6.590595906388947711e-02 4.408682879962863566e-02
