3.387893200815209060e-01 3.361825973911701793e-01 9.838675776716166999e-01 1.463415495691346435e-01 8.191458150608831312e-01 1.208789957823519640e-01 1.303918558376786219e-01 6.590932736757752763e-02 1.304035837088859118e-01 6.591757316895421881e-02 4.411727326545140243e-02
3.479833510241696071e-01 3.336904245013537218e-01 9.838776556895667547e-01 1.463447858051264705e-01 8.190173242186741254e-01 1.208683862339811482e-01 1.304129061814467694e-01 6.592235685128933209e-02 1.304244363964378317e-01 6.593014432933866353e-02 4.411091307557222368e-02
3.688594022001265849e-01 3.332196029039352636e-01 9.839865335213280328e-01 1.464566255999590894e-01 8.146198837793654501e-01 1.204549636273492402e-01 1.300174592022565467e-01 6.572362057832145665e-02 1.300222956257658380e-01 6.572681063482115060e-02 4.385478406162083426e-02
4.308962114003986321e-01 3.205795023426418200e-01 9.843735961299177051e-01 1.468697017311761943e-01 7.973964206456340964e-01 1.186748693124492771e-01 1.282497565219456459e-01 6.482938525950041053e-02 1.283645928406497438e-01 6.488764802679318489e-02 4.281053142070311707e-02
5.020166220636468335e-01 2.749701061018038351e-01 9.841583331196602780e-01 1.465559473794467715e-01 8.079948141737055556e-01 1.197553362050137460e-01 1.293138768439217601e-01 6.536691572437618170e-02 1.295686421289746759e-01 6.549623506816712459e-02 4.356192789732941245e-02
5.273104803199699653e-01 2.564354628791643553e-01 9.839375816582767165e-01 1.463762776507709917e-01 8.171947766993558071e-01 1.206686207520658999e-01 1.302151986092406621e-01 6.582233215048920172e-02 1.302902632634961311e-01 6.586101030843975745e-02 4.402185484026466950e-02
5.488714528773889212e-01 2.560992146137021086e-01 9.839479682014620199e-01 1.464238436032809787e-01 8.166596003974696538e-01 1.205415602526035551e-01 1.300901504818762766e-01 6.575929251005999121e-02 1.301021457189404651e-01 6.576591503272216643e-02 4.389672365102086776e-02
5.906844428428631444e-01 2.196480365474960672e-01 9.839660386534719860e-01 1.463961424209574702e-01 8.174832304199340927e-01 1.206496774362107172e-01 1.302156821831174927e-01 6.582463807918925713e-02 1.302024147878339533e-01 6.581676084427215412e-02 4.396441502109930261e-02
7.907203708777910123e-01 1.789051892758323492e-01 9.839087790967181446e-01 1.463440535683230848e-01 8.186228668541257747e-01 1.208066371464318334e-01 1.303361128257128077e-01 6.588211108575195429e-02 1.303388284766447414e-01 6.588515526431253100e-02 4.406932493129395167e-02
8.646589866283290737e-01 1.661636632169720962e-01 9.838883651388481422e-01 1.463406648644503261e-01 8.186400752588484098e-01 1.208090131632159475e-01 1.303192970677564400e-01 6.587167029630296156e-02 1.303294502749599848e-01 6.588008190144742371e-02 4.407094725622560244e-02
