3.229532199804104886e-01 3.634627833206566794e-01 9.838681169860257203e-01 1.463415504901969533e-01 8.191465127415372693e-01 1.208789977017335759e-01 1.303636086006337291e-01 6.589193781741088662e-02 1.304270603336932233e-01 6.593014273726482966e-02 4.411761302595940126e-02
3.514525469550819903e-01 3.579867423223847545e-01 9.838749733746920967e-01 1.463442322686754060e-01 8.190398989081028036e-01 1.208714350922564240e-01 1.303971112418433886e-01 6.591249971226968707e-02 1.304301239454930261e-01 6.593268843413566116e-02 4.411292585729876398e-02
4.134902975545273196e-01 3.851198163546825648e-01 9.839263050360235185e-01 1.463985032981988121e-01 8.169078968065727198e-01 1.206692969628575807e-01 1.302261889619127089e-01 6.582867423539311147e-02 1.302312358006530724e-01 6.583181415252131741e-02 4.398779022300620956e-02
4.564369130879531444e-01 3.879760276549891196e-01 9.840871121793052234e-01 1.465712776845702892e-01 8.096907706791691695e-01 1.199134906292828734e-01 1.294773213881977580e-01 6.544996203907117727e-02 1.295278690528495480e-01 6.547564194313351682e-02 4.354523925394877121e-02
5.165900840267525496e-01 3.431562166973202155e-01 9.840756801422563260e-01 1.465000545142604860e-01 8.110513249956233794e-01 1.200445989605293390e-01 1.295983835841953702e-01 6.551057454510200717e-02 1.297694007357810819e-01 6.559767065986006618e-02 4.369432204931966018e-02
6.192435644945105677e-01 3.142286325195348673e-01 9.839042792670239512e-01 1.463524623056987328e-01 8.180087071508853613e-01 1.207509722292751664e-01 1.302625077254301322e-01 6.584407830892508029e-02 1.303080693555988545e-01 6.586976512847687870e-02 4.405174285669538614e-02
6.493001989408798691e-01 3.200929559614785203e-01 9.838829064083690623e-01 1.463432911590265839e-01 8.187055336394907235e-01 1.208188189376518396e-01 1.303181067415278560e-01 6.587146111918044944e-02 1.303351016035038390e-01 6.588338565313490991e-02 4.407465902208831943e-02
7.141734516051221338e-01 2.811273710262616188e-01 9.838954422256916965e-01 1.463429144278571847e-01 8.186100290975470983e-01 1.208049552385648956e-01 1.303175609035719940e-01 6.587223894507522604e-02 1.303324954859744478e-01 6.588217417048401747e-02 4.406588512836877997e-02
8.522513497791747161e-01 1.933611269316927450e-01 9.839015443444331099e-01 1.463417699914930648e-01 8.186017743040483463e-01 1.208037412189163079e-01 1.303284341541858793e-01 6.587814236257578948e-02 1.303412232635145496e-01 6.588648059490073705e-02 4.406727214188036618e-02
8.776714615353722326e-01 1.737200758617946372e-01 9.838857696353607851e-01 1.463409957476753398e-01 8.187203471855780679e-01 1.208200729887814878e-01 1.303313812739801680e-01 6.587797661610901578e-02 1.303431097624565271e-01 6.588704472186028560e-02 4.407824921814882529e-02
