3.009596178881036588e-01 3.933283263034056398e-01 9.838659008267007788e-01 1.463415620283934626e-01 8.191458712017946064e-01 1.208787708414255230e-01 1.303696030225560964e-01 6.589527509466772126e-02 1.304218661507685617e-01 6.592685217621035987e-02 4.411754022838044326e-02
3.917393643936873948e-01 4.206726611136636929e-01 9.838696975283081070e-01 1.463419144416345796e-01 8.191313634727331872e-01 1.208779923975201731e-01 1.304091697191264443e-01 6.591891844757549745e-02 1.304295227906994981e-01 6.593124601141188423e-02 4.411699426499571947e-02
4.565784429546491108e-01 4.321277920714154952e-01 9.838730278959008091e-01 1.463436329362571842e-01 8.190631687225868873e-01 1.208711932819516166e-01 1.304261767452774834e-01 6.592965212728715829e-02 1.304269480534452630e-01 6.593012054899326235e-02 4.411274737891281161e-02
4.751391436695419079e-01 4.296612326056101772e-01 9.838790998923299114e-01 1.463498022893315320e-01 8.188022733399883402e-01 1.208442689495768663e-01 1.304001267345257786e-01 6.591653664120128431e-02 1.304020784378519537e-01 6.591752814978849018e-02 4.409707779647194931e-02
5.381976666091943251e-01 4.090383530075883400e-01 9.838832124323051431e-01 1.463476872784958971e-01 8.187019853044787965e-01 1.208311279399754273e-01 1.303752499161906775e-01 6.590320510143984900e-02 1.303868170603534327e-01 6.590973619670875694e-02 4.409163983449718854e-02
6.438654020563420177e-01 3.316918358031228919e-01 9.838776878643538115e-01 1.463367590177479527e-01 8.189162863105439172e-01 1.208479516645114271e-01 1.303487482432321432e-01 6.588706666609438212e-02 1.303649834998647505e-01 6.589849687048768279e-02 4.409419246876997156e-02
6.535716597858367560e-01 3.233758269050424072e-01 9.838748208189401767e-01 1.463391029680309874e-01 8.190415799305617028e-01 1.208643978643012540e-01 1.303605450764050988e-01 6.589276080568344518e-02 1.303781593293922847e-01 6.590525794309701202e-02 4.410451809086162606e-02
7.131335940747660640e-01 2.863605182699850427e-01 9.838907995417538466e-01 1.463388610248910482e-01 8.188178841213282766e-01 1.208335773960763637e-01 1.303448639482782112e-01 6.588603288740935149e-02 1.303607805379992379e-01 6.589652826940217700e-02 4.408490565104317832e-02
8.422257984823567911e-01 2.121078220234794698e-01 9.839107730964156140e-01 1.463422033167297576e-01 8.186599585060643225e-01 1.208117594269647460e-01 1.303498997111738611e-01 6.589055254334663658e-02 1.303625806939028298e-01 6.589764145927480554e-02 4.407259219687491292e-02
8.797014654926833543e-01 2.026633872537968728e-01 9.838954253661182925e-01 1.463416558604677120e-01 8.188337030096892732e-01 1.208356918378382244e-01 1.303693598450050839e-01 6.589954188568748761e-02 1.303783824121296231e-01 6.590543106606014390e-02 4.408866790270005165e-02
