3.784489095026132843e-01 5.177699406763154322e-01 9.838722960160685149e-01 1.463449441886016666e-01 8.189683822248164935e-01 1.208543115463717871e-01 1.303958157974598464e-01 6.591299789147815613e-02 1.304047217255053515e-01 6.591849816886488633e-02 4.410170973038578940e-02
4.228485196584704231e-01 5.364246292991505793e-01 9.838710885797146144e-01 1.463419372491167603e-01 8.191243394572224057e-01 1.208757488185948775e-01 1.304291553763021472e-01 6.593100167794964384e-02 1.304305317486647298e-01 6.593185480910496166e-02 4.411548585746000173e-02
4.484763014940303383e-01 4.970995930274135222e-01 9.838710088281605870e-01 1.463415276167907564e-01 8.191459356536853198e-01 1.208787624768420388e-01 1.304342727099675470e-01 6.593379343394782655e-02 1.304343687312534417e-01 6.593385239424527644e-02 4.411743103077120365e-02
4.967255866173113099e-01 4.853026597949534615e-01 9.838710815453685088e-01 1.463415562969165029e-01 8.191446705810614404e-01 1.208786605586643498e-01 1.304342939350148500e-01 6.593381675660588137e-02 1.304343247029007558e-01 6.593383177837171261e-02 4.411740838437290535e-02
5.297693657268311984e-01 4.967209747466225234e-01 9.838712497752456487e-01 1.463413129143489311e-01 8.191394861051749521e-01 1.208778635701910631e-01 1.304318105982107123e-01 6.593245368657775496e-02 1.304323138931931803e-01 6.593280491425715373e-02 4.411678764923380319e-02
5.975975493186445053e-01 4.087663619336166509e-01 9.838746465133685337e-01 1.463382483564863445e-01 8.190150732130510036e-01 1.208607501594908540e-01 1.303860341383917820e-01 6.590747995499574019e-02 1.303943892528302284e-01 6.591346980309530090e-02 4.410361766959747243e-02
6.507954974337069043e-01 3.325395417115783459e-01 9.838773609036443046e-01 1.463362469987118386e-01 8.189292402218220079e-01 1.208489601038417321e-01 1.303493149106964843e-01 6.588732903422286902e-02 1.303643380251640893e-01 6.589811720994351307e-02 4.409418362482840636e-02
7.289244455458416816e-01 2.889304586526710850e-01 9.838911005267393373e-01 1.463370640753538787e-01 8.187727227746547376e-01 1.208273812810162356e-01 1.303417483188596682e-01 6.588461723936257786e-02 1.303537615427846075e-01 6.589269719902968170e-02 4.408066563092797457e-02
8.743465127545988480e-01 2.207668713077974021e-01 9.839015029774071941e-01 1.463418062765376726e-01 8.188572587307733075e-01 1.208389413854425720e-01 1.303831727451376377e-01 6.590769623239604857e-02 1.303908901306642387e-01 6.591198205229194251e-02 4.409072456549925634e-02
9.072592076632945979e-01 2.211975743817962137e-01 9.838893765611951281e-01 1.463415737502742342e-01 8.190855592490529080e-01 1.208703899103333729e-01 1.304176617984522113e-01 6.592511532925766915e-02 1.304213499855319813e-01 6.592743070726091170e-02 4.411182232507800116e-02
