4.115674361669152681e-01 5.645712729309492195e-01 9.838940711059271926e-01 1.463677988989345868e-01 8.177757275373847001e-01 1.206904167180216092e-01 1.302384190063813618e-01 6.583413036287760756e-02 1.302469758874063299e-01 6.583919302855668898e-02 4.399602218996627456e-02
4.244566405089819083e-01 5.621969110073606890e-01 9.838742226636953969e-01 1.463450337912155230e-01 8.189592320595276975e-01 1.208530503950409618e-01 1.304077816033853143e-01 6.592033313174036624e-02 1.304088478373366389e-01 6.592096406935808728e-02 4.410093164850715369e-02
4.396547591439267655e-01 5.563952733192176758e-01 9.838712707032679639e-01 1.463418053067953584e-01 8.191309573347458350e-01 1.208766502244685015e-01 1.304322121715854044e-01 6.593275781964440252e-02 1.304323234201101855e-01 6.593282362426637622e-02 4.411606762838353457e-02
5.101574155700629998e-01 5.248338997666740502e-01 9.838709749760083945e-01 1.463414684575238545e-01 8.191485572817063243e-01 1.208790687056974927e-01 1.304347288082300660e-01 6.593403861259389265e-02 1.304347299967912599e-01 6.593403924521365478e-02 4.411763383947824024e-02
5.278761645708821559e-01 5.134174995783462592e-01 9.838709762824083827e-01 1.463414636078760878e-01 8.191485556856766825e-01 1.208790681601788763e-01 1.304346956911593691e-01 6.593401977524027124e-02 1.304347032948533769e-01 6.593402517989184475e-02 4.411763477353412843e-02
5.428535615326899322e-01 5.035474146829895803e-01 9.838711886947889562e-01 1.463411529895098095e-01 8.191367599687587875e-01 1.208774464726280751e-01 1.304315683926473290e-01 6.593233632517818410e-02 1.304313541220702977e-01 6.593225564482017853e-02 4.411647028277745908e-02
7.398290231555292307e-01 4.204629656987893815e-01 9.838753192260961677e-01 1.463304171461360659e-01 8.187934538566603582e-01 1.208302529740817172e-01 1.303678193132302710e-01 6.589876327184555904e-02 1.303429280197297702e-01 6.588436008424304602e-02 4.408181285357749141e-02
9.118616000787487241e-01 3.782791930033369554e-01 9.838782393144892557e-01 1.463226122309976007e-01 8.185480614370034269e-01 1.207965005447585727e-01 1.303335825349235533e-01 6.588116893690575127e-02 1.302806592719992773e-01 6.584987967760796979e-02 4.405716197371466192e-02
9.286853349681675196e-01 2.953282519931819672e-01 9.838831999500329273e-01 1.463345950823351227e-01 8.188986527546936456e-01 1.208446978438493108e-01 1.303903651431386201e-01 6.591089951960929505e-02 1.303726191404104007e-01 6.590040463031583695e-02 4.409276095593325784e-02
9.337115232245464247e-01 2.525622387961053428e-01 9.838834268307650177e-01 1.463412595207439770e-01 8.191337651164527500e-01 1.208770327613332279e-01 1.304267420964330682e-01 6.592977393669502417e-02 1.304284684551790807e-01 6.593091647338428229e-02 4.411620275823303211e-02
