2.952147733835838173e-01 5.965429216160484938e-01 9.838748351608195275e-01 1.463904526220828339e-01 8.165831482763153959e-01 1.205265289810661250e-01 1.299921727027994467e-01 6.570347811355038703e-02 1.300804671727473771e-01 6.575563983171241189e-02 4.389067116010366559e-02
3.839520665930349907e-01 5.825575526528725678e-01 9.838722468891226702e-01 1.463584500792737830e-01 8.182589301245289937e-01 1.207568156528250752e-01 1.302811320868169087e-01 6.585401098585400015e-02 1.303118758637219210e-01 6.587217373318986213e-02 4.403892390786804528e-02
4.539942344580296663e-01 6.053272770263192770e-01 9.838710137579664838e-01 1.463426356979395937e-01 8.190877375203363675e-01 1.208707110597982554e-01 1.304241358868617473e-01 6.592851404883430522e-02 1.304263267027960527e-01 6.592980828687551587e-02 4.411223298786087765e-02
5.008045606272665262e-01 5.991896020604489115e-01 9.838709698406965520e-01 1.463414718522061397e-01 8.191484326901974367e-01 1.208790517268826248e-01 1.304346985118182700e-01 6.593402227675608518e-02 1.304347132433295031e-01 6.593403097833239190e-02 4.411761253265223531e-02
5.253650659015830504e-01 5.475998392855510044e-01 9.838709776103891080e-01 1.463414636511907452e-01 8.191483853137601079e-01 1.208790451016842488e-01 1.304347034919613180e-01 6.593402555828990763e-02 1.304346918244784492e-01 6.593401864655684674e-02 4.411763547022481274e-02
5.633613374922942230e-01 5.197122818984732939e-01 9.838712756098332290e-01 1.463405153127543268e-01 8.191176497411537527e-01 1.208748187700486865e-01 1.304296856993707177e-01 6.593140874874631185e-02 1.304269082233464327e-01 6.592976310703699272e-02 4.411465517791182678e-02
8.552892883694193094e-01 4.170931380519685150e-01 9.838755433580412824e-01 1.463249407988502782e-01 8.186388684599552601e-01 1.208089870230146939e-01 1.303510235128335359e-01 6.589033263584861966e-02 1.303020547229813975e-01 6.586130593694779212e-02 4.406622829279505799e-02
9.354162297261718884e-01 3.870563632891562134e-01 9.838730507564763528e-01 1.463272139033261754e-01 8.187097517607387909e-01 1.208187334859657375e-01 1.303581571496732205e-01 6.589368365242503911e-02 1.302999223378248084e-01 6.585916451380370573e-02 4.407178768674181735e-02
9.757966312107985152e-01 3.458083532590445763e-01 9.838709890579501183e-01 1.463388703898114984e-01 8.190689276631225590e-01 1.208681197180087319e-01 1.304196810933395678e-01 6.592602119766360902e-02 1.304052256391477482e-01 6.591745485011997474e-02 4.410894982857792301e-02
9.882432272923824534e-01 3.327773746998829441e-01 9.838710570106689035e-01 1.463414270608913437e-01 8.191477602339736208e-01 1.208789590780300627e-01 1.304344725265995097e-01 6.593389750854440623e-02 1.304341351582028186e-01 6.593369994937325895e-02 4.411755984386252216e-02
