2.513348831388643734e-01 6.082256596905076806e-01 9.838168200870169855e-01 1.463506833165817422e-01 8.186568750514375825e-01 1.208114973441327400e-01 1.302437426423279088e-01 6.582832370874010242e-02 1.303617741684000297e-01 6.589805757806400932e-02 4.407434605063789701e-02
3.127370802269610062e-01 6.177779921620507597e-01 9.838334246112201420e-01 1.463481072960493568e-01 8.188010706834750740e-01 1.208313171607501291e-01 1.303011125536694959e-01 6.586011480181704070e-02 1.303831668450494974e-01 6.590858841475316643e-02 4.408687698748399442e-02
4.659544810720467334e-01 6.465147862877095308e-01 9.838692484289903728e-01 1.463417597874059894e-01 8.191334082757699697e-01 1.208769870902270949e-01 1.304287317920277967e-01 6.593071614091114419e-02 1.304324750548714884e-01 6.593292754975170478e-02 4.411627414866328700e-02
4.935215982541662494e-01 6.463209903474959050e-01 9.838709591746226391e-01 1.463414649112031451e-01 8.191488350326373569e-01 1.208791071050066140e-01 1.304347486407392287e-01 6.593404725229019825e-02 1.304347680538126553e-01 6.593405872198521145e-02 4.411764040521859442e-02
5.128770896227353715e-01 6.289123716624209770e-01 9.838709736253551386e-01 1.463414626036948218e-01 8.191486070909127504e-01 1.208790757019974210e-01 1.304347358234647092e-01 6.593404206599015605e-02 1.304347292724081508e-01 6.593403818246337811e-02 4.411764008937998222e-02
5.590740586918414579e-01 5.850235833567660748e-01 9.838712232711392947e-01 1.463406808850601093e-01 8.191234516004392008e-01 1.208756168391994928e-01 1.304306661064313644e-01 6.593192197757670459e-02 1.304284532016355969e-01 6.593061014983664370e-02 4.411520124933157594e-02
8.202772698626222825e-01 4.461803916981731399e-01 9.838753932964635629e-01 1.463264539514624041e-01 8.186856995706816020e-01 1.208154263249905935e-01 1.303594533241966003e-01 6.589479289062899481e-02 1.303174442437659009e-01 6.586988903276982943e-02 4.407118907135625097e-02
9.497568158832444540e-01 3.723570578460438929e-01 9.838744827512271307e-01 1.463280942756686187e-01 8.187369101702811625e-01 1.208224676788289681e-01 1.303667417021593111e-01 6.589850615718123583e-02 1.303255895938939812e-01 6.587411097893001999e-02 4.407593610671112216e-02
9.869016821157052810e-01 3.356107424831787367e-01 9.838707636335516371e-01 1.463413230163396195e-01 8.191445637658245627e-01 1.208785195772968668e-01 1.304334771331303877e-01 6.593333556010302909e-02 1.304309776084469630e-01 6.593185483298558136e-02 4.411705198664175182e-02
9.890851534071480877e-01 3.333760236382082298e-01 9.838709760909142288e-01 1.463414430510051600e-01 8.191482640753792177e-01 1.208790283733936627e-01 1.304346773183368280e-01 6.593401132112522434e-02 1.304346273977158854e-01 6.593398185507313991e-02 4.411764186677950145e-02
