3.492294174114490835e-01 2.748588368297277817e-01 9.839434565898574903e-01 1.463423331239669667e-01 8.191352062749223117e-01 1.208772296444999839e-01 1.304855796865538320e-01 6.596568810293035323e-02 1.304420763345812140e-01 6.593890869645363528e-02 4.411647116638301586e-02
3.755899402306557278e-01 2.750282252803344929e-01 9.839197779733335203e-01 1.463533629908518596e-01 8.189611520974666714e-01 1.208532556075472275e-01 1.304367814093400635e-01 6.593823766763541594e-02 1.304218483171659948e-01 6.592916582811593484e-02 4.410263726396595335e-02
4.026342928537268162e-01 2.724790541912802122e-01 9.838935528404685327e-01 1.463427572935972754e-01 8.191285158160428459e-01 1.208763085490168476e-01 1.304387026856296261e-01 6.593687020083302541e-02 1.304510869284067343e-01 6.594464269609533191e-02 4.412024773522321003e-02
4.296294832623057669e-01 2.577901987564711339e-01 9.838845612972015875e-01 1.463416425208433069e-01 8.191460760918061190e-01 1.208787332668948417e-01 1.304002010320099991e-01 6.591445446031037048e-02 1.304222827568849441e-01 6.592871676913740486e-02 4.411926877512061668e-02
4.497586165733841734e-01 2.457876347240084969e-01 9.838815406490093451e-01 1.463414639206078172e-01 8.191489389011145095e-01 1.208791260330182582e-01 1.303711535002901323e-01 6.589770450363198473e-02 1.303983587116802623e-01 6.591540780370246100e-02 4.411811648414226683e-02
4.772505162836626624e-01 2.359907125258285110e-01 9.839246246042271382e-01 1.463414905703153135e-01 8.191482852961587957e-01 1.208790376904228109e-01 1.304325423561121522e-01 6.593373162566044943e-02 1.304184249794531902e-01 6.592581931341141843e-02 4.412075491250255777e-02
5.064224738295675099e-01 2.222769356617461944e-01 9.839581948947440093e-01 1.463414774787058781e-01 8.191485837882243048e-01 1.208790734663827693e-01 1.305002454262318423e-01 6.597337408230698197e-02 1.304391260103893169e-01 6.593676934647416110e-02 4.412257140312017545e-02
5.110016616835690861e-01 2.042070638024767182e-01 9.839529564900667546e-01 1.463421645286887007e-01 8.191300712560023456e-01 1.208765206277224308e-01 1.304945031642606168e-01 6.597034422190233005e-02 1.304367311928797679e-01 6.593561729674968230e-02 4.411868345622953907e-02
4.767704484566645529e-01 1.035602987995272450e-01 9.839808002807305387e-01 1.463589486724277411e-01 8.186770642989892321e-01 1.208140684670614140e-01 1.303443907647186817e-01 6.588623346854131924e-02 1.303710881263905885e-01 6.590205231220569448e-02 4.407452517481660892e-02
4.588652192934266627e-01 7.203296532906919292e-02 9.839833844373899741e-01 1.463601870544578853e-01 8.186437398673469534e-01 1.208094739809876528e-01 1.303024539832905726e-01 6.586152833423543351e-02 1.303658430889927944e-01 6.589924293925392140e-02 4.407123497491278324e-02
