3.461786169385562273e-01 2.902522792995335110e-01 9.839202094980548097e-01 1.463468457817075630e-01 8.190639790620277694e-01 1.208674192183704088e-01 1.304429479369692835e-01 6.594127441319348748e-02 1.304063145900640208e-01 6.591951526491228452e-02 4.410961270694303132e-02
3.541037576598304315e-01 3.039530559224439821e-01 9.838862784109448922e-01 1.463493776321427853e-01 8.190238813807062535e-01 1.208619116689086531e-01 1.303972305029372780e-01 6.591447837302039092e-02 1.303755378430574985e-01 6.590284202492011079e-02 4.410648995219193513e-02
3.878790680733218976e-01 2.867417260318885774e-01 9.838886930983338219e-01 1.463461255420932527e-01 8.190695573390988082e-01 1.208688670051726310e-01 1.304174666405527871e-01 6.592529861258485113e-02 1.304179363450725937e-01 6.592639365165585408e-02 4.411347581077038060e-02
4.320582723470990372e-01 2.635142145339234299e-01 9.839048621311946574e-01 1.463432937055978156e-01 8.190827088374915688e-01 1.208740546583178949e-01 1.304092634398657802e-01 6.592061100795000572e-02 1.304212588211867974e-01 6.592798257156545771e-02 4.411701686395867045e-02
4.574018210883841196e-01 2.487412857674813904e-01 9.839089669129912341e-01 1.463416000650178128e-01 8.191439676614947762e-01 1.208786573581396712e-01 1.303856337226511897e-01 6.590683324581292357e-02 1.304084521051400158e-01 6.592046028725405404e-02 4.412053978710783059e-02
4.872340767386710292e-01 2.401381424765609840e-01 9.839241583727041940e-01 1.463444495645847276e-01 8.190710304094631633e-01 1.208685198822858492e-01 1.304167901130907914e-01 6.592549685408791160e-02 1.304130041710611088e-01 6.592297528170955323e-02 4.411403622748843317e-02
5.124909725621329404e-01 2.127535345583065618e-01 9.839474148667839426e-01 1.463436429494459345e-01 8.190944733091750640e-01 1.208716210503760491e-01 1.304870167897472510e-01 6.596637471645368234e-02 1.304314008713556294e-01 6.593287182891827136e-02 4.411543891606056755e-02
5.187903513601023198e-01 1.968752067175575937e-01 9.839393571901206004e-01 1.463425044803751685e-01 8.191210803763235848e-01 1.208752814177906226e-01 1.304914834241629185e-01 6.596888942964508618e-02 1.304351869890227611e-01 6.593486581005247871e-02 4.411574596995129771e-02
5.066749398418621819e-01 1.515704471507866857e-01 9.839801054997077134e-01 1.463870755658450429e-01 8.179181570112878941e-01 1.207094448020126914e-01 1.302902642722030824e-01 6.586357479774011814e-02 1.302690623654570168e-01 6.585067795366059129e-02 4.400475261346833283e-02
4.752022679506311409e-01 8.043200703385720851e-02 9.840526297800992195e-01 1.464845070762872403e-01 8.152892634366478708e-01 1.203470201529306671e-01 1.298595592023792655e-01 6.563880227254330346e-02 1.299089482056823841e-01 6.566828086550287324e-02 4.376305080633913908e-02
