3.344487265669967568e-01 3.355995001065357752e-01 9.838656971104049465e-01 1.463416857281638617e-01 8.191454117588300443e-01 1.208786315425136593e-01 1.303749795438814418e-01 6.589962538155079430e-02 1.303783259615471646e-01 6.590325688350813504e-02 4.411671036579965788e-02
3.393915089872142632e-01 3.259261221812204679e-01 9.838632610920303723e-01 1.463414892617151686e-01 8.191484640065380685e-01 1.208790561004330494e-01 1.303847010496379522e-01 6.590561738750530529e-02 1.303657612938772248e-01 6.589643867359035179e-02 4.411683553339529329e-02
3.480115794508684135e-01 3.246066268094143226e-01 9.838705403898454493e-01 1.463416805190061454e-01 8.191421786978688724e-01 1.208785731265245994e-01 1.304068578856791005e-01 6.591845484952353618e-02 1.303981787837573403e-01 6.591484117065274373e-02 4.411702931270065908e-02
3.971848357820401687e-01 3.058722121203488742e-01 9.839388311181124225e-01 1.463796277565798387e-01 8.176579373965219277e-01 1.207551141476534279e-01 1.303094488955829078e-01 6.587117049138882519e-02 1.303146073540915328e-01 6.587397836809928686e-02 4.404328072509011704e-02
4.921701339660809471e-01 2.582571055955504291e-01 9.839300214635401387e-01 1.463507789913263690e-01 8.186976103841324681e-01 1.208353340970134138e-01 1.303764406079700178e-01 6.590405641737361042e-02 1.303947731961024037e-01 6.591350630608173999e-02 4.409799128829697268e-02
5.187103542273895362e-01 2.500105817536852904e-01 9.838994737493071963e-01 1.463448759042945413e-01 8.190555062983042589e-01 1.208670999689532843e-01 1.304104980660115432e-01 6.592112711057028507e-02 1.304216188655744346e-01 6.592728624901596224e-02 4.411058367925640294e-02
5.269724175577491510e-01 2.282484254354183173e-01 9.839346156131245635e-01 1.463849971556794582e-01 8.180511193780365398e-01 1.207289534411151027e-01 1.303032764212505856e-01 6.586961093525248168e-02 1.302881782299587232e-01 6.586016359706139967e-02 4.401784108649855337e-02
5.373634185077634795e-01 1.970557578655000031e-01 9.839423139260693452e-01 1.463547606227352804e-01 8.188107867350191693e-01 1.208325783352810906e-01 1.304373412062838911e-01 6.594046255113979182e-02 1.303917180948720722e-01 6.591276875213915309e-02 4.408670613847782971e-02
6.459497086187883097e-01 1.742195093327321975e-01 9.839448946349528269e-01 1.463728383025553470e-01 8.182879098063002843e-01 1.207604253415941187e-01 1.303275186971411259e-01 6.588116934833575244e-02 1.303057667162133837e-01 6.586879860608291226e-02 4.403866788739639604e-02
8.060509257988586196e-01 1.526108264820122129e-01 9.839417175360555268e-01 1.464282210640003856e-01 8.167827499819982906e-01 1.205529166855458939e-01 1.300668197032229800e-01 6.574387171175037625e-02 1.300802924901963697e-01 6.575409401515207308e-02 4.390026578608999946e-02
