3.234790166605889250e-01 3.640779324223855640e-01 9.838647233805817294e-01 1.463414852418327694e-01 8.191485642405939016e-01 1.208790604792858575e-01 1.303605007820718420e-01 6.589022490413135036e-02 1.304092150378587389e-01 6.592011699554235771e-02 4.411746142831064060e-02
3.349421523259178968e-01 3.405429330431982149e-01 9.838665317843980906e-01 1.463414742183437867e-01 8.191486411133388490e-01 1.208790805816665065e-01 1.303937868061114669e-01 6.591039466501974475e-02 1.304013583916212859e-01 6.591630789933657086e-02 4.411731892916097991e-02
3.474758930329922557e-01 3.323940261076746561e-01 9.838735793784355588e-01 1.463414924241597803e-01 8.191473814521712526e-01 1.208789699749643204e-01 1.304271262878818061e-01 6.592990375050820917e-02 1.304351538266874944e-01 6.593569096391374562e-02 4.411761824897345724e-02
3.718778028770398647e-01 3.283379218456613513e-01 9.839017814536837880e-01 1.463497703904778902e-01 8.187110975177335215e-01 1.208380326998264864e-01 1.303970017820482441e-01 6.591552990250043598e-02 1.304003914922736429e-01 6.591808739997367939e-02 4.409206003203066521e-02
4.980888042011036299e-01 2.682429684392017566e-01 9.839414436485427462e-01 1.463765513275885610e-01 8.173613204903112939e-01 1.207113299107851895e-01 1.302606551018582193e-01 6.584558529233197621e-02 1.302673321403278461e-01 6.584935629214262731e-02 4.401145328775597776e-02
5.242460436134296353e-01 2.516601854321728338e-01 9.838976381989144038e-01 1.463478392466892597e-01 8.188791998172247899e-01 1.208558021393749821e-01 1.304000933391791517e-01 6.591574642032747844e-02 1.304114900604057825e-01 6.592226600009985782e-02 4.410250169826283873e-02
5.938666116516307936e-01 2.403504351934533934e-01 9.839140853245756935e-01 1.463662038539935428e-01 8.183528061440448198e-01 1.207928066834540320e-01 1.303392084627734981e-01 6.588531736765144975e-02 1.303496004587250956e-01 6.589105766349249993e-02 4.406013175222615180e-02
7.852469034064467612e-01 2.104589002045859358e-01 9.839143288250059571e-01 1.463479349800912432e-01 8.188779837420944174e-01 1.208430103104312925e-01 1.303884523726607514e-01 6.591078795564536685e-02 1.303977766104927327e-01 6.591550164601604755e-02 4.409355608680307764e-02
8.546170996595219282e-01 1.794073063538152712e-01 9.838883129389879301e-01 1.463431940432173284e-01 8.189472897415930319e-01 1.208513436104640126e-01 1.303683735001575361e-01 6.589735607613927959e-02 1.303798086902621112e-01 6.590568693260401290e-02 4.409912340900752625e-02
8.816767014533846147e-01 1.664385580634077377e-01 9.838743543124077728e-01 1.463444180578269138e-01 8.190322294227654343e-01 1.208630344836609666e-01 1.303668378239462577e-01 6.589503974674858211e-02 1.303796386937504104e-01 6.590526175241008533e-02 4.410692254798794648e-02
