2.722867290833732579e-01 5.178613149247213165e-01 9.838305995066110032e-01 1.463415642999090494e-01 8.191445626537571245e-01 1.208785160696067007e-01 1.303328468250536942e-01 6.587464820816735234e-02 1.304247369679192581e-01 6.592922857648826629e-02 4.411727786657122785e-02
2.873118231501891606e-01 4.448532111698716984e-01 9.838491977108514419e-01 1.463416951737562532e-01 8.191375113114957029e-01 1.208775670838042327e-01 1.303720296068528461e-01 6.589741825118471119e-02 1.304255769806530463e-01 6.592969114731454805e-02 4.411673890861306929e-02
3.554801013796847209e-01 3.601169131974248372e-01 9.838749357291625142e-01 1.463426080371532656e-01 8.190862244269980774e-01 1.208729076463359725e-01 1.304234586998643253e-01 6.592801437530054764e-02 1.304364363834744078e-01 6.593639097916420555e-02 4.411388765947422269e-02
4.203018459145141938e-01 3.829346994966574824e-01 9.839188838066631471e-01 1.463733424154502749e-01 8.173946297756633506e-01 1.207089975597226000e-01 1.302674158543092320e-01 6.584969207093921417e-02 1.302688816459807164e-01 6.585081687832741726e-02 4.401043468010062271e-02
4.807760170901693164e-01 3.388760356334525881e-01 9.840953351975748609e-01 1.465234394938843832e-01 8.098396620367196430e-01 1.200006476218096058e-01 1.295601208389519365e-01 6.549161820351354080e-02 1.295630128632821176e-01 6.549333136156311463e-02 4.355861683266997603e-02
5.343843454813421712e-01 2.686096852390635337e-01 9.840733876165899119e-01 1.465095959553153748e-01 8.118922427544796872e-01 1.202515199781587357e-01 1.298032150910763405e-01 6.561410608517587173e-02 1.298126839412338807e-01 6.561960592560188432e-02 4.370729492791880499e-02
7.357067539830748348e-01 2.318896395873183136e-01 9.839283625147332568e-01 1.463668755034245317e-01 8.180885541693475593e-01 1.207892925723678124e-01 1.303292159860738597e-01 6.588020482237845477e-02 1.303426447233357321e-01 6.588757472743039800e-02 4.405759825984925659e-02
8.254261317400320985e-01 2.137999314494936076e-01 9.839065941076553523e-01 1.463416064852386955e-01 8.191403298419064338e-01 1.208782425682930900e-01 1.304180875303691256e-01 6.592548622748041487e-02 1.304326427865283300e-01 6.593314353882261114e-02 4.411699243049696517e-02
8.497814848680080857e-01 1.984880287571825774e-01 9.839018165702295704e-01 1.463412486067456331e-01 8.188588316211595775e-01 1.208391689867443497e-01 1.303710091528852144e-01 6.590059269919776308e-02 1.303841208954396036e-01 6.590838430189067954e-02 4.409098576766493777e-02
8.848415527362774036e-01 1.734337765815435195e-01 9.838956212651491784e-01 1.463396564244315301e-01 8.181203729242596534e-01 1.207374103452642927e-01 1.302527140384500959e-01 6.583856513765827534e-02 1.302630833025859580e-01 6.584673990883158079e-02 4.402309591020001772e-02
