2.507302531799207035e-01 6.030497054797872014e-01 9.838113627387279347e-01 1.463415654219393514e-01 8.191443024879633272e-01 1.208784841766185753e-01 1.303186700846260815e-01 6.586688467426798921e-02 1.304284866419822275e-01 6.593168482511635453e-02 4.411724480313529428e-02
2.620474265791131185e-01 5.810442065316715476e-01 9.838219041749144411e-01 1.463451149022116649e-01 8.189602510341811303e-01 1.208531978670213808e-01 1.303050741054695427e-01 6.586076349412318953e-02 1.304025648258021197e-01 6.591837204893945257e-02 4.410094091451666198e-02
4.228986500275850879e-01 4.427272740901108672e-01 9.838722816135277993e-01 1.463468538873040625e-01 8.188482070900278131e-01 1.208399888068897865e-01 1.303842812629102677e-01 6.590761578643770935e-02 1.303950973443731565e-01 6.591411033161216626e-02 4.409293349934526735e-02
4.601147107441251882e-01 4.289178097833379888e-01 9.838781813438800539e-01 1.463469526046065061e-01 8.188457638747116407e-01 1.208497123749972813e-01 1.304054864797645763e-01 6.591924632377932358e-02 1.304056584606992364e-01 6.591935864441512971e-02 4.409911748023723904e-02
4.789432165294794097e-01 4.164109368816064083e-01 9.839315777188927248e-01 1.463924399410238553e-01 8.165315707588707284e-01 1.206331790620856215e-01 1.301887141423397620e-01 6.580950267957251520e-02 1.301894349920901528e-01 6.581000310363677164e-02 4.396107675586419933e-02
6.126261064264004741e-01 3.377610211421885889e-01 9.839358457055363827e-01 1.463978883817784737e-01 8.167391142675427540e-01 1.206658545502363455e-01 1.301821234133510030e-01 6.580362147535985529e-02 1.301934313444671198e-01 6.581168605812419414e-02 4.397559530288217000e-02
6.685121012620925951e-01 3.124758097932028300e-01 9.838789871689380684e-01 1.463431033653634916e-01 8.190796580266637150e-01 1.208734663694109313e-01 1.303772813454960322e-01 6.590166208734198061e-02 1.303921221944182030e-01 6.591206457450239642e-02 4.411070848674860517e-02
7.443963828845983066e-01 2.670375281638890375e-01 9.838912588129351544e-01 1.463417433846146143e-01 8.191082583092229585e-01 1.208740438655855759e-01 1.303945509322426421e-01 6.591187346661833701e-02 1.304089422680248522e-01 6.592082812830414584e-02 4.411248567079834038e-02
8.688815700615731830e-01 2.196979414177878120e-01 9.838997569808297650e-01 1.463412505868547930e-01 8.187849727820842860e-01 1.208289921621864133e-01 1.303716444660363016e-01 6.590173901429359493e-02 1.303790897914596514e-01 6.590604724443621665e-02 4.408403846167635587e-02
9.116838774627823438e-01 2.169385114766389233e-01 9.838885809319573017e-01 1.463408690129980039e-01 8.188185076275220631e-01 1.208335962152763260e-01 1.303809912969067508e-01 6.590648920280432754e-02 1.303821057188870869e-01 6.590758965792067881e-02 4.408727494186099466e-02
