3.034412269990819921e-01 5.948188900204244289e-01 9.838357010137378511e-01 1.463500128047239557e-01 8.187486151052048022e-01 1.208241312290287278e-01 1.302968753425826076e-01 6.585825835692310504e-02 1.303760925092864453e-01 6.590498571565356345e-02 4.408110116231269554e-02
3.855337783187663958e-01 5.716874616640533757e-01 9.838626059779636002e-01 1.463469680128187955e-01 8.188619017772374997e-01 1.208396773181122513e-01 1.303683641804172511e-01 6.589849089190479015e-02 1.303942601392044376e-01 6.591377076197282858e-02 4.409222962157399034e-02
4.354217131068169322e-01 5.251869806983279210e-01 9.838828961791350469e-01 1.463537132882664626e-01 8.184646431065570882e-01 1.207851663691500155e-01 1.303378469409542662e-01 6.588478942132008909e-02 1.303413656720307512e-01 6.588686994566142485e-02 4.405821283461560517e-02
4.710570753763375085e-01 4.449854068529744411e-01 9.838727310388433178e-01 1.463429535778661139e-01 8.190663677670052545e-01 1.208700505198377073e-01 1.304256818338877799e-01 6.592945749249033704e-02 1.304257417924528095e-01 6.592949080982671295e-02 4.411197078619683021e-02
5.187874639694590728e-01 4.133485757428279062e-01 9.838767625646840376e-01 1.463461144914929013e-01 8.189130317637107748e-01 1.208566137171015603e-01 1.304041459871399522e-01 6.591803336389821799e-02 1.304062827045924522e-01 6.591956590842729113e-02 4.410294380779403861e-02
6.441117995898663073e-01 3.290445539205629211e-01 9.838740067360166597e-01 1.463418941473262069e-01 8.191290971692161138e-01 1.208773929714722917e-01 1.303792890800864190e-01 6.590245957582811787e-02 1.303934187990388183e-01 6.591266329335036811e-02 4.411311740480183818e-02
6.524255584709209854e-01 3.237381688191169893e-01 9.838733469493200490e-01 1.463414564055061928e-01 8.191485533340747693e-01 1.208790692466696209e-01 1.303767240445041220e-01 6.590086676499690155e-02 1.303930775196490699e-01 6.591257328256266979e-02 4.411397668734738653e-02
6.611174744677027482e-01 3.197616039063881366e-01 9.838743079742370279e-01 1.463414520258299045e-01 8.191470151781595765e-01 1.208788702671174664e-01 1.303796261190832972e-01 6.590257535604919503e-02 1.303941317228728969e-01 6.591302300001919412e-02 4.411402157115609096e-02
8.926260015292344363e-01 2.312922178919848415e-01 9.838824088437426729e-01 1.463413312899514429e-01 8.191354351372690523e-01 1.208772640740460452e-01 1.304228280147337882e-01 6.592756190881325640e-02 1.304243804147328656e-01 6.592891557071967057e-02 4.411610301089586433e-02
9.161107718718882742e-01 2.230550862599346984e-01 9.838775632850005337e-01 1.463414614492843935e-01 8.191483353768306275e-01 1.208790383689598291e-01 1.304314522494708084e-01 6.593229364264049930e-02 1.304283719860017676e-01 6.593100633683339484e-02 4.411759692942655853e-02
