4.287125948232926587e-01 5.845215798539746821e-01 9.838711106970093878e-01 1.463436627742185914e-01 8.190441026768050525e-01 1.208647196875898555e-01 1.304166965212441853e-01 6.592464709555685698e-02 1.304203014880795375e-01 6.592677361801381475e-02 4.410812430714902699e-02
4.278926822162860688e-01 5.653856275392068476e-01 9.838707537966452366e-01 1.463414812429405520e-01 8.191480243186556320e-01 1.208789957440552787e-01 1.304342102583190832e-01 6.593374361963763586e-02 1.304346368206003304e-01 6.593399547820551210e-02 4.411756712050426271e-02
4.517423514385118244e-01 5.500216686533099253e-01 9.838711963727019283e-01 1.463416952052201681e-01 8.191360261060071091e-01 1.208773465024430144e-01 1.304329602544750111e-01 6.593314019763002465e-02 1.304330199197464013e-01 6.593317541115545355e-02 4.411652931138185935e-02
5.146240280163504321e-01 5.157286658110096234e-01 9.838710214675938648e-01 1.463415098581215545e-01 8.191462635520846414e-01 1.208787591010579976e-01 1.304344113757189005e-01 6.593387744615056278e-02 1.304344160173387113e-01 6.593388001748978766e-02 4.411743396097165398e-02
5.351875192370916245e-01 4.913664536904396307e-01 9.838711466793461646e-01 1.463414917984430519e-01 8.191465544933657084e-01 1.208788406439102459e-01 1.304316575342358286e-01 6.593229987132326331e-02 1.304323215827503379e-01 6.593278450967685056e-02 4.411734639731699353e-02
6.404447387899300237e-01 3.474670750908205874e-01 9.838733380393983596e-01 1.463412306494373816e-01 8.191387450096242473e-01 1.208777628396804499e-01 1.303848242721557249e-01 6.590562819669812389e-02 1.303962078452765017e-01 6.591400137256024638e-02 4.411360297649249279e-02
6.566548207450052521e-01 3.250421555393003259e-01 9.838734864917870748e-01 1.463414254686513094e-01 8.191474025078508969e-01 1.208789121071477263e-01 1.303785462891624003e-01 6.590192952554838057e-02 1.303920955740178744e-01 6.591185480499604787e-02 4.411388066069520109e-02
6.672247240818540703e-01 3.223683863873395006e-01 9.838807014557050534e-01 1.463328782301808739e-01 8.187984623283754981e-01 1.208310134501328625e-01 1.303321689152175944e-01 6.587863565114977782e-02 1.303451428901782894e-01 6.588816603469584143e-02 4.408181196636284244e-02
9.156248572560607979e-01 2.558869169941532240e-01 9.838862912499435343e-01 1.463350035423478246e-01 8.188836769589757925e-01 1.208427110658459869e-01 1.303899607093925717e-01 6.591101579422634082e-02 1.303921568370446649e-01 6.591261307054968599e-02 4.409295334247769621e-02
9.359081298472604615e-01 2.529452580998148292e-01 9.838787540381543906e-01 1.463414549884591020e-01 8.191485167548716584e-01 1.208790634257378843e-01 1.304309367352943505e-01 6.593201790834793408e-02 1.304306079009506236e-01 6.593208007297884921e-02 4.411761689596693098e-02
