4.709008200493892682e-01 6.321997572273160282e-01 9.838709715363190833e-01 1.463414770178036728e-01 8.191482777909987467e-01 1.208790305452322605e-01 1.304346749832649699e-01 6.593401022076970930e-02 1.304346921383614522e-01 6.593402033735648593e-02 4.411758823894874199e-02
4.583618661273591854e-01 5.960477675362831906e-01 9.838709820977155074e-01 1.463414798674659290e-01 8.191480401156094882e-01 1.208789979597105074e-01 1.304346539448471287e-01 6.593400039813267222e-02 1.304346604901996109e-01 6.593400425978679369e-02 4.411757207120805407e-02
4.975794919913760772e-01 5.392680189105412136e-01 9.838709808978635118e-01 1.463414738623283473e-01 8.191482688213070906e-01 1.208790292915236791e-01 1.304346909544435995e-01 6.593401954556012134e-02 1.304346917133245576e-01 6.593401999353415421e-02 4.411760150520908919e-02
5.251930967043035858e-01 5.146053999279746050e-01 9.838709711860325058e-01 1.463414650792139171e-01 8.191487550168498055e-01 1.208790960534065762e-01 1.304347573895562051e-01 6.593405313757122466e-02 1.304347559923872413e-01 6.593405231104379483e-02 4.411764688474414942e-02
5.364857158723074226e-01 5.093731450485019518e-01 9.838709336501146874e-01 1.463414612412723692e-01 8.191480685314316279e-01 1.208790017140205092e-01 1.304344735121350241e-01 6.593389310345471044e-02 1.304339661279588780e-01 6.593359346442652369e-02 4.411757583341378158e-02
7.261033243789205560e-01 4.427743883116379009e-01 9.838717986811238436e-01 1.463352499112392513e-01 8.189556123787139486e-01 1.208525400332774308e-01 1.303972546496888207e-01 6.591411677672140423e-02 1.303688216137275924e-01 6.589735338968080725e-02 4.409705366270059296e-02
8.954704997786259169e-01 3.839145046873516653e-01 9.838709244469623361e-01 1.463323640179665652e-01 8.188608491568135639e-01 1.208395165850267572e-01 1.303741202855684123e-01 6.590153233428600044e-02 1.303188592304583004e-01 6.586893887768298372e-02 4.408562116336574299e-02
9.251269091913393305e-01 3.667545370172454189e-01 9.838835985118079552e-01 1.463184992698775277e-01 8.183148907448396514e-01 1.207645611755488319e-01 1.303051955440369669e-01 6.586720807160524604e-02 1.302678284197764380e-01 6.584522133964253177e-02 4.403696114653266047e-02
9.882769374637619952e-01 3.329118486981322844e-01 9.838709807640960703e-01 1.463414599894646007e-01 8.191487894893849653e-01 1.208791008466221784e-01 1.304346423334870608e-01 6.593398582146003939e-02 1.304343664467403630e-01 6.593382612482753813e-02 4.411761980080319140e-02
9.887656505467085077e-01 3.327824935127601247e-01 9.838709727038822406e-01 1.463414633405463183e-01 8.191489100557676206e-01 1.208791174942182578e-01 1.304347770499924564e-01 6.593406321172470830e-02 1.304347429631711741e-01 6.593404714136000266e-02 4.411764701225346502e-02
