4.961584501234442834e-01 6.486311789573644404e-01 9.838709679460339030e-01 1.463414634383400081e-01 8.191489150878016323e-01 1.208791181565374018e-01 1.304347800594714557e-01 6.593406464457407523e-02 1.304347800709292904e-01 6.593406465133200278e-02 4.411764696475600767e-02
5.044434120700569402e-01 6.371980067366758149e-01 9.838709693162063230e-01 1.463414636627921595e-01 8.191488335462202564e-01 1.208791070671048073e-01 1.304347694594670815e-01 6.593405928512334480e-02 1.304347694748543840e-01 6.593405929421387868e-02 4.411764624521404693e-02
5.248115427359877350e-01 5.735066962937388491e-01 9.838709726017199619e-01 1.463414647968627469e-01 8.191486769281707270e-01 1.208790853912573293e-01 1.304347472416262088e-01 6.593404802763765116e-02 1.304347472481902082e-01 6.593404803148621152e-02 4.411764486775663491e-02
5.325218919984933130e-01 5.161664218316791564e-01 9.838709788447418392e-01 1.463414683685931861e-01 8.191483413531109870e-01 1.208790389652776437e-01 1.304346987638453359e-01 6.593402329048521360e-02 1.304346883695039205e-01 6.593401711376739582e-02 4.411764494960423305e-02
5.620872814620996305e-01 5.002978775063153805e-01 9.838709475859140907e-01 1.463411906975288224e-01 8.191379576580504196e-01 1.208776110267383019e-01 1.304327047802101847e-01 6.593295905883723995e-02 1.304304260808836491e-01 6.593160557206168004e-02 4.411661844691556339e-02
8.463841554666408085e-01 4.154572181473433212e-01 9.838694544456351165e-01 1.463352213929084711e-01 8.189555726615580511e-01 1.208525335677861079e-01 1.303955085839391681e-01 6.591295617922615646e-02 1.303450049762708285e-01 6.588295947362790561e-02 4.409543264486568553e-02
9.317216581382173901e-01 3.906408680476474715e-01 9.838641804581567119e-01 1.463409144993935984e-01 8.191319982926610344e-01 1.208767920501819804e-01 1.304158262664334711e-01 6.592287355528976545e-02 1.303480162908437767e-01 6.588254704670712392e-02 4.411024563327718001e-02
9.527130589661187976e-01 3.705136062398386998e-01 9.838686844223082373e-01 1.463376747468665418e-01 8.190318144419238555e-01 1.208630171929060970e-01 1.304077731755896030e-01 6.591933842645517072e-02 1.303643596758455869e-01 6.589354760769500219e-02 4.410303645279015083e-02
9.889613956004518203e-01 3.335030399313062000e-01 9.838709453009100159e-01 1.463414633444089785e-01 8.191489102707746328e-01 1.208791175223804804e-01 1.304347261551493664e-01 6.593403231302115419e-02 1.304345144694464276e-01 6.593390634872108025e-02 4.411763068765292561e-02
9.891292223087462254e-01 3.333314782015265876e-01 9.838709677338292048e-01 1.463414634146185389e-01 8.191489298961033283e-01 1.208791203104629258e-01 1.304347819493818228e-01 6.593406559258301047e-02 1.304347814921268944e-01 6.593406533487515542e-02 4.411764703553334999e-02
