3.513838830354664156e-01 2.765711249798071814e-01 9.839384101429904383e-01 1.463422199206086127e-01 8.191368466615174260e-01 1.208774831022079582e-01 1.304797143148761773e-01 6.596212243298177347e-02 1.304391631558380615e-01 6.593726581760796235e-02 4.411669994137986522e-02
3.760703990608538216e-01 2.751100948300868043e-01 9.839171819708141253e-01 1.463492193560222143e-01 8.190254113814139370e-01 1.208622734431259726e-01 1.304460460098677832e-01 6.594295930844894238e-02 1.304298396890707090e-01 6.593313242924880857e-02 4.410832755226751223e-02
4.031357564208217226e-01 2.719707944706349911e-01 9.838958282231502483e-01 1.463556302375163820e-01 8.189215352332849251e-01 1.208480615566192851e-01 1.304115839361797979e-01 6.592332500288422548e-02 1.304206031885721817e-01 6.592911817074864622e-02 4.410072135516168029e-02
4.295278109122449561e-01 2.580443617168803327e-01 9.838873866370746457e-01 1.463483900687552464e-01 8.190247088153339572e-01 1.208623022258452223e-01 1.303864831803031588e-01 6.590785711177657435e-02 1.304091217166974959e-01 6.592229058040365020e-02 4.410916944380796623e-02
4.500407595578118647e-01 2.460448153046703723e-01 9.838822245680126644e-01 1.463418642580725515e-01 8.191282680602902655e-01 1.208763691823974973e-01 1.303714637769314011e-01 6.589821988901155281e-02 1.304020904246120938e-01 6.591787300291393481e-02 4.411724365657001407e-02
4.751151735998738745e-01 2.368906854900538206e-01 9.839133448775816415e-01 1.463418696084523019e-01 8.191262184951498826e-01 1.208760499116798975e-01 1.304218223517721043e-01 6.592768175679050713e-02 1.304160217836966562e-01 6.592496318210085138e-02 4.411873379174417048e-02
5.052185884461223297e-01 2.211652105158689596e-01 9.839555047280948985e-01 1.463423100634764218e-01 8.191262427978784899e-01 1.208760017379462842e-01 1.304936254529905637e-01 6.596976532241700941e-02 1.304351921028968908e-01 6.593482758334463789e-02 4.412001891808455672e-02
5.081359667873630581e-01 1.971645202027827448e-01 9.839583823916077110e-01 1.463426674780929637e-01 8.191175007767902416e-01 1.208747898241067098e-01 1.304898129976796162e-01 6.596776697312753401e-02 1.304347361664812688e-01 6.593457988421837224e-02 4.411727249337832335e-02
4.767856429845160338e-01 1.062707049927300862e-01 9.839752222339559484e-01 1.463469299052072292e-01 8.190015575581074403e-01 1.208588037150835209e-01 1.303932677390834960e-01 6.591143864132779917e-02 1.304153509301216318e-01 6.592443747901843842e-02 4.410441132283839105e-02
4.603272053395456309e-01 7.344148894629887181e-02 9.839777213091597252e-01 1.463487212700670115e-01 8.189530941587739310e-01 1.208521220472268121e-01 1.303493291457130387e-01 6.588569950767009242e-02 1.304077543513255666e-01 6.592044775906184817e-02 4.409967698055231727e-02
