3.460297455036977499e-01 2.989697591931247400e-01 9.839024581750496212e-01 1.463434075511584609e-01 8.191162660126390938e-01 1.208749793880034284e-01 1.304309386562927109e-01 6.593348988270673894e-02 1.303977903075564659e-01 6.591440542244987599e-02 4.411461993417514771e-02
3.653987446901709180e-01 2.917161591777152063e-01 9.839062848159718655e-01 1.463661398072656494e-01 8.187284154389442570e-01 1.208253768770391617e-01 1.303857184032605476e-01 6.591052729977042723e-02 1.303683257796016126e-01 6.590069044478531757e-02 4.408297679544268682e-02
4.013284809575001222e-01 2.768263567231183386e-01 9.839167570234594873e-01 1.464024213210073366e-01 8.180021095809019149e-01 1.207347788726261945e-01 1.302970384420496508e-01 6.586529184731540476e-02 1.303048094999457729e-01 6.587005933467111884e-02 4.402714582444890168e-02
4.356909903800698092e-01 2.612242364446050180e-01 9.839187176110990585e-01 1.463758576025376013e-01 8.181656035971259788e-01 1.207595543199796728e-01 1.302922875050094020e-01 6.586100014698829941e-02 1.303282073006879760e-01 6.588099611703464309e-02 4.405521739661397151e-02
4.671702087395323555e-01 2.487202129795769157e-01 9.839074088270792773e-01 1.463457491581772740e-01 8.187643382155009864e-01 1.208321330950699601e-01 1.303450421779244472e-01 6.588638509196989568e-02 1.303915750730386125e-01 6.591222088716811034e-02 4.410461060490352553e-02
4.983096582485502801e-01 2.417395190101096214e-01 9.839147463056974185e-01 1.463465913931730200e-01 8.189000250621818466e-01 1.208464447949414433e-01 1.303956333226381215e-01 6.591451173873270897e-02 1.304054318196430640e-01 6.591932864516029944e-02 4.410495090363050069e-02
5.131047342259955624e-01 2.185205098730811923e-01 9.839467075358021564e-01 1.463508528544026355e-01 8.189017500103136227e-01 1.208452016088027575e-01 1.304513926793038625e-01 6.594752870350886753e-02 1.304053873377774286e-01 6.591964146987899786e-02 4.409812466446665774e-02
5.160947187528595048e-01 1.971137291322081209e-01 9.839529692582841269e-01 1.463458916732514881e-01 8.190363354761651671e-01 1.208636117103903396e-01 1.304819372409996570e-01 6.596433549318837797e-02 1.304236269379823732e-01 6.592896673505688199e-02 4.410828353867433937e-02
4.978905398266641469e-01 1.456708852632671303e-01 9.839714536394728039e-01 1.463548881517615086e-01 8.187876900506396716e-01 1.208293215888597977e-01 1.304044534769641106e-01 6.592099175493314200e-02 1.303876128673098767e-01 6.591057639255994138e-02 4.408470890438085515e-02
4.694552988469318788e-01 8.318697973201562290e-02 9.839944864833403138e-01 1.463713213507276401e-01 8.183425888682834826e-01 1.207679573383370619e-01 1.302823945072477951e-01 6.585332462368752304e-02 1.303245962622264775e-01 6.587845903239372691e-02 4.404365536889986305e-02
