3.408766366447879559e-01 3.233380420384018294e-01 9.838668761630999793e-01 1.463423610154773458e-01 8.191273790157559409e-01 1.208775293437830828e-01 1.303908164269618197e-01 6.590941930054514120e-02 1.303702001196514748e-01 6.589902730957092336e-02 4.411598883691300599e-02
3.480246242427751935e-01 3.243393293606118277e-01 9.838814935423533248e-01 1.463568264189316903e-01 8.187448706686351052e-01 1.208456663581537471e-01 1.303778350408197062e-01 6.590404272251051965e-02 1.303689919114364437e-01 6.590016880404743482e-02 4.409582587171011203e-02
3.808790172315341116e-01 3.134668622979648878e-01 9.839700799585063828e-01 1.464542726412499107e-01 8.154982357772481150e-01 1.205186450846291724e-01 1.300754866383685981e-01 6.575264225573218546e-02 1.300830014855340611e-01 6.575694465450487858e-02 4.389563702779403220e-02
4.454473076960757116e-01 2.842493532807860435e-01 9.840689265278655951e-01 1.465226258186380082e-01 8.118419453614229564e-01 1.200905946255466372e-01 1.296469854322766790e-01 6.553578314683404515e-02 1.297261012426175197e-01 6.557606699635019909e-02 4.367060983151730552e-02
5.021215103106057009e-01 2.569401702286449596e-01 9.839720289990363522e-01 1.463982585275962478e-01 8.161056686989016651e-01 1.205420097052428141e-01 1.300860708543632727e-01 6.575712660337477977e-02 1.301828140113936438e-01 6.580658517839688137e-02 4.395870195658861668e-02
5.205208512740090443e-01 2.494357545688561106e-01 9.839139115379921252e-01 1.463617302887569582e-01 8.182999113411009162e-01 1.207753423095442452e-01 1.303224076151565103e-01 6.587679953902882135e-02 1.303533753729715361e-01 6.589289619630496475e-02 4.406396333911886259e-02
5.231384775948065835e-01 2.311969851469138915e-01 9.839364635631639988e-01 1.463741644546636966e-01 8.182588082422002085e-01 1.207583510268524229e-01 1.303324522493014004e-01 6.588435344557808104e-02 1.303207556406581480e-01 6.587661625569435353e-02 4.404035842658840516e-02
5.318829179125414974e-01 2.018753177726314019e-01 9.839592218926789258e-01 1.463577494958832326e-01 8.187312732307412411e-01 1.208216782490895147e-01 1.304245263206356698e-01 6.593384640653805751e-02 1.303811513805341327e-01 6.590737872712239265e-02 4.407993535923266509e-02
5.615557575628927767e-01 1.766638872836249208e-01 9.839633133946344978e-01 1.463560638181750084e-01 8.187353688324290335e-01 1.208221261401945384e-01 1.304071783215527969e-01 6.592338769704966794e-02 1.303783080931866234e-01 6.590583085724023571e-02 4.407998749716108416e-02
5.740009112197603791e-01 1.268318798502394151e-01 9.839837304856837719e-01 1.463755649608498577e-01 8.181636589345603339e-01 1.207432987506850963e-01 1.302888252773863886e-01 6.585949276908578676e-02 1.302940986970529957e-01 6.586297937762213006e-02 4.402748648288690864e-02
