3.390515607308035029e-01 3.363752918210258791e-01 9.838686779515265490e-01 1.463423326195512630e-01 8.191165650015495014e-01 1.208781561695107531e-01 1.303920107841714249e-01 6.590948239011856780e-02 1.304032651228869133e-01 6.591745816773865452e-02 4.411676653876250853e-02
3.486504344099004560e-01 3.343966539181820741e-01 9.838843390714721027e-01 1.463523580144016345e-01 8.187332486214735638e-01 1.208568026582613059e-01 1.303982630424439237e-01 6.591472375775418724e-02 1.304085268163005240e-01 6.592179283414711932e-02 4.410368237816925802e-02
3.729714313003876791e-01 3.345664489650777562e-01 9.839873588603679222e-01 1.464605089019735407e-01 8.145931446844278945e-01 1.204612362939894293e-01 1.300200499587871317e-01 6.572458028735105040e-02 1.300257311967700224e-01 6.572827234289192744e-02 4.385911420940798167e-02
4.359658349939256050e-01 3.198721469560313890e-01 9.842094430267337435e-01 1.466961407529522587e-01 8.050811875657929439e-01 1.193951360813883533e-01 1.289635072311359210e-01 6.519027857513226554e-02 1.290171073638826105e-01 6.521757890724907969e-02 4.322222700156256453e-02
5.048110832563661443e-01 2.763368364248063314e-01 9.840935536112079829e-01 1.465373428229637953e-01 8.106780898717932393e-01 1.199782915179656989e-01 1.295344826557224271e-01 6.547842644896152697e-02 1.296397780313565951e-01 6.553216611970534566e-02 4.360763606106837081e-02
5.332417942021069335e-01 2.599109612072474373e-01 9.839473970944139225e-01 1.464023448517834392e-01 8.167133957527993315e-01 1.205994398253892319e-01 1.301456672036700735e-01 6.578714523107120904e-02 1.301889702215279498e-01 6.580978577784203642e-02 4.395583532841060292e-02
5.684300461922403569e-01 2.587516486477709488e-01 9.839274759976085472e-01 1.463823936582967500e-01 8.178254673935793084e-01 1.207050408416707188e-01 1.302503855194271642e-01 6.584039712133066269e-02 1.302586258123293872e-01 6.584501320504151933e-02 4.400460652359832608e-02
6.773847958692440496e-01 2.248525463064538210e-01 9.839303656312057278e-01 1.463555396061113067e-01 8.186463457400832144e-01 1.208103869384912626e-01 1.303624002172710239e-01 6.589806891671481925e-02 1.303596569828880392e-01 6.589619674308605513e-02 4.407168248038388636e-02
8.010066820785265440e-01 1.960727546347433570e-01 9.839119974498606869e-01 1.463434972093423936e-01 8.188733721214729311e-01 1.208411657457081900e-01 1.303773717446690128e-01 6.590414816539308385e-02 1.303852122085485676e-01 6.590891139237890772e-02 4.409233472980225027e-02
8.398090983883077509e-01 1.767679050226026727e-01 9.839008830470979960e-01 1.463433812680826895e-01 8.186966474574497443e-01 1.208168028979970110e-01 1.303377072527412417e-01 6.588225141386484796e-02 1.303478261870323340e-01 6.588964048386579397e-02 4.407614861707771781e-02
