3.258694024861302774e-01 3.614100367690370463e-01 9.838689830460169983e-01 1.463421080731439616e-01 8.191242913019822769e-01 1.208782516777379828e-01 1.303706910471459646e-01 6.589625022329823056e-02 1.304251608829281595e-01 6.592921122373898712e-02 4.411712906773100629e-02
3.535465293525155706e-01 3.588038903966301874e-01 9.838805020125251932e-01 1.463496588626029549e-01 8.188280734059091293e-01 1.208603230199765122e-01 1.303873847479203874e-01 6.590771732652851711e-02 1.304168540107551455e-01 6.592582440032293545e-02 4.410600169711408058e-02
4.077654211909650939e-01 3.793561587690625347e-01 9.839342720172892243e-01 1.464066660937288489e-01 8.166338804294038800e-01 1.206472145485448372e-01 1.302014108220541921e-01 6.581587410041921105e-02 1.302073642385473962e-01 6.581968118549987035e-02 4.397358779486350289e-02
4.559463134661705941e-01 3.847636328583948218e-01 9.840381896503767045e-01 1.465231396341863390e-01 8.120737765882480863e-01 1.201367587791971198e-01 1.296981446159381768e-01 6.556158192144613539e-02 1.297107433174102542e-01 6.556813434535228857e-02 4.366049849901464108e-02
5.319076234451958207e-01 3.434230951421411993e-01 9.840204925736043551e-01 1.464862975973995618e-01 8.132282984886156640e-01 1.202554622732415202e-01 1.298016117394623914e-01 6.561295075289363954e-02 1.298372471296752040e-01 6.563192669514866795e-02 4.373937445217227632e-02
6.210368777232458948e-01 3.154035385266888980e-01 9.839086700352771553e-01 1.463675584023208243e-01 8.177658305798987115e-01 1.207194499974260787e-01 1.302310053540480794e-01 6.582813238555708379e-02 1.302533841010069249e-01 6.584211892185025394e-02 4.401557286801179025e-02
6.535945168193157961e-01 3.162662548087590286e-01 9.838843481189001317e-01 1.463407559652012691e-01 8.187070790450696745e-01 1.208198438557780974e-01 1.303210442025084514e-01 6.587310638692407683e-02 1.303371315081666426e-01 6.588440595016373247e-02 4.407511469212144206e-02
7.418348910625974790e-01 2.643478154616785147e-01 9.838967186634830497e-01 1.463394738764700609e-01 8.188126633316470393e-01 1.208329233533577823e-01 1.303512437026946580e-01 6.588980587760577545e-02 1.303661594069949192e-01 6.589926642055189687e-02 4.408505143613087457e-02
8.426252252701854628e-01 2.011994249529782397e-01 9.839043310421108357e-01 1.463413848278320994e-01 8.187548398283607254e-01 1.208248307561080453e-01 1.303543174599348931e-01 6.589193552381163166e-02 1.303680315354127373e-01 6.590019907437393021e-02 4.408132009490520892e-02
8.695908546858406307e-01 1.811683507739922649e-01 9.838934743117735415e-01 1.463408599227564166e-01 8.186284804935329840e-01 1.208074161622589293e-01 1.303247093210271879e-01 6.587533855117390369e-02 1.303368808644316257e-01 6.588407108853461258e-02 4.406980308698033727e-02
