3.214257665461898728e-01 3.984816034149710751e-01 9.838676553073512077e-01 1.463420961315966273e-01 8.191216561000698171e-01 1.208765397796619789e-01 1.303743473510284578e-01 6.589836171429927503e-02 1.304223401307588737e-01 6.592734986802974151e-02 4.411609449682087070e-02
3.887898479554644515e-01 4.223375380654429967e-01 9.838720489505388134e-01 1.463437980915883729e-01 8.190568650012639562e-01 1.208722838368131575e-01 1.304032085267385899e-01 6.591590843693630186e-02 1.304246192858868059e-01 6.592889011110639186e-02 4.411342437169472191e-02
4.505528085934046301e-01 4.328872330665292645e-01 9.838779827755939067e-01 1.463488764428575728e-01 8.188631378055816201e-01 1.208523079445064374e-01 1.304058885456751415e-01 6.591926144991420988e-02 1.304081225437837555e-01 6.592063640591934448e-02 4.410096889553252048e-02
4.781210274728660559e-01 4.327251239884497003e-01 9.838869491824130398e-01 1.463588084558756497e-01 8.184740148394132886e-01 1.208083746955416621e-01 1.303638619773037910e-01 6.589815537535155532e-02 1.303647143039415035e-01 6.589864456341969212e-02 4.407368921993495836e-02
5.491304984394445032e-01 4.073161417734989520e-01 9.838883889677437766e-01 1.463550325682134168e-01 8.184625610771256721e-01 1.208046678135977908e-01 1.303438049412271871e-01 6.588697368352838812e-02 1.303500093727543718e-01 6.589110535387045220e-02 4.406994275644668391e-02
6.419580593597781215e-01 3.337400458073163656e-01 9.838795826136484957e-01 1.463369271195736621e-01 8.188275780006258886e-01 1.208366979725414847e-01 1.303385848244001943e-01 6.588199466440258778e-02 1.303537589351368986e-01 6.589280226961095888e-02 4.408633535733525594e-02
6.535829923144054199e-01 3.232682394918130475e-01 9.838789519455487520e-01 1.463348490694361681e-01 8.188571804525914821e-01 1.208391068558119646e-01 1.303363254727556431e-01 6.588056542227369028e-02 1.303525157699610415e-01 6.589215755941901786e-02 4.408735807147084323e-02
6.976919585827709991e-01 2.969470830854570309e-01 9.838890627463321437e-01 1.463366990036020221e-01 8.187054464170859802e-01 1.208181357064751216e-01 1.303256406957444824e-01 6.587593527612822797e-02 1.303408815430877055e-01 6.588636791554275396e-02 4.407416900417859829e-02
8.456793410288944157e-01 2.157257196301162194e-01 9.839080524772767511e-01 1.463418378249954632e-01 8.184520145989696571e-01 1.207831202744794191e-01 1.303177826057435040e-01 6.587374988154333366e-02 1.303286651548013764e-01 6.588038370422966139e-02 4.405328822077020368e-02
8.871258183596667513e-01 2.011574719805444278e-01 9.838954004395317199e-01 1.463414801393221332e-01 8.186981880641867049e-01 1.208170217374368444e-01 1.303496555368146570e-01 6.588935615510864430e-02 1.303578436905535320e-01 6.589500740620764241e-02 4.407620480865666324e-02
