3.883094367579759121e-01 5.168794637262771330e-01 9.838745707180076572e-01 1.463472673638158694e-01 8.188443153727995583e-01 1.208374128765889038e-01 1.303770612358854664e-01 6.590341826795671765e-02 1.303894644408303549e-01 6.591093859444230318e-02 4.409088595438007824e-02
4.216803300927144393e-01 5.306034254453735333e-01 9.838718803601301799e-01 1.463428847053181991e-01 8.190757453662387277e-01 1.208692556228609521e-01 1.304211339487122978e-01 6.592681329118607603e-02 1.304239357152980616e-01 6.592852109919526693e-02 4.411131393037698994e-02
4.498126363720396093e-01 5.011547819646752222e-01 9.838714461276502066e-01 1.463420277798391789e-01 8.191241126045749610e-01 1.208762736745533639e-01 1.304313807818600346e-01 6.593229462946430253e-02 1.304318266099512291e-01 6.593256588230272941e-02 4.411585638199173875e-02
4.979645632813842204e-01 4.873205143012414031e-01 9.838715732225914445e-01 1.463420553328694529e-01 8.191234897628412170e-01 1.208763859198831170e-01 1.304317862735409617e-01 6.593253223333742086e-02 1.304318855001954935e-01 6.593259743354665248e-02 4.411595562777356067e-02
5.331875187111140280e-01 4.896531118628976165e-01 9.838717208714733431e-01 1.463412791924914580e-01 8.191203782838851755e-01 1.208755149439307286e-01 1.304273929415504241e-01 6.593008761971477782e-02 1.304284351894348659e-01 6.593083165134129564e-02 4.411510113252688908e-02
6.002027798539097958e-01 4.054528217020557102e-01 9.838752059305130304e-01 1.463377624384253062e-01 8.189892017454161177e-01 1.208572852770978395e-01 1.303809251563554927e-01 6.590479149977099271e-02 1.303895158538050381e-01 6.591097735493235688e-02 4.410113689509580909e-02
6.529131545466242414e-01 3.343655400157650170e-01 9.838784998583190999e-01 1.463348012639049123e-01 8.188647675856784991e-01 1.208401131168183457e-01 1.303413216317109713e-01 6.588333124318748735e-02 1.303551759373051400e-01 6.589339378731251529e-02 4.408818390525077319e-02
7.190225175273878833e-01 3.069402374593168670e-01 9.838864382108124529e-01 1.463353713042509774e-01 8.186852588696373889e-01 1.208153579335651540e-01 1.303259870932351461e-01 6.587619841291456058e-02 1.303347712157764127e-01 6.588279601888362424e-02 4.407210210830283387e-02
8.849430626565731872e-01 2.309440046618049247e-01 9.838971311167613587e-01 1.463410392861645148e-01 8.187208812604934716e-01 1.208201638858751731e-01 1.303630509805394078e-01 6.589713640921480986e-02 1.303671024747575513e-01 6.589975660684393999e-02 4.407791694011026218e-02
9.117020137647329214e-01 2.214518195882653750e-01 9.838903216948976516e-01 1.463415489466048103e-01 8.190289251942208804e-01 1.208625878552145871e-01 1.304090150481281574e-01 6.592062018228594944e-02 1.304128689948093889e-01 6.592311270912393217e-02 4.410660698403556096e-02
