4.014931912717028539e-01 5.657665359934462845e-01 9.838903071632043584e-01 1.463676173075642017e-01 8.177849802210448438e-01 1.206916898168640256e-01 1.302324751096146649e-01 6.583058553563046755e-02 1.302477958191876339e-01 6.583964836448198688e-02 4.399685053476021235e-02
4.229419837838079288e-01 5.620917280867806509e-01 9.838753903062825712e-01 1.463470186974292486e-01 8.188596538468362329e-01 1.208393692681248577e-01 1.303925216620446803e-01 6.591249383146408070e-02 1.303951608550448782e-01 6.591405524962962170e-02 4.409201866161872874e-02
4.436193293432003082e-01 5.550821191444129665e-01 9.838716835572022257e-01 1.463424503239434404e-01 8.190973967827966939e-01 1.208720442445333915e-01 1.304271112150289791e-01 6.593013973836542307e-02 1.304277199314196334e-01 6.593049980381372743e-02 4.411309878918672628e-02
5.090736042072047107e-01 5.264432411439694537e-01 9.838710015772925699e-01 1.463414999974774477e-01 8.191467175917136467e-01 1.208788216565593737e-01 1.304344407145581752e-01 6.593388998005210444e-02 1.304344684993599957e-01 6.593390690011226296e-02 4.411747705788669066e-02
5.284344451529520148e-01 5.137482468081694398e-01 9.838709974817518855e-01 1.463414428221712360e-01 8.191476267777504372e-01 1.208789417095683799e-01 1.304344412681438803e-01 6.593388281229907444e-02 1.304344678419024905e-01 6.593390380167374332e-02 4.411754617874495688e-02
5.531610252703954567e-01 4.961277290151240305e-01 9.838716230831103804e-01 1.463404876861801596e-01 8.191132706238216654e-01 1.208742223165142488e-01 1.304259294501332045e-01 6.592932140102290839e-02 1.304253708321192473e-01 6.592911081427839382e-02 4.411409315166110040e-02
7.380340225757314743e-01 4.074038146935414217e-01 9.838761927204778823e-01 1.463303403244570478e-01 8.187792238954966217e-01 1.208283031225318715e-01 1.303614808140685366e-01 6.589530632426199297e-02 1.303404470276419702e-01 6.588335942328529815e-02 4.408043398343188674e-02
8.943138975599426166e-01 3.668163282687197935e-01 9.838792678689659565e-01 1.463242928293803091e-01 8.185740517464580313e-01 1.208000730281142271e-01 1.303359631645274463e-01 6.588238995816229904e-02 1.302936376949919428e-01 6.585752648185973224e-02 4.406024572539339601e-02
9.377363468316013417e-01 3.031423227439378199e-01 9.838813740457766910e-01 1.463349455327599413e-01 8.188897232378692381e-01 1.208434654084163534e-01 1.303902345266422791e-01 6.591087326724551221e-02 1.303744552698559156e-01 6.590160336868433610e-02 4.409216068072620981e-02
9.433555007329846864e-01 2.676715009794277678e-01 9.838817394054574228e-01 1.463409940562603595e-01 8.191129221267786642e-01 1.208741634328924924e-01 1.304245852472648293e-01 6.592868562275353006e-02 1.304254103645199614e-01 6.592927805261356022e-02 4.411423775412397219e-02
