3.050024489257587845e-01 5.947790889758056698e-01 9.838712920206970081e-01 1.463838429590432477e-01 8.169429145651392332e-01 1.205759747500075724e-01 1.300483909198652810e-01 6.573242488022534857e-02 1.301298045797659730e-01 6.578051823159272726e-02 4.392217067603463448e-02
3.810301523750083130e-01 5.852307947268315935e-01 9.838710815431386258e-01 1.463588883095680582e-01 8.182416934477502179e-01 1.207544497230427782e-01 1.302758371617283029e-01 6.585111681746802503e-02 1.303093560729202960e-01 6.587091750027078418e-02 4.403726204950524081e-02
4.522487825938772965e-01 6.026203813407324805e-01 9.838708273025281725e-01 1.463436870733099970e-01 8.190329817802037837e-01 1.208631867222002554e-01 1.304141673519143840e-01 6.592329006831665339e-02 1.304187369531732144e-01 6.592598949686717669e-02 4.410738209662631165e-02
5.008657712233314241e-01 5.937471284679540773e-01 9.838709642168652625e-01 1.463415219396726197e-01 8.191457437620282001e-01 1.208786822665415261e-01 1.304342144228325950e-01 6.593376889834443033e-02 1.304343382852499456e-01 6.593384209716419975e-02 4.411737690658917160e-02
5.246800208011112021e-01 5.501311297979583070e-01 9.838709879429201610e-01 1.463414350044777712e-01 8.191474439635997307e-01 1.208789157524301078e-01 1.304345373533139507e-01 6.593393845080916527e-02 1.304344614169546113e-01 6.593389396379706335e-02 4.411753987981674452e-02
5.758967891103001779e-01 5.162897584361235692e-01 9.838716750883799156e-01 1.463393486278435629e-01 8.190818172488725235e-01 1.208698924805835379e-01 1.304236392507657494e-01 6.592825001320297418e-02 1.304181033651786170e-01 6.592498018121108194e-02 4.411103494480504705e-02
8.531431887969869177e-01 4.146959410734477602e-01 9.838763582546306008e-01 1.463241103628765416e-01 8.186120866383512773e-01 1.208053052597094501e-01 1.303472549494028021e-01 6.588844170050468796e-02 1.303005674145959192e-01 6.586078732860425888e-02 4.406392473266880494e-02
9.395104552061191994e-01 3.814313154288849206e-01 9.838769466536577690e-01 1.463221685567146768e-01 8.185537148676286234e-01 1.207972784682853074e-01 1.303384725852963222e-01 6.588389975217855132e-02 1.302865329342071665e-01 6.585310979738988324e-02 4.405808294836933980e-02
9.767577881542468532e-01 3.441773573327481794e-01 9.838726471050982525e-01 1.463365696208297484e-01 8.189978597253938508e-01 1.208583478883211160e-01 1.304103165862589286e-01 6.592132388400109844e-02 1.303972578586732878e-01 6.591358341597615411e-02 4.410257407242976213e-02
9.880124568754030667e-01 3.326457100677874812e-01 9.838711963345250222e-01 1.463412838694078955e-01 8.191433230919779040e-01 1.208783489923375698e-01 1.304338095496612171e-01 6.593355841295428510e-02 1.304333977514368914e-01 6.593331590337160597e-02 4.411713731995869220e-02
