2.552781619430021798e-01 6.079893734872739985e-01 9.838218694343683346e-01 1.463537600535984584e-01 8.185092803755675828e-01 1.207912212233425708e-01 1.302275263008922379e-01 6.582041818814748924e-02 1.303416612554277876e-01 6.588783757127346374e-02 4.406096388827358129e-02
3.214133048696158901e-01 6.164744333895568751e-01 9.838386152178160149e-01 1.463503516058494158e-01 8.186865069929015748e-01 1.208155751621183549e-01 1.302910305241146427e-01 6.585542969703317429e-02 1.303677627826155538e-01 6.590075573862202996e-02 4.407667040236213502e-02
4.611285080648532264e-01 6.423427291992178656e-01 9.838679359650656098e-01 1.463423711475161093e-01 8.191016987535587601e-01 1.208726297061796379e-01 1.304206266746612830e-01 6.592633938472317046e-02 1.304279626176101936e-01 6.593067279926698165e-02 4.411346230975213972e-02
4.940939218690970081e-01 6.427014308567423617e-01 9.838709093634079306e-01 1.463414830178364767e-01 8.191478661312661114e-01 1.208789739398143659e-01 1.304344821268966226e-01 6.593390258919497315e-02 1.304346286182259396e-01 6.593398912423040215e-02 4.411755586248807676e-02
5.133464358639597824e-01 6.224068205252727415e-01 9.838709796667431950e-01 1.463414327120708958e-01 8.191475920712277814e-01 1.208789361654496047e-01 1.304345630392201860e-01 6.593395161375235902e-02 1.304344822715302610e-01 6.593390374868772497e-02 4.411753719701859422e-02
5.804575571755018482e-01 5.673028819649975629e-01 9.838717576123332531e-01 1.463389271665094249e-01 8.190698356267156477e-01 1.208682447203447696e-01 1.304219461825756876e-01 6.592737771495005283e-02 1.304150747503747820e-01 6.592330580861263667e-02 4.410979231556416691e-02
8.617117284821922407e-01 4.203495382016604331e-01 9.838755929747867723e-01 1.463262314534123087e-01 8.186789683045787580e-01 1.208145007903943940e-01 1.303585923608036601e-01 6.589436674652429660e-02 1.303170904886514492e-01 6.586976499952967856e-02 4.407059653142065409e-02
9.583178197535793252e-01 3.636911855086290002e-01 9.838746257129555861e-01 1.463295784988216386e-01 8.187826183310188410e-01 1.208287524741791241e-01 1.303756010672802168e-01 6.590324424891663702e-02 1.303437055729102234e-01 6.588433453474176749e-02 4.408102067407234509e-02
9.867423875951428780e-01 3.357679328782749995e-01 9.838712711538876166e-01 1.463404729191649101e-01 8.191183602247698037e-01 1.208749166286002541e-01 1.304298371554395708e-01 6.593148984160428216e-02 1.304271566079019395e-01 6.592990067085183203e-02 4.411463252298902793e-02
9.890805565845690595e-01 3.333793612888298896e-01 9.838709846406656911e-01 1.463414283342936162e-01 8.191477993258885482e-01 1.208789644623439047e-01 1.304346115804193296e-01 6.593397789025808031e-02 1.304345567869857891e-01 6.593394541914104900e-02 4.411759069206889344e-02
