3.483368949872043263e-01 2.749458008572581158e-01 9.839441277136807829e-01 1.463414636020556880e-01 8.191489261516886611e-01 1.208791197010752883e-01 1.304880511163460932e-01 6.596700890008078133e-02 1.304439141805285585e-01 6.593984488833004587e-02 4.411768071239759864e-02
3.674527891892519493e-01 2.744585716669523112e-01 9.839268349524296076e-01 1.463414651361581997e-01 8.191488936246967834e-01 1.208791151895034222e-01 1.304709894465326259e-01 6.595647558232740904e-02 1.304471166058340792e-01 6.594179971409143415e-02 4.411915373467018703e-02
4.014941440687161411e-01 2.724108273513063394e-01 9.838970777683357927e-01 1.463414729346881049e-01 8.191486523381208418e-01 1.208790822819265504e-01 1.304432144794362980e-01 6.593935402821031466e-02 1.304541679110265973e-01 6.594619834795624469e-02 4.412188514196492550e-02
4.300314656813445935e-01 2.584062655232191030e-01 9.838905270606477238e-01 1.463415045248756263e-01 8.191476560934886075e-01 1.208789562420951869e-01 1.304056547198275962e-01 6.591797428814775983e-02 1.304262222990502373e-01 6.593114451812610854e-02 4.412061070625936804e-02
4.514248062546605822e-01 2.468968312259844922e-01 9.838923832724530971e-01 1.463414777286581592e-01 8.191484881061531498e-01 1.208790724118372212e-01 1.303802268949554588e-01 6.590371622673854568e-02 1.304054239516710678e-01 6.591992862787170171e-02 4.412016800764906321e-02
4.763509621922358273e-01 2.370106313287306532e-01 9.839204538295570623e-01 1.463415751652779317e-01 8.191460802678386388e-01 1.208787394175715596e-01 1.304313523520251039e-01 6.593328086436128777e-02 1.304193487237580162e-01 6.592682007589466264e-02 4.412090339044972415e-02
5.060539552978476907e-01 2.214827797205922155e-01 9.839596498528850876e-01 1.463422728382248461e-01 8.191272713884576451e-01 1.208761348250672052e-01 1.304990430920212052e-01 6.597289808042086645e-02 1.304365141729716127e-01 6.593552809884545285e-02 4.412042204718417959e-02
5.100669236346113689e-01 1.996782230313445539e-01 9.839732165043513223e-01 1.463701785098129315e-01 8.183743439357035188e-01 1.207723347172177247e-01 1.303936246525765341e-01 6.591957052954042218e-02 1.303340876012651639e-01 6.588373388108352546e-02 4.404893447499349385e-02
4.766797211822299540e-01 1.012770831682615336e-01 9.840367596394326011e-01 1.464509715972908133e-01 8.161941498301396036e-01 1.204717693025528086e-01 1.300090067891910284e-01 6.571684270471014888e-02 1.300337510990148548e-01 6.573152279546840004e-02 4.384632910066927486e-02
4.592165615390412792e-01 7.213477766261952584e-02 9.839839413423667747e-01 1.463578701056006959e-01 8.187062470710420037e-01 1.208180912444964950e-01 1.303123671454810284e-01 6.586665267043130545e-02 1.303744193276866470e-01 6.590357911910493804e-02 4.407698202654530828e-02
