3.450970709467789943e-01 2.945845822240573120e-01 9.839104225372492518e-01 1.463414657962532617e-01 8.191488356145212313e-01 1.208791072140640299e-01 1.304457910900543860e-01 6.594187261780129483e-02 1.304098065826304886e-01 6.592080189874151286e-02 4.411743612436334894e-02
3.645129679456041716e-01 2.892935005291081274e-01 9.839042784345934933e-01 1.463415970695282620e-01 8.191449606688034901e-01 1.208785831700416313e-01 1.304430046678209665e-01 6.593993629528123457e-02 1.304229589753843066e-01 6.592839094504830688e-02 4.411822613963310713e-02
4.036011094411471323e-01 2.755427874815387645e-01 9.838986889493155363e-01 1.463440110586283205e-01 8.190738036372904318e-01 1.208689929535001067e-01 1.304340044566996148e-01 6.593488029921357185e-02 1.304401915928312117e-01 6.593890483516837153e-02 4.411457916603370860e-02
4.344640580862818013e-01 2.632347136809738419e-01 9.839125691246628502e-01 1.463504749139492300e-01 8.188739271623297622e-01 1.208440820991592696e-01 1.303831671585261587e-01 6.590776182115221093e-02 1.303964774077700783e-01 6.591570615345961059e-02 4.409949987670781085e-02
4.676819282879502993e-01 2.513648898390624109e-01 9.839156109980524700e-01 1.463450820316561096e-01 8.190252979267580447e-01 1.208655856873379481e-01 1.303838019828993389e-01 6.590676717150313613e-02 1.304037312636932011e-01 6.591849899084857578e-02 4.411251975873027587e-02
5.015097472291196734e-01 2.451448135380414339e-01 9.839130222835114070e-01 1.463443511488780324e-01 8.190685773565854477e-01 1.208693202637075026e-01 1.304169071604929786e-01 6.592514744658314885e-02 1.304191530077173367e-01 6.592627792029309708e-02 4.411318261441832256e-02
5.142419052195378315e-01 2.164979951000952085e-01 9.839431571942997001e-01 1.463455895535584472e-01 8.190447115635391961e-01 1.208648201249469395e-01 1.304729706503821862e-01 6.595862970865280783e-02 1.304243336888021576e-01 6.592925542847577480e-02 4.411023623695481399e-02
5.175532607050248313e-01 1.962803391699666500e-01 9.839484123518051906e-01 1.463455745002774644e-01 8.190384495325466752e-01 1.208638899177648107e-01 1.304850670553700798e-01 6.596622848179392595e-02 1.304241303190434853e-01 6.592925139799095391e-02 4.410805457356611892e-02
5.060840701119253549e-01 1.510829171978432806e-01 9.839815876412005835e-01 1.463809056248803753e-01 8.180824484372086758e-01 1.207320943101225508e-01 1.303156698729159291e-01 6.587676968419650669e-02 1.302915367818045234e-01 6.586202804126932431e-02 4.401980481350092206e-02
4.777363529611567960e-01 8.075987716298770047e-02 9.839862321552860225e-01 1.463599430650235345e-01 8.186406897292998197e-01 1.208090545723170955e-01 1.303175165460485341e-01 6.587055621378967718e-02 1.303640779103910352e-01 6.589836903843752924e-02 4.407101557938903486e-02
