3.402095828014495837e-01 3.225794031013496932e-01 9.838648763468260672e-01 1.463414732684195918e-01 8.191485759563951197e-01 1.208790711607412444e-01 1.303909370910225629e-01 6.590913171452501829e-02 1.303682437857651422e-01 6.589757958826535089e-02 4.411712357650783567e-02
3.467219025535085430e-01 3.239726123619338649e-01 9.838719182817153852e-01 1.463433670593468627e-01 8.190912089256816575e-01 1.208712106394404517e-01 1.304008130864346970e-01 6.591539899469606167e-02 1.303906964385193323e-01 6.591089551147119585e-02 4.411270111738870708e-02
3.793534462554474795e-01 3.156485763518728782e-01 9.839585177606959832e-01 1.464376781322142829e-01 8.163111423837262626e-01 1.205109092179128122e-01 1.300739296075483498e-01 6.575230714099403184e-02 1.300719507844785294e-01 6.575169864155377963e-02 4.389388576298338535e-02
4.357287893353866126e-01 2.927387100532027886e-01 9.841853792723006533e-01 1.467302241141578978e-01 8.068459479069448603e-01 1.194239413216394985e-01 1.289937364549898768e-01 6.520619565287202879e-02 1.290189842060865677e-01 6.521863271731899447e-02 4.323521002837742849e-02
5.072885997666100044e-01 2.567020463027790411e-01 9.839882560929331667e-01 1.464400320940724143e-01 8.157487342973055444e-01 1.205155536082742479e-01 1.300615649606419733e-01 6.574486090968705010e-02 1.300765746941285605e-01 6.575290858961724272e-02 4.389390717481689297e-02
5.221960569843376865e-01 2.504653639518286123e-01 9.838999146302032095e-01 1.463467109586260861e-01 8.189663396195768774e-01 1.208613868202078195e-01 1.304055090091008617e-01 6.591851289233163769e-02 1.304169943326438652e-01 6.592505468248950617e-02 4.410639941073303538e-02
5.243827558898938035e-01 2.327886607717629397e-01 9.839220732596538621e-01 1.463693387424492010e-01 8.184360957985052920e-01 1.207825322837260129e-01 1.303483508678267289e-01 6.589162059237978208e-02 1.303405409785582114e-01 6.588656958344060732e-02 4.405337253438709050e-02
5.327490587597499827e-01 1.981307933621869188e-01 9.839398123516727157e-01 1.463501481953852212e-01 8.189255882914537876e-01 1.208483631067488878e-01 1.304475170388122163e-01 6.594517437198410548e-02 1.304068020457392618e-01 6.592029730895938855e-02 4.409720198160058807e-02
6.507980876908467938e-01 1.791497940754829543e-01 9.839270144237547422e-01 1.463453956877628082e-01 8.188529818330072541e-01 1.208383397191439557e-01 1.304041400029959386e-01 6.591999108636803495e-02 1.303835574795701446e-01 6.590815926674366276e-02 4.409054137124138878e-02
8.236527187112173687e-01 1.582651895560389654e-01 9.839028507417842961e-01 1.463414312128655526e-01 8.185569520569346835e-01 1.207975584418354009e-01 1.303116947865061159e-01 6.586814466647822330e-02 1.303217256244475208e-01 6.587625898406515579e-02 4.406327168301565206e-02
