3.401766466507040176e-01 3.321914272358892917e-01 9.838667377530440072e-01 1.463415072826808327e-01 8.191477699334018814e-01 1.208789542036990822e-01 1.303958351337905497e-01 6.591168224038100598e-02 1.303990369712712261e-01 6.591502590122490235e-02 4.411729918822497598e-02
3.485691570748902790e-01 3.320304894037455767e-01 9.838771802027805879e-01 1.463452787664505927e-01 8.190309458503733930e-01 1.208628962956147523e-01 1.304099411164651445e-01 6.592110087008080932e-02 1.304177200252148172e-01 6.592675354652600961e-02 4.410797516731838203e-02
3.676061920214556689e-01 3.333830214336561126e-01 9.839970560136722666e-01 1.465109439014728732e-01 8.140442789120455602e-01 1.201950168164305777e-01 1.297621075365792687e-01 6.559461225285781460e-02 1.297644938796468084e-01 6.559670810666133611e-02 4.370526686516117837e-02
4.253566771907729138e-01 3.246955371210397678e-01 9.845330888712773287e-01 1.472472148262937985e-01 7.901703253423608686e-01 1.174036421980263339e-01 1.269967819090898897e-01 6.419608053755289367e-02 1.270447407237799975e-01 6.422056936813819172e-02 4.201188961006752098e-02
5.003047575540378045e-01 2.763158842595426212e-01 9.842929836221290252e-01 1.467851116177813775e-01 8.031792221477082050e-01 1.192166324286212387e-01 1.287845921380678382e-01 6.509947595905082873e-02 1.288518518900928778e-01 6.513400099355044770e-02 4.311198685028975325e-02
5.266073309503793709e-01 2.548922792539021209e-01 9.839474413027946564e-01 1.463993088265062859e-01 8.169944630449456069e-01 1.206882678264444841e-01 1.302355439086496924e-01 6.583264776542205321e-02 1.302475895009760909e-01 6.583945677559337184e-02 4.399382053563081346e-02
5.510969923578217244e-01 2.533132328734274963e-01 9.839522909842894904e-01 1.464424960659478359e-01 8.162992647535730617e-01 1.204968741627681084e-01 1.300460922284581433e-01 6.573699903903891528e-02 1.300538309436005957e-01 6.574147201417554487e-02 4.386341701090398781e-02
7.013550430313211237e-01 2.119360338705736369e-01 9.839345823357292797e-01 1.463760441765338260e-01 8.180929071438697298e-01 1.207336511119408429e-01 1.302866529912664606e-01 6.585968657284319017e-02 1.302872584729949934e-01 6.585959398453408720e-02 4.402049097416170509e-02
8.422844458061079509e-01 1.904761723434290344e-01 9.838957139988461220e-01 1.463413868045018995e-01 8.190040328784857770e-01 1.208591573456140461e-01 1.303862239612502694e-01 6.590758529664583754e-02 1.303970370079968744e-01 6.591470066568810848e-02 4.410432773691364688e-02
8.773484570515845959e-01 1.726155515254025052e-01 9.838790533044431408e-01 1.463413137939723885e-01 8.190657242873737864e-01 1.208676567358785980e-01 1.303789054698779037e-01 6.590206812694981986e-02 1.303897700619808531e-01 6.591066318630831034e-02 4.410999867573811573e-02
