3.202274371339916548e-01 3.642177881235179049e-01 9.838680430043316161e-01 1.463415300546361819e-01 8.191477025202061890e-01 1.208789276104981075e-01 1.303699268041905446e-01 6.589571863859670919e-02 1.304282355379729474e-01 6.593087205407961726e-02 4.411759661212781569e-02
3.487130073446362832e-01 3.547956564226852905e-01 9.838745031844295941e-01 1.463446698618035557e-01 8.190517502863861043e-01 1.208658363513958750e-01 1.303967559549185362e-01 6.591278760057618646e-02 1.304265503493722556e-01 6.593109780936004527e-02 4.410977670205301626e-02
4.102493233059077982e-01 3.820235579868929698e-01 9.839349665102840037e-01 1.464291932748204017e-01 8.165116594662569227e-01 1.205312209049286681e-01 1.300909301486382064e-01 6.576038253208518758e-02 1.300944907001297945e-01 6.576280984903232207e-02 4.390717208078981360e-02
4.530842044188662099e-01 3.854393986393401805e-01 9.841376830786636720e-01 1.467019584681374389e-01 8.076576936613112379e-01 1.195052668607149843e-01 1.290757599390658372e-01 6.524704088816310477e-02 1.290952845974593921e-01 6.525702836105533311e-02 4.328414163359323857e-02
5.026707256128846169e-01 3.431278304018213210e-01 9.841452366813766561e-01 1.466027238024155688e-01 8.090917302758211527e-01 1.198700351197673347e-01 1.294302580990412954e-01 6.542582918862427377e-02 1.295178283113002926e-01 6.547056197250177012e-02 4.353124274645018416e-02
6.166037099182930525e-01 3.140574376797907186e-01 9.839156371025367109e-01 1.463761736329384222e-01 8.177789180418083559e-01 1.207600027868270393e-01 1.302721551283077261e-01 6.584899322447361480e-02 1.302891297676959936e-01 6.586014051877159270e-02 4.403952634316590786e-02
6.528069283627722097e-01 3.187526309418249881e-01 9.838754917491017160e-01 1.463427037952931831e-01 8.190899037688862405e-01 1.208724500285625059e-01 1.303699556297927831e-01 6.589763056301722877e-02 1.303864238633109518e-01 6.590935021793892234e-02 4.411006306850578929e-02
7.577732556243976791e-01 2.567260401144229598e-01 9.838957445314504557e-01 1.463404618411751068e-01 8.190427120527570271e-01 1.208645358198102565e-01 1.303874134001861140e-01 6.590849595693110130e-02 1.304019687903389402e-01 6.591742207055768799e-02 4.410649943878290624e-02
8.368413333040373159e-01 2.081140532948401178e-01 9.839036134863702321e-01 1.463414076254699325e-01 8.191379000531004984e-01 1.208776013617513384e-01 1.304152738967683800e-01 6.592361173916710948e-02 1.304283173953059149e-01 6.593084541676318133e-02 4.411660167893882017e-02
8.589538363154959333e-01 1.910827683909381847e-01 9.838938188513116634e-01 1.463411651357635901e-01 8.189966756193096664e-01 1.208581439027505144e-01 1.303835987467208413e-01 6.590610073449740258e-02 1.303956021577251101e-01 6.591396526108202203e-02 4.410365133261058557e-02
