2.876934555147755423e-01 3.978959272540227299e-01 9.838662695998001695e-01 1.463415620395996097e-01 8.191461405248954275e-01 1.208787198985024347e-01 1.303779606018394543e-01 6.590027672662032709e-02 1.304213787893496734e-01 6.592652411700172799e-02 4.411757382898315316e-02
3.797501273514110043e-01 4.197536958362093062e-01 9.838692451920397763e-01 1.463417477613610795e-01 8.191404737672791647e-01 1.208779883676279893e-01 1.304089122303695447e-01 6.591877283992174374e-02 1.304285808323860651e-01 6.593068877487202883e-02 4.411703573158623493e-02
4.552913186125437384e-01 4.321021309557663281e-01 9.838734627373550978e-01 1.463449724824320286e-01 8.190425033250681164e-01 1.208647025936137875e-01 1.304198991373949068e-01 6.592648962963021386e-02 1.304205136601852555e-01 6.592687140329372975e-02 4.410899860273561485e-02
4.712354207652909022e-01 4.297698620241100498e-01 9.838802338697847372e-01 1.463532076551765648e-01 8.187853346052039738e-01 1.208334430298882434e-01 1.303895248896056180e-01 6.591117989034374347e-02 1.303897878496980411e-01 6.591132002256189226e-02 4.408994599281688964e-02
5.269335132578742975e-01 4.110841206846093110e-01 9.838855560455433968e-01 1.463518724295136408e-01 8.187628812596906558e-01 1.208403398086725367e-01 1.303868427757915449e-01 6.590921483528093539e-02 1.303915529394168160e-01 6.591213125885081459e-02 4.409396928103068158e-02
6.447359184011456357e-01 3.324613059022062389e-01 9.838736393152294202e-01 1.463420935029024483e-01 8.191215897579865457e-01 1.208767716616144239e-01 1.303755678553630559e-01 6.590053354830861798e-02 1.303913336868678940e-01 6.591183134558883938e-02 4.411306046190344166e-02
6.528576724147205912e-01 3.237899974357280053e-01 9.838725495142939259e-01 1.463414642431626889e-01 8.191486944065980991e-01 1.208790933906330051e-01 1.303716805390759126e-01 6.589818704264267801e-02 1.303905518462905033e-01 6.591159961841516757e-02 4.411439114337920714e-02
6.870689703911004864e-01 3.030655724648222415e-01 9.838793188595192918e-01 1.463405225191877490e-01 8.191097413217585110e-01 1.208737413904023977e-01 1.303770581769671255e-01 6.590170789953152253e-02 1.303934304015793577e-01 6.591299738401554253e-02 4.411136949827278164e-02
8.409985818052342355e-01 2.216298300855358838e-01 9.839005336492019360e-01 1.463391331089742009e-01 8.190399635203472473e-01 1.208641568238975755e-01 1.304051240839847747e-01 6.591866596024897884e-02 1.304154894123382979e-01 6.592443002511265415e-02 4.410739606855810374e-02
8.915658425535410991e-01 2.183058307413095478e-01 9.838925039656936100e-01 1.463413341485398367e-01 8.191302856958765366e-01 1.208765540038765629e-01 1.304219113407684705e-01 6.592716309262694474e-02 1.304273767244991944e-01 6.593044107537487930e-02 4.411593231566012657e-02
