3.683413955625965963e-01 5.132701711277506407e-01 9.838728188973174804e-01 1.463451898842507148e-01 8.189446060119611737e-01 1.208510349553448410e-01 1.303928456175403872e-01 6.591151322809080115e-02 1.304004257089071972e-01 6.591624352666711206e-02 4.409989640044582188e-02
4.192648564609658401e-01 5.382710919902513602e-01 9.838713778836646329e-01 1.463421121438851780e-01 8.191125340363455409e-01 1.208741169698461099e-01 1.304277096259039148e-01 6.593028924209501374e-02 1.304287954415564721e-01 6.593096806098049101e-02 4.411450891069709085e-02
4.468221719956608218e-01 4.999798680822725161e-01 9.838710164243378298e-01 1.463415319266063996e-01 8.191457638120568374e-01 1.208786874635708053e-01 1.304342224769187986e-01 6.593377034095172784e-02 1.304342902214227218e-01 6.593381242459997460e-02 4.411738657433881411e-02
4.980838465096327217e-01 4.880669878560426889e-01 9.838710774301596684e-01 1.463415520466376518e-01 8.191459793064221895e-01 1.208787435864575044e-01 1.304343914075757338e-01 6.593386694471206622e-02 1.304343997470221450e-01 6.593387054347762954e-02 4.411744816835950350e-02
5.297309071447734441e-01 5.004151347607855849e-01 9.838710971635614699e-01 1.463415022550306754e-01 8.191471782558944481e-01 1.208789118561407055e-01 1.304332700030217118e-01 6.593321832981603736e-02 1.304336211576259119e-01 6.593346924338466808e-02 4.411750339855062542e-02
5.961648285414827830e-01 4.189354523514012274e-01 9.838720852216427115e-01 1.463414381888830107e-01 8.191452257946025828e-01 1.208786240811525609e-01 1.304062578657950167e-01 6.591786640352831350e-02 1.304137030935720309e-01 6.592322840872351375e-02 4.411586307532531365e-02
6.492618378991394934e-01 3.355778716669833295e-01 9.838727132414917254e-01 1.463412425219018653e-01 8.191392293684108816e-01 1.208777890027422086e-01 1.303765487698503034e-01 6.590102738551430195e-02 1.303919797531809810e-01 6.591213451964104963e-02 4.411369149098941927e-02
6.887001186130033981e-01 3.174544667491233652e-01 9.838825307929244257e-01 1.463313404707663745e-01 8.187085493704712169e-01 1.208186605567375810e-01 1.303221425833160918e-01 6.587381684086943134e-02 1.303338255240599486e-01 6.588250521765907919e-02 4.407392561568473921e-02
8.973164144894109073e-01 2.288163213998910261e-01 9.838884144129818043e-01 1.463399719874485527e-01 8.190769592068783966e-01 1.208692364544282360e-01 1.304147518177405651e-01 6.592345180046189912e-02 1.304176122427644913e-01 6.592545296867591276e-02 4.411081481990442726e-02
9.147596968346818347e-01 2.226527476596601995e-01 9.838893378778089671e-01 1.463414624555966492e-01 8.191488821415028321e-01 1.208791137531038118e-01 1.304266147054608804e-01 6.592952438690186101e-02 1.304293871471810806e-01 6.593148907844592621e-02 4.411764092807370780e-02
