4.127918478677292669e-01 5.640519312219812731e-01 9.839146637833507958e-01 1.463835385890477070e-01 8.167776562411975805e-01 1.205531781083280518e-01 1.301031838738008484e-01 6.576583265007496237e-02 1.301109822278604944e-01 6.577044886133348589e-02 4.391191278421633509e-02
4.239858718014284933e-01 5.624229356753398523e-01 9.838737383138740356e-01 1.463444017268342723e-01 8.189829004888604658e-01 1.208562984267324836e-01 1.304110022128058821e-01 6.592196085356226420e-02 1.304120812697110166e-01 6.592259918039138078e-02 4.410325245132477173e-02
4.377735362009558817e-01 5.573023714796558892e-01 9.838714740920437851e-01 1.463419508327601926e-01 8.191213389137851353e-01 1.208753273912396703e-01 1.304309189834343130e-01 6.593210549096396866e-02 1.304310135701315654e-01 6.593216146198045691e-02 4.411526317864845198e-02
5.123856690132537750e-01 5.229242728030065734e-01 9.838709743730472690e-01 1.463414676958569305e-01 8.191486069254361180e-01 1.208790754462789746e-01 1.304347364202926574e-01 6.593404251793340276e-02 1.304347370628239910e-01 6.593404286568169126e-02 4.411763666351250363e-02
5.277911777342639832e-01 5.135799166938725957e-01 9.838709733860746542e-01 1.463414657924650142e-01 8.191487018946604914e-01 1.208790885771241358e-01 1.304347230475733921e-01 6.593403406580179704e-02 1.304347289168189816e-01 6.593403844876132014e-02 4.411764542979220577e-02
5.429192844937179574e-01 5.050549557863255323e-01 9.838709740555640071e-01 1.463414733706852322e-01 8.191477551890072872e-01 1.208789583739680040e-01 1.304334260202685836e-01 6.593329999539353226e-02 1.304332540514564487e-01 6.593323395382943986e-02 4.411754234972046357e-02
7.386634511553817894e-01 4.252909886776634618e-01 9.838691211364183342e-01 1.463396859409294148e-01 8.190895152273088842e-01 1.208709529595445586e-01 1.304097863832144322e-01 6.592007971644300857e-02 1.303838999997810888e-01 6.590502267384565349e-02 4.410916347043195018e-02
9.130113081072875891e-01 3.833500069184452297e-01 9.838655644164235881e-01 1.463399194625692734e-01 8.190959985780176256e-01 1.208718461772021052e-01 1.304076080608646271e-01 6.591850937000519328e-02 1.303511430359548529e-01 6.588513764565040454e-02 4.410732222304721700e-02
9.310064985786605796e-01 3.013771088932233333e-01 9.838766479802769638e-01 1.463406167465701735e-01 8.191171309401905631e-01 1.208747488732238445e-01 1.304197519722490040e-01 6.592564145444210211e-02 1.303981272643512379e-01 6.591295299763613724e-02 4.411259864063819813e-02
9.348775616858395754e-01 2.529507341683112642e-01 9.838832888769787344e-01 1.463414577259189997e-01 8.191486389005746549e-01 1.208790802086863320e-01 1.304289303138361500e-01 6.593083147995210114e-02 1.304300289167455718e-01 6.593169730477706214e-02 4.411756837811262044e-02
