2.922787466703664627e-01 5.971052231712417058e-01 9.839051919873247343e-01 1.464139846865901984e-01 8.150527278385858443e-01 1.203160752501507835e-01 1.297823791889594902e-01 6.559734947303971775e-02 1.298718170586595499e-01 6.565020642459636069e-02 4.376246036988838684e-02
3.830683050806261702e-01 5.830690452874301988e-01 9.838822738725984118e-01 1.463661621774512700e-01 8.177536528273262606e-01 1.206873316955492798e-01 1.302118899402031904e-01 6.581898674791732129e-02 1.302430008944190365e-01 6.583737277304968494e-02 4.399666611797710403e-02
4.543734055626149626e-01 6.070287960850266895e-01 9.838718045630480136e-01 1.463430930153576948e-01 8.190569171794086500e-01 1.208664724419689085e-01 1.304202584249381791e-01 6.592657805774110313e-02 1.304221424863651613e-01 6.592769143280002853e-02 4.410967117367211449e-02
5.009612353645529481e-01 6.003787121901092982e-01 9.838709725496812553e-01 1.463414715836443836e-01 8.191484310736724117e-01 1.208790515706980317e-01 1.304347034474676592e-01 6.593402515700175215e-02 1.304347132627830252e-01 6.593403095665477387e-02 4.411761113187108452e-02
5.220800792945231583e-01 5.499757984482247508e-01 9.838709703404052709e-01 1.463414649936727319e-01 8.191487520539303402e-01 1.208790956152178686e-01 1.304347547203345004e-01 6.593405155712264709e-02 1.304347460663966562e-01 6.593404642806802163e-02 4.411764620476078119e-02
5.544522780763020409e-01 5.293680353889952395e-01 9.838707080229444069e-01 1.463413904154565459e-01 8.191457278003584364e-01 1.208786796373828715e-01 1.304335434343195377e-01 6.593336132017772744e-02 1.304307546298331399e-01 6.593170657536495671e-02 4.411716574714573402e-02
8.765607726523003684e-01 4.120173387275140597e-01 9.838651022529212309e-01 1.463407006964696222e-01 8.191251298078574550e-01 1.208758476017950806e-01 1.304161730704813393e-01 6.592315192146012970e-02 1.303617609787742770e-01 6.589085886114501300e-02 4.411049336437535690e-02
9.358744595533101673e-01 3.870342812344136907e-01 9.838637885492715895e-01 1.463414601948308247e-01 8.191488518081486703e-01 1.208791092853321175e-01 1.304178581287016025e-01 6.592385760113118887e-02 1.303564506422142388e-01 6.588738003350369521e-02 4.411217282515871724e-02
9.773722702227966019e-01 3.445311732325265774e-01 9.838694566603426450e-01 1.463414588683625561e-01 8.191487738801151997e-01 1.208790985523500450e-01 1.304310117619159048e-01 6.593179592078021733e-02 1.304174393055346215e-01 6.592373119762150180e-02 4.411646044755067331e-02
9.886678738359436780e-01 3.331708224106189054e-01 9.838710130692627231e-01 1.463414609649938691e-01 8.191488260537618249e-01 1.208791057761277321e-01 1.304346642992111061e-01 6.593399742516276030e-02 1.304344254776018119e-01 6.593385648325930659e-02 4.411762605997308212e-02
