2.507751227128568461e-01 6.083016069521615110e-01 9.838136307452378659e-01 1.463467679178988845e-01 8.188492166082810275e-01 1.208379229971080493e-01 1.302716864506234806e-01 6.584263900740069952e-02 1.303882626269897704e-01 6.591151362882646803e-02 4.409167077376652255e-02
3.128898680129754140e-01 6.177105574380190589e-01 9.838362515145443465e-01 1.463497538051606595e-01 8.186806344198858110e-01 1.208147504139884532e-01 1.302854546825165105e-01 6.585226619318719499e-02 1.303668235345428195e-01 6.590034862657828674e-02 4.407704774428006927e-02
4.691349228619298706e-01 6.464126784448678276e-01 9.838695389606697539e-01 1.463417358845924554e-01 8.191335396306734795e-01 1.208770046830026784e-01 1.304293267994729444e-01 6.593106096135807614e-02 1.304325263313860783e-01 6.593295105739384321e-02 4.411631261607980997e-02
4.945755845165317188e-01 6.482671784141625926e-01 9.838709606288167375e-01 1.463414643563969719e-01 8.191488713210975936e-01 1.208791122611253960e-01 1.304347582736071764e-01 6.593405247523530244e-02 1.304347733478081750e-01 6.593406137604312933e-02 4.411764252242428991e-02
5.090377199837042843e-01 6.370456605250613968e-01 9.838709684529017840e-01 1.463414634964088357e-01 8.191488452112040131e-01 1.208791085519218406e-01 1.304347690783854985e-01 6.593405891659379070e-02 1.304347649950334531e-01 6.593405649212197295e-02 4.411764660609567706e-02
5.470353362480198101e-01 6.076481039931942441e-01 9.838708688223098964e-01 1.463413611652437940e-01 8.191453890815934002e-01 1.208786329751313643e-01 1.304338814078449815e-01 6.593356902056184132e-02 1.304324100385211571e-01 6.593269598347442639e-02 4.411722054300785262e-02
8.061418194369819323e-01 4.613759898667583181e-01 9.838692299042326450e-01 1.463364220234373847e-01 8.189933924811204635e-01 1.208577337808913604e-01 1.304016632377256180e-01 6.591615282410503984e-02 1.303599938661596791e-01 6.589143493320662182e-02 4.409949934848010622e-02
9.487436786528347099e-01 3.737829531267000682e-01 9.838659835910966711e-01 1.463411745556706389e-01 8.191400393879875175e-01 1.208778976442180936e-01 1.304211700376086414e-01 6.592596795228208850e-02 1.303768283572708242e-01 6.589964434365455648e-02 4.411280397464808350e-02
9.875975853380111191e-01 3.349001759258860567e-01 9.838707488293063630e-01 1.463414610768354329e-01 8.191488307819623227e-01 1.208791064218541211e-01 1.304342557729628316e-01 6.593374971913396054e-02 1.304324253442567527e-01 6.593266165464947703e-02 4.411749573252547046e-02
9.891128352959681624e-01 3.333508728682881839e-01 9.838709654747599398e-01 1.463414633097318840e-01 8.191489040809876165e-01 1.208791164888467079e-01 1.304347713649954554e-01 6.593405965189295947e-02 1.304347496854209865e-01 6.593404674445123292e-02 4.411764555891944939e-02
